4.096172859410632805e-01
4.098533952243728629e-01
4.103266370284929798e-01
4.110390500291892790e-01
4.119936722808045793e-01
4.131945160047075793e-01
4.146465319648773296e-01
4.163555618874054121e-01
4.183282772085170076e-01
4.205721023909991807e-01
4.230951211428494729e-01
4.259059641088856485e-01
4.290136769827508911e-01
4.324275684926214280e-01
4.361570383308136512e-01
4.402113858004405023e-01
4.445996007104262016e-01
4.493301388280827036e-01
4.544106849578057328e-01
4.598479074163361324e-01
4.656472082820642955e-01
4.718124742748309175e-01
4.783458334466616502e-01
4.852474230144457890e-01
4.925151736338669872e-01
5.001446152016699731e-01
5.081287088922307182e-01
5.164577096052727079e-01
5.251190623521293510e-01
5.340973353706367499e-01
5.433741919675415533e-01
5.529284022751737027e-01
5.627358953053114288e-01
5.727698509113140490e-01
5.830008305464832175e-01
5.933969450419038782e-01
6.039240570235473449e-01
6.145460150436907742e-01
6.252249160095614267e-01
6.359213920450943469e-01
6.465949175135592419e-01
6.572041315565714248e-01
6.677071711712794233e-01
6.780620095612513998e-01
6.882267942739472844e-01
6.981601795010418110e-01
7.078216468943716588e-01
7.171718093690615525e-01
7.261726926540221783e-01
7.347879898308002922e-01
7.429832847873988344e-01
7.507262414039594933e-01
7.579867563660704910e-01
7.647370747357419285e-01
7.709518687497071143e-01
7.766082816947468270e-01
7.816859400540817626e-01
7.861669383458174121e-01
7.900358021024723731e-01
7.932794351958971646e-01
7.958870581341167538e-01
7.978501440054387439e-01
7.991623584039873052e-01
7.998195089495286902e-01
