1.429905072246752809e-05
4.162784353736664954e-04
8.258493585625348342e-04
1.279282504413497158e-03
1.724280607444826554e-03
2.166748197630268078e-03
2.622711856327120550e-03
3.060118420820780259e-03
3.517769088081561159e-03
3.983011293880006978e-03
4.425478884065443298e-03
4.890721089863891285e-03
5.347528252842702334e-03
5.783247808772431012e-03
6.245959501724988525e-03
6.701923160421836660e-03
7.162104340528501964e-03
7.629877059172846497e-03
8.090058239279517005e-03
8.549395915104229804e-03
9.021386155158390638e-03
9.483254343828989574e-03
9.955244583883148674e-03
1.040108619119644445e-02
1.087813745694238624e-02
1.133916214133102313e-02
1.182296144133267515e-02
1.229663868995075487e-02
1.278212499851632232e-02
1.326592429851796914e-02
1.372947949575249564e-02
1.422171383857377160e-02
1.468442553152633778e-02
1.516738132724601736e-02
1.563431054160839551e-02
1.612485787586574737e-02
1.660022213304776506e-02
1.710342203153456669e-02
1.757119475017891036e-02
1.806174208443626569e-02
1.854132386302809535e-02
1.906729837712790865e-02
1.955615870282133295e-02
2.005682808846224671e-02
2.056171499551297938e-02
2.106660190256371204e-02
2.156052325394891556e-02
2.203841802397682459e-02
2.252643484538827123e-02
2.303216525672096421e-02
2.355392224941096554e-02
2.406471368643542733e-02
2.457634862774186676e-02
2.508714006476634242e-02
2.563841970732504832e-02
2.617198575996253565e-02
2.667771617129523209e-02
2.724417889092928605e-02
2.773978725087841712e-02
2.830624997051246414e-02
2.888114773296616283e-02
2.940037421281027283e-02
2.996093240247054562e-02
3.044979272816401503e-02
3.094877510524097694e-02
3.150258526064557418e-02
3.205133439035839915e-02
3.257899591302215736e-02
3.313955410268244056e-02
3.364106699260533545e-02
3.418306808806244323e-02
3.466939790090995538e-02
3.516838027798695199e-02
3.570110282634247900e-02
3.620177221198337542e-02
3.670497211047019093e-02
3.722841611172413023e-02
3.772824199308305593e-02
3.824831197720914011e-02
3.876585144848933989e-02
3.921506707293048732e-02
3.970561440718787388e-02
4.021640584421236342e-02
4.068080454572885890e-02
4.120340504270080667e-02
4.169563938552210691e-02
4.216847312985826102e-02
4.269191713111217951e-02
4.319596053388097268e-02
4.368482085957439004e-02
4.419392528803496589e-02
4.469206416082997790e-02
4.518008098224147312e-02
4.570605549634127601e-02
4.622359496762148273e-02
4.674872597743930103e-02
4.726626544871951469e-02
4.771042004746885168e-02
4.819253233890660043e-02
4.871850685300638945e-02
4.927062999984711117e-02
4.979407400110101578e-02
5.029896090815177967e-02
5.078276020815343517e-02
5.131295224366309166e-02
5.187519744188728160e-02
5.238092785321999539e-02
5.291280689729354475e-02
5.341431978721644658e-02
5.397066045546692475e-02
5.450338300382246565e-02
5.502429649223050667e-02
5.553340092069104783e-02
5.606274945191874748e-02
5.661487259875939981e-02
5.714084711285923046e-02
5.764826453275591345e-02
5.817592605541959533e-02
5.874660629646352716e-02
5.926836328915348340e-02
5.979939882894506203e-02
6.031693830022524794e-02
6.085640888283654765e-02
6.137816587552651082e-02
6.190667090247223975e-02
6.245542003218516186e-02
6.300163864905200528e-02
6.349556000043728166e-02
6.404177861730421528e-02
6.452810843015174824e-02
6.508107508127440599e-02
6.559186651829884696e-02
6.613049359662818982e-02
6.664465905078048591e-02
6.716979006059829727e-02
6.771263466033740352e-02
6.824367020012893359e-02
6.877386223563858314e-02
6.928887119407282913e-02
6.981147169104483241e-02
7.036275133360352096e-02
7.088450832629354659e-02
7.142482241318669212e-02
7.195585795297829157e-02
7.247930195423216149e-02
7.299346740838449921e-02
7.351522440107451095e-02
7.404794694942998246e-02
7.461356616478204140e-02
7.511423555042294475e-02
7.566467168869972504e-02
7.616871509146846964e-02
7.670228114410591880e-02
7.722825565820566618e-02
7.775085615517757232e-02
7.824983853225460362e-02
7.879521364483949020e-02
7.933890174886057411e-02
7.986487626296036313e-02
8.039759881131580688e-02
8.093538238536311658e-02
8.145376536092517605e-02
8.199154893497252738e-02
8.251330592766245586e-02
8.302409736468695234e-02
8.359477760573079397e-02
8.412328263267641881e-02
8.462563902688124973e-02
8.516595311377446464e-02
8.566830950797922617e-02
8.617403991931185669e-02
8.675062469032955581e-02
8.727997322155711668e-02
8.777473807722424581e-02
8.830661712129773966e-02
8.884018317393527209e-02
8.938471478223822264e-02
8.989888023639046322e-02
9.042485475049029386e-02
9.095167276887206054e-02
9.146330771017850692e-02
9.195216803587186183e-02
9.248151656709954760e-02
9.303617022678604964e-02
9.354696166381049061e-02
9.407631019503814862e-02
9.458878864062655878e-02
9.511307614616244799e-02
9.564495519023591408e-02
9.616839919148989502e-02
9.668172114136021345e-02
9.720600864689607490e-02
9.765185025420941578e-02
9.812890151995526389e-02
9.861776184564868819e-02
9.913277080408296194e-02
9.967477189954009054e-02
1.002015899179219266e-01
1.007031028078447521e-01
1.012105202277413102e-01
1.017584258531721852e-01
1.022506601959934092e-01
1.027791652229391728e-01
1.032334418730720821e-01
1.037602598914539320e-01
1.042853909012717156e-01
1.047379805428406280e-01
1.052040662529210857e-01
1.057376323055585349e-01
1.062585457939665273e-01
1.067524671453517759e-01
1.072531365309927487e-01
1.077689889937090556e-01
1.082907459863989702e-01
1.087315265680204451e-01
1.091216968927242459e-01
1.096442973896962214e-01
1.101888289979991858e-01
1.107105859906891698e-01
1.111673931536680121e-01
1.116191392909550856e-01
1.121307742322616013e-01
1.125943294294961816e-01
1.130865637723174055e-01
1.135459014481420559e-01
1.140077696368125143e-01
1.145067520138896011e-01
1.149584981511766191e-01
1.154195228355652941e-01
1.158442768358294017e-01
1.162875879302969900e-01
1.167427080847118492e-01
1.171733666149497449e-01
1.176293302736467206e-01
1.181333736764153819e-01
1.185766847708828037e-01
1.190107173182485129e-01
1.194405323442045558e-01
1.198475727545474379e-01
1.202917273532969622e-01
1.206852716951284654e-01
1.211268957810318625e-01
1.215971990125222363e-01
1.219283240374884753e-01
1.224138103460539612e-01
1.228815830646982771e-01
1.232886234750412979e-01
1.237766402964526891e-01
1.241280094241861420e-01
1.244987791504047064e-01
1.248931669965183539e-01
1.253229820224742996e-01
1.256642290988241595e-01
1.260923571162162193e-01
1.265339812021196719e-01
1.269882578522525673e-01
1.274121683482347112e-01
1.277829380744531229e-01
1.281444292535701968e-01
1.286046104336766860e-01
1.289745366556133421e-01
1.292702345007374076e-01
1.296966755095654289e-01
1.300860023299870993e-01
1.305107563302514706e-01
1.308536904151651470e-01
1.313172456123996579e-01
1.316956068771560073e-01
1.320857772018596277e-01
1.324000321411867021e-01
1.327429662261005450e-01
1.331086749266272851e-01
1.335654820896060857e-01
1.338915460888807640e-01
1.342496632508698162e-01
1.345588571645050802e-01
1.349060087708286726e-01
1.352480993514606489e-01
1.356483917275478901e-01
1.360242224794581956e-01
1.363747481029097819e-01
1.366982815893383330e-01
1.371500277266252954e-01
1.375123624100242359e-01
1.378013122208924524e-01
1.380877315189145971e-01
1.384306656038283567e-01
1.387331114832078272e-01
1.391021942008625889e-01
1.394004225588321988e-01
1.396910593782641763e-01
1.399800091891323373e-01
1.403710230181179075e-01
1.408531353095555383e-01
1.412331835828757598e-01
1.416241974118613023e-01
1.419654444882112732e-01
1.422780124189743645e-01
1.425905803497374280e-01
1.429638805888018283e-01
1.433295892893286239e-01
1.437104810669306842e-01
1.440483541261527722e-01
1.445245618876167260e-01
1.450083611876185619e-01
1.456102510870950772e-01
1.462517856878238487e-01
1.469177819127294726e-01
1.475264198464617538e-01
1.480135931635912505e-01
1.485682468232779052e-01
1.491296485172199093e-01
1.497593740580013266e-01
1.502482343836949175e-01
1.508408457360698174e-01
1.514967199095917372e-01
1.521913952800844627e-01
1.528860706505769107e-01
1.536794360220590794e-01
1.543791724182432823e-01
1.549760012920280428e-01
1.554530525577741129e-01
1.559984276703589023e-01
1.566214051768846371e-01
1.573059584959935753e-01
1.579803897637187815e-01
1.585670965861198933e-01
1.591352463143179685e-01
1.598931845059576862e-01
1.604562732084638954e-01
1.611146778948316927e-01
1.617823611283014384e-01
1.624449833360794571e-01
1.629987934914840508e-01
1.636091184337800930e-01
1.642683666244302565e-01
1.649039966951852954e-01
1.654063530893900846e-01
1.661195855540857635e-01
1.669019853699023059e-01
1.676152178345980959e-01
1.681892720927699314e-01
1.688088755821677833e-01
1.695313865939649667e-01
1.702994468369883607e-01
1.709477294719727869e-01
1.715757680041901101e-01
1.721709098694108597e-01
1.727727997688875416e-01
1.733991512925409650e-01
1.741191317914921599e-01
1.747783799821422124e-01
1.755076390281952725e-01
1.762832908097562989e-01
1.770260459243207518e-01
1.777401218932984361e-01
1.783453858099027789e-01
1.791210375914635833e-01
1.799338035614308495e-01
1.806461925218445785e-01
1.813990696877925690e-01
1.820279517242919809e-01
1.825227165799590823e-01
1.831423200693566289e-01
1.838580830468984073e-01
1.845561324345186549e-01
1.851875449838638610e-01
1.858147400117993731e-01
1.865608691434915978e-01
1.872471094711642969e-01
1.880067346713679699e-01
1.886373037164310873e-01
1.892771513085959867e-01
1.898832587294823626e-01
1.904379123891690451e-01
1.910204016901603796e-01
1.916678408208628281e-01
1.923237149943850810e-01
1.930681571175133227e-01
1.937223442824715924e-01
1.944262982000656836e-01
1.950998859635090510e-01
1.958156489410504686e-01
1.965778046541000190e-01
1.973230902815102938e-01
1.980650018917927968e-01
1.986879793983183651e-01
1.992266064766475830e-01
1.998850111630154913e-01
2.005535379007672425e-01
2.011537407916798581e-01
2.017859968453070418e-01
2.024874202500553111e-01
2.030623180125089577e-01
2.036954175704181191e-01
2.042272966144917934e-01
2.049034148907808439e-01
2.056098993212208126e-01
2.062607124690511717e-01
2.070043110878976855e-01
2.076399411586528632e-01
2.083894443074729985e-01
2.090630320709164214e-01
2.097897606041232987e-01
2.105645688814022642e-01
2.112600877561767732e-01
2.119117444082890822e-01
2.125735231117849844e-01
2.132842250636348969e-01
2.139662478698977355e-01
2.145959734106790973e-01
2.152400385242536629e-01
2.158900081678021554e-01
2.165138291786096458e-01
2.171933214720269401e-01
2.178028029100410323e-01
2.185506190502971569e-01
2.192385463865337281e-01
2.199669619283047550e-01
2.207181520856888735e-01
2.213284770279850544e-01
2.219826641929431577e-01
2.226039546909049094e-01
2.231687304019750184e-01
2.238043604727299463e-01
2.245361500316285785e-01
2.252266078807114158e-01
2.259010391484367608e-01
2.266117411002863957e-01
2.272161615126092327e-01
2.278981843188720158e-01
2.285734590908792274e-01
2.292571689057060214e-01
2.298927989764612545e-01
2.305258985343705547e-01
2.311058573225157065e-01
2.318224638043393238e-01
2.324952080635006857e-01
2.331342121513837740e-01
2.337495981193720151e-01
2.344527085326837679e-01
2.350141102266257720e-01
2.356615493573284148e-01
2.363452591721556251e-01
2.370736747139267908e-01
2.377801591443666485e-01
2.383820490438431916e-01
2.390379232173650004e-01
2.397089804679626013e-01
2.403893162656618454e-01
2.409313173611188352e-01
2.415762259789754063e-01
2.422540312638284954e-01
2.429115924459150366e-01
2.435092648239816637e-01
2.441541734418383458e-01
2.447628113755706269e-01
2.454127810191185921e-01
2.460694986969229336e-01
2.466899456906027355e-01
2.473854645653772166e-01
2.480303731832339265e-01
2.486710642796803872e-01
2.492974158033341991e-01
2.499549769854206571e-01
2.506125381675065045e-01
2.512540727682351926e-01
2.519099469417570014e-01
2.524958102598765519e-01
2.531373448606054066e-01
2.537586353585669641e-01
2.543571512409156798e-01
2.549615716532378507e-01
2.555938277068653397e-01
2.561889695720862559e-01
2.567022915219565604e-01
2.572965898828954434e-01
2.578537740554281421e-01
2.584286718178813169e-01
2.590702064186104492e-01
2.596290775997067701e-01
2.602191584392356538e-01
2.607594725261289104e-01
2.612862905445106909e-01
2.618974589910886830e-01
2.624478951293654494e-01
2.629747131477473965e-01
2.635580459530209585e-01
2.641186041426810127e-01
2.646918148965705098e-01
2.652557471033590852e-01
2.658112442673273845e-01
2.663481843370928970e-01
2.669475437237237014e-01
2.674768922549513039e-01
2.680998697614767057e-01
2.686595844468548377e-01
2.692294211836165352e-01
2.697967274075325772e-01
2.703851212384978941e-01
2.708757090948260560e-01
