4.077774213858720992e-02
3.776645024099805487e-02
3.542985691400435400e-02
3.340106703230825286e-02
3.156638213877883958e-02
2.985324784670096571e-02
2.825705584735741654e-02
2.678354462377944417e-02
2.540915994264990665e-02
2.410376906082489432e-02
2.287649894700055295e-02
2.172066014884988655e-02
2.063240538696626755e-02
1.960329662841223813e-02
1.862785306111202493e-02
1.768751934040344378e-02
1.680626535674840938e-02
1.596979250275089648e-02
1.517237031844363877e-02
1.441878315253101832e-02
1.369941798380381465e-02
1.302230740575836994e-02
1.238394913287381785e-02
1.177410453968481298e-02
1.120001567989312337e-02
1.065564122311047322e-02
1.013406534672701281e-02
9.643960204846801013e-03
9.178277107953665415e-03
8.734556426023472667e-03
8.314831153185152021e-03
7.916686350046791068e-03
7.541250444266865693e-03
7.185182355813846296e-03
6.846140826924597932e-03
6.523734931884507711e-03
6.220347320580094791e-03
5.931320081200121622e-03
5.655473893176737703e-03
5.395004781576571810e-03
5.150239394083843715e-03
4.920067684000704357e-03
4.703088679934972274e-03
4.498155898615373294e-03
4.292814412637206353e-03
4.105750487169696969e-03
3.927913077610150835e-03
3.763077780939528411e-03
3.611171055397019696e-03
3.469270896925297047e-03
3.334866394950427963e-03
3.209933366648388183e-03
3.092693799446253212e-03
2.983569798174803746e-03
2.880519120833104161e-03
2.782776215713223585e-03
2.692136095281977108e-03
2.606940076731450919e-03
2.526231659221475027e-03
2.450085744900808854e-03
2.378410163233133246e-03
2.311160177087328346e-03
2.247614778600786484e-03
2.177415164961829172e-03
2.122411681533743332e-03
2.071456099963483403e-03
2.024364783198358449e-03
1.979391723485737081e-03
1.937779157504227910e-03
1.899096139072935317e-03
1.862986512347558112e-03
1.825789195643613477e-03
1.793677393086491557e-03
1.764188652987976058e-03
1.737528697106087384e-03
1.711381189042317924e-03
1.687791233838728663e-03
1.665821210030099054e-03
1.645063012886194059e-03
1.626009161150556532e-03
1.607572766592998102e-03
1.589435334045262308e-03
1.573762404288862838e-03
1.559152912615783789e-03
1.545338445201706497e-03
1.532678369165464032e-03
1.520028180116370911e-03
1.508684976803316121e-03
1.498033683523199372e-03
1.487472254169883374e-03
1.477584286626042664e-03
1.468170599636552196e-03
1.459089590765186122e-03
1.450328078705688311e-03
1.441282952698516974e-03
1.432561828215559449e-03
1.424374324457109570e-03
1.416531666745131715e-03
1.408946588997202470e-03
1.401095007256310558e-03
1.393663620514524158e-03
1.386379036199091768e-03
1.379377610040737317e-03
1.372628554848935546e-03
1.365932364574985475e-03
1.359419771093844107e-03
1.353058616311212650e-03
1.346760656560252577e-03
1.340544664044144262e-03
1.334429375578987656e-03
1.328474125616796757e-03
1.322661839029775493e-03
1.316938719405956817e-03
1.311369219065082860e-03
1.305774449503101405e-03
1.300406751052200728e-03
1.295012474005933795e-03
1.289751231382782731e-03
1.284526683789858313e-03
1.279452043835502869e-03
1.274398908038511290e-03
1.269539242502258809e-03
1.264588106636421998e-03
1.259731445529286686e-03
1.255044767153906888e-03
1.250411364729787488e-03
1.245853111656514004e-03
1.241415535689912404e-03
1.237035271480914182e-03
1.232785751795769649e-03
1.228579113370509854e-03
1.224416384466370071e-03
1.220329074213970287e-03
1.216453294645694497e-03
1.212521723295262267e-03
1.208689293132352580e-03
1.204877649558948110e-03
1.201180077185530579e-03
1.197569799244273519e-03
1.193960076668172882e-03
1.190421505505303516e-03
1.186855319153378753e-03
1.183389900541149649e-03
1.179992124863068819e-03
1.176734837172619882e-03
1.173562460660687937e-03
1.170460843047058065e-03
1.167400102252506237e-03
1.164339125767326370e-03
1.161381268752609318e-03
1.158437908279819420e-03
1.155625046162358192e-03
1.152759382242961187e-03
1.150069977483477281e-03
1.147412696666523513e-03
1.144725776904398969e-03
1.142155308286780602e-03
1.139656420682420715e-03
1.137188968124762563e-03
1.134751959778841288e-03
1.132419045911261732e-03
1.129278367508375564e-03
1.126899412562879042e-03
1.124654304312241527e-03
1.122440577311139805e-03
1.120205458596466343e-03
1.118128533176363871e-03
1.116118920734420492e-03
1.114159994059317482e-03
1.112237684796117459e-03
1.110415665108916957e-03
1.108571954289711741e-03
1.106765800528796036e-03
1.105008340986610464e-03
1.103339840121615560e-03
1.101723089563774998e-03
1.100001357880245811e-03
1.098436373539881912e-03
1.096909461256806049e-03
1.095281427661027500e-03
1.093814084096555918e-03
1.092378094307759487e-03
1.091002253868786223e-03
1.089612761127871452e-03
1.088309993358189953e-03
1.087042226600414517e-03
1.085763007837529459e-03
1.084506734414988731e-03
1.083394439320523213e-03
1.082306702891963927e-03
1.081240187946294184e-03
1.080116045490581243e-03
1.077131519880992041e-03
1.075706590447819602e-03
1.074553870696915835e-03
1.073556179495976926e-03
1.072627202049450997e-03
1.071729612372358548e-03
1.070887979151468857e-03
1.070049665982365176e-03
1.069263688543391991e-03
1.068340661429096911e-03
1.067433578928460519e-03
1.066676520440368228e-03
1.066014163491561979e-03
1.065366068470029225e-03
1.064739266964266542e-03
1.064073706151186152e-03
1.063518989890628510e-03
1.063010037666120306e-03
1.062526060075681894e-03
1.062071621065137188e-03
1.061576443279032460e-03
1.060792068037406076e-03
1.060342296098048783e-03
1.059848756768634256e-03
1.059425013123476171e-03
1.059050453464279980e-03
1.058652139008080424e-03
1.058283524223853703e-03
1.057577826302317017e-03
1.057231533424804384e-03
1.056918593532956080e-03
1.056614458761753837e-03
1.056357568968852891e-03
1.056104986983957437e-03
1.055881979141922540e-03
1.055637249323772460e-03
1.055413394527845126e-03
1.055200905738381276e-03
1.055030267932188575e-03
1.054708318731747497e-03
1.054520270783378556e-03
1.054369027963063818e-03
1.054121062376113917e-03
1.053980603192895740e-03
1.053837080965209973e-03
1.053690701849282823e-03
1.053551750531889252e-03
1.053438931628706762e-03
1.053353155068454533e-03
1.053257759998546452e-03
1.053155607873773733e-03
1.053072377283010988e-03
1.052389972887362831e-03
1.052274412900300934e-03
1.052189647064943109e-03
1.052093374535008515e-03
1.052026466073040798e-03
1.051953898038636512e-03
1.051896829246952653e-03
1.051777067517896706e-03
1.051721961156831244e-03
1.051652416462605429e-03
1.051581623069176331e-03
1.051483193533951643e-03
1.051434195111188019e-03
1.051396324370982563e-03
1.051348650815915609e-03
1.051313830394946932e-03
1.051278221692531628e-03
1.051249319172225518e-03
1.051213378282397437e-03
1.051185439260906998e-03
1.051151484041443164e-03
1.051126910969979456e-03
1.051098614639545950e-03
1.051078152723548213e-03
1.051054933803313588e-03
1.051036950397637743e-03
1.051017118533052524e-03
1.050993395043514677e-03
1.050969941195014409e-03
1.050956564558225498e-03
1.050932485717973736e-03
1.050919579834431756e-03
1.050906675480654589e-03
1.050895264628538958e-03
1.050879434903165570e-03
1.050857073213780617e-03
1.050840297314809641e-03
1.050832447400843177e-03
1.050820167993567027e-03
1.050809917157716515e-03
1.050804189393057895e-03
1.050800787332935998e-03
1.050796879088535581e-03
1.050793619063629088e-03
1.050784959870048815e-03
1.050778163784417494e-03
1.050775342487522170e-03
1.050772096064797123e-03
1.050762307880162777e-03
1.050723146442947764e-03
1.050718210445992628e-03
1.050710745988690364e-03
1.050705384490337440e-03
1.050703712601543365e-03
1.050702603505730562e-03
1.050700193535935006e-03
1.050699311953025685e-03
1.050698182499271204e-03
1.050695912941604837e-03
1.050693190646064153e-03
1.050691687121948180e-03
1.050689865841203906e-03
1.050672366679593047e-03
1.050670421077926726e-03
1.050656664370167026e-03
1.050645135434312210e-03
1.050642334807312369e-03
1.050640734563327737e-03
1.050639477349695492e-03
1.050636916611150671e-03
1.050636211311573465e-03
1.050636031344418788e-03
1.050635179104055655e-03
1.050633545706687556e-03
1.050632787013942859e-03
1.050631434531808326e-03
1.050627412834494829e-03
1.050618019581055218e-03
1.050612631079647771e-03
1.050608487460424640e-03
1.050607060451238693e-03
1.050606468330396535e-03
1.050605570053884767e-03
1.050603052800248762e-03
1.050602265782545151e-03
1.050595643200177018e-03
1.050589314522085670e-03
1.050588629799622262e-03
1.050582909188915552e-03
1.050575901340102588e-03
1.050571300531810952e-03
1.050569601852997022e-03
1.050567800837053437e-03
1.050559591393938549e-03
1.050557906609839859e-03
1.050556906827964949e-03
1.050555028030169006e-03
1.050554192331678563e-03
1.050553320650906945e-03
1.050549776902108632e-03
1.050549816746702619e-03
1.050544671143893542e-03
1.050540435549231644e-03
1.050533857665101245e-03
1.050531213767153882e-03
1.050527310987222403e-03
1.050525845013623163e-03
1.050524956991819069e-03
1.050524308516103886e-03
1.050523018058210131e-03
1.050520418611963552e-03
1.050519346729182667e-03
1.050508609160259905e-03
1.050506981076024119e-03
1.050506395690574152e-03
1.050504927356578746e-03
1.050505078148434527e-03
1.050501098170388611e-03
1.050485069987549917e-03
1.050480575227824478e-03
1.050477152617485671e-03
1.050475219719679667e-03
1.050470534967112022e-03
1.050467005240207381e-03
1.050465991964017647e-03
1.050465151230984759e-03
1.050464314451713451e-03
1.050396456857806459e-03
1.050391067803599018e-03
1.050307211991537929e-03
1.050296932840791850e-03
1.050292468470118579e-03
1.050279777081451369e-03
1.050275304436934466e-03
1.050274561061267887e-03
1.050268283574316191e-03
1.050266744864720905e-03
1.050264597628304672e-03
1.050264002581786319e-03
1.050262461392044520e-03
1.050261658101967052e-03
1.050260179236591840e-03
1.050256903112403066e-03
1.050251023794620446e-03
1.050243726697754672e-03
1.050240862670086435e-03
1.050234108035563501e-03
1.050226281472939165e-03
1.050222982732867049e-03
1.050217002887621339e-03
1.050213608108591622e-03
1.050203630262090768e-03
1.050201044878740870e-03
1.050199222096672574e-03
1.050185077760833283e-03
1.050182426657024146e-03
1.050176710500904959e-03
1.050175769858406605e-03
1.050172678871617816e-03
1.050166476251908733e-03
1.050164236954734178e-03
1.050160106523739117e-03
1.050151285773499952e-03
1.050135734334551934e-03
1.050118138706767268e-03
1.050085460942901984e-03
1.050069953082683350e-03
1.050065634399979363e-03
1.050058180477002464e-03
1.050047487448663381e-03
1.050032042119460052e-03
1.049988063557031129e-03
1.049978463783817362e-03
1.049971592210474257e-03
1.049959149046261709e-03
1.049952405544427730e-03
1.049947768169353941e-03
1.049935931653772463e-03
1.049919826072288984e-03
1.049893383989204459e-03
1.049850808320052127e-03
1.049845542710898562e-03
1.049835704154181192e-03
1.049812325775292170e-03
1.049800745736874201e-03
1.049772608232230238e-03
1.049753797865456270e-03
1.049766472927290148e-03
1.048539148290416213e-03
1.048509484934740353e-03
1.048288650074200717e-03
1.048057891748200047e-03
1.047992517130971052e-03
1.047858151119985051e-03
1.047756602754245335e-03
1.047696092636981506e-03
1.047645503836568646e-03
1.045765882156488415e-03
1.045521633868462270e-03
1.045464529332941050e-03
1.045409791603016609e-03
1.045384661692874001e-03
1.045372608633953057e-03
1.045307559149020581e-03
1.045229764813660487e-03
1.045119854435010544e-03
1.044818791407404763e-03
1.044833154684024273e-03
1.044431426311775773e-03
1.044471585227790865e-03
1.044379444905697797e-03
1.044025777836401483e-03
1.044170829442011032e-03
1.044429596182490675e-03
1.044738696151350024e-03
1.045059830184769762e-03
1.045062553884962449e-03
1.046625705191263486e-03
1.047858910858329553e-03
1.051041822789220174e-03
1.053757597318312001e-03
1.056883945364776910e-03
1.061868473498000023e-03
1.066804244279132268e-03
1.072518761720679106e-03
1.077624092748471346e-03
1.089376975783933662e-03
1.111649551793422296e-03
1.130738846423945095e-03
1.164496158574159120e-03
1.197756449998820883e-03
1.245203429303633723e-03
1.299627788716669480e-03
1.381310240367500820e-03
1.479735304653589500e-03
1.568444016926974580e-03
1.666573729369572304e-03
1.781726724277419910e-03
1.946266250783080598e-03
2.162613348321853861e-03
2.380824762734622124e-03
2.662846516968171793e-03
2.981476605325530851e-03
3.392330456400880889e-03
3.833251308657679036e-03
4.432315991820027189e-03
5.317002331469231763e-03
6.197439220946876146e-03
7.158163272193638661e-03
8.331104168649527270e-03
9.876657449937643191e-03
1.126181577171150514e-02
1.338303622891604330e-02
1.514860550810716820e-02
1.840656173894813369e-02
2.174446370696144284e-02
2.636083672311452519e-02
