4.014376414689482536e-06
4.455957820305329604e-04
8.871771876463715924e-04
1.328758593262220795e-03
1.770339998878069131e-03
2.211921404493896650e-03
2.653502810109724386e-03
3.095084215725552122e-03
3.536665621341382026e-03
3.978247026957252262e-03
4.419828432573122932e-03
4.861409838188993603e-03
5.302991243804864273e-03
5.744572649420735810e-03
6.186154055036605613e-03
6.627735460652475416e-03
7.069316866268346086e-03
7.510898271884216756e-03
7.952479677500087427e-03
8.394061083115958097e-03
8.835642488731828767e-03
9.277223894347699437e-03
9.718805299963570107e-03
1.016038670557944078e-02
1.060196811119531145e-02
1.104354951681118038e-02
1.148513092242705279e-02
1.192671232804292346e-02
1.236829373365879239e-02
1.280987513927466306e-02
1.325145654489053373e-02
1.369303795050640614e-02
1.413461935612227507e-02
1.457620076173814574e-02
1.501778216735401468e-02
1.545936357296988535e-02
1.590094497858575776e-02
1.634252638420162496e-02
1.678410778981749563e-02
1.722568919543336977e-02
1.766727060104924044e-02
1.810885200666510764e-02
1.855043341228097831e-02
1.899201481789685245e-02
1.943359622351272312e-02
1.987517762912859032e-02
2.031675903474446099e-02
2.075834044036033166e-02
2.119992184597620580e-02
2.164150325159207300e-02
2.208308465720794714e-02
2.252466606282381434e-02
2.296624746843968501e-02
2.340782887405555915e-02
2.384941027967142635e-02
2.429099168528729702e-02
2.473257309090317116e-02
2.517415449651903836e-02
2.561573590213490556e-02
2.605731730775077970e-02
2.649889871336665037e-02
2.694048011898252451e-02
2.738206152459839171e-02
2.782364293021426238e-02
2.826522433583013305e-02
2.870680574144600372e-02
2.914838714706187092e-02
2.958996855267774506e-02
3.003154995829361573e-02
3.047313136390948987e-02
3.091471276952535707e-02
3.135629417514122774e-02
3.179787558075709841e-02
3.223945698637296908e-02
3.268103839198883975e-02
3.312261979760471042e-02
3.356420120322058109e-02
3.400578260883645176e-02
3.444736401445232243e-02
3.488894542006819310e-02
3.533052682568406377e-02
3.577210823129993444e-02
3.621368963691580511e-02
3.665527104253167578e-02
3.709685244814754645e-02
3.753843385376341019e-02
3.798001525937928780e-02
3.842159666499515847e-02
3.886317807061102914e-02
3.930475947622689981e-02
3.974634088184277048e-02
4.018792228745864115e-02
4.062950369307451182e-02
4.107108509869037555e-02
4.151266650430625316e-02
4.195424790992212383e-02
4.239582931553798756e-02
4.283741072115385823e-02
4.327899212676973584e-02
4.372057353238560651e-02
4.416215493800147718e-02
4.460373634361734091e-02
4.504531774923321158e-02
4.548689915484908919e-02
4.592848056046495986e-02
4.637006196608083053e-02
4.681164337169669426e-02
4.725322477731256493e-02
4.769480618292843560e-02
4.813638758854431321e-02
4.857796899416018388e-02
4.901955039977604761e-02
4.946113180539191828e-02
4.990271321100778895e-02
5.034429461662366656e-02
5.078587602223953723e-02
5.122745742785540790e-02
5.166903883347127163e-02
5.211062023908714230e-02
5.255220164470301297e-02
5.299378305031889058e-02
5.343536445593476125e-02
5.387694586155062498e-02
5.431852726716649565e-02
5.476010867278236632e-02
5.520169007839824393e-02
5.564327148401411460e-02
5.608485288962997833e-02
5.652643429524536328e-02
5.696801570086055394e-02
5.740959710647573766e-02
5.785117851209092832e-02
5.829275991770610510e-02
5.873434132332128882e-02
5.917592272893647948e-02
5.961750413455165626e-02
6.005908554016683998e-02
6.050066694578203064e-02
6.094224835139721436e-02
6.138382975701239114e-02
6.182541116262758180e-02
6.226699256824276552e-02
6.270857397385794230e-02
6.315015537947313295e-02
6.359173678508832361e-02
6.403331819070350039e-02
6.447489959631867718e-02
6.491648100193386783e-02
6.535806240754905849e-02
6.579964381316423527e-02
6.624122521877942593e-02
6.668280662439460271e-02
6.712438803000977949e-02
6.756596943562497015e-02
6.800755084124016081e-02
6.844913224685533759e-02
6.889071365247051437e-02
6.933229505808570503e-02
6.977387646370089569e-02
7.021545786931607247e-02
7.065703927493126313e-02
7.109862068054643991e-02
7.154020208616163057e-02
7.198178349177680735e-02
7.242336489739199801e-02
7.286494630300718867e-02
7.330652770862236545e-02
7.374810911423754223e-02
7.418969051985273289e-02
7.463127192546792354e-02
7.507285333108310033e-02
7.551443473669829098e-02
7.595601614231346776e-02
7.639759754792864455e-02
7.683917895354383520e-02
7.728076035915902586e-02
7.772234176477421652e-02
7.816392317038939330e-02
7.860550457600457008e-02
7.904708598161976074e-02
7.948866738723493752e-02
7.993024879285012818e-02
8.037183019846530496e-02
8.081341160408049562e-02
8.125499300969567240e-02
8.169657441531086306e-02
8.213815582092605372e-02
8.257973722654123050e-02
8.302131863215640728e-02
8.346290003777159794e-02
8.390448144338678860e-02
8.434606284900196538e-02
8.478764425461715604e-02
8.522922566023233282e-02
8.567080706584750960e-02
8.611238847146271413e-02
8.655396987707789092e-02
8.699555128269306770e-02
8.743713268830825835e-02
8.787871409392343514e-02
8.832029549953861192e-02
8.876187690515381645e-02
8.920345831076899323e-02
8.964503971638417001e-02
9.008662112199936067e-02
9.052820252761453745e-02
9.096978393322971423e-02
9.141136533884491877e-02
9.185294674446009555e-02
9.229452815007528621e-02
9.273610955569046299e-02
9.317769096130563977e-02
9.361927236692084431e-02
9.406085377253602109e-02
9.450243517815119787e-02
9.494401658376638853e-02
9.538559798938156531e-02
9.582717939499674209e-02
9.626876080061194663e-02
9.671034220622712341e-02
9.715192361184230019e-02
9.759350501745749085e-02
9.803508642307266763e-02
9.847666782868787216e-02
9.891824923430304894e-02
9.935983063991822573e-02
9.980141204553341638e-02
1.002429934511485932e-01
1.006845748567637699e-01
1.011261562623789745e-01
1.015677376679941513e-01
1.020093190736093280e-01
1.024509004792245187e-01
1.028924818848396955e-01
1.033340632904548723e-01
1.037756446960700629e-01
1.042172261016852536e-01
1.046588075073004304e-01
1.051003889129156210e-01
1.055419703185307978e-01
1.059835517241459885e-01
1.064251331297611652e-01
1.068667145353763420e-01
1.073082959409915466e-01
1.077498773466067233e-01
1.081914587522219001e-01
1.086330401578370908e-01
1.090746215634522676e-01
1.095162029690674443e-01
1.099577843746826489e-01
1.103993657802978257e-01
1.108409471859130024e-01
1.112825285915281931e-01
1.117241099971433699e-01
1.121656914027585744e-01
1.126072728083737512e-01
1.130488542139889280e-01
1.134904356196041186e-01
1.139320170252192954e-01
1.143735984308344722e-01
1.148151798364496767e-01
1.152567612420648535e-01
1.156983426476800303e-01
1.161399240532952210e-01
1.165815054589103977e-01
1.170230868645255745e-01
1.174646682701407790e-01
1.179062496757559558e-01
1.183478310813711465e-01
1.187894124869863233e-01
1.192309938926015001e-01
1.196725752982167046e-01
1.201141567038318814e-01
1.205557381094470581e-01
1.209973195150622488e-01
1.214389009206774256e-01
1.218804823262926024e-01
1.223220637319078069e-01
1.227636451375229837e-01
1.232052265431381605e-01
1.236468079487533511e-01
1.240883893543685279e-01
1.245299707599837047e-01
1.249715521655989092e-01
1.254131335712140860e-01
1.258547149768292905e-01
1.262962963824444673e-01
1.267378777880596441e-01
1.271794591936748209e-01
1.276210405992899977e-01
1.280626220049051744e-01
1.285042034105203790e-01
1.289457848161355558e-01
1.293873662217507325e-01
1.298289476273659371e-01
1.302705290329811139e-01
1.307121104385962906e-01
1.311536918442114674e-01
1.315952732498266442e-01
1.320368546554418487e-01
1.324784360610570255e-01
1.329200174666722023e-01
1.333615988722874068e-01
1.338031802779025836e-01
1.342447616835177604e-01
1.346863430891329649e-01
1.351279244947481417e-01
1.355695059003633185e-01
1.360110873059784953e-01
1.364526687115936721e-01
1.368942501172088488e-01
1.373358315228240534e-01
1.377774129284392302e-01
1.382189943340544347e-01
1.386605757396696115e-01
1.391021571452847883e-01
1.395437385508999928e-01
1.399853199565151696e-01
1.404269013621303464e-01
1.408684827677455231e-01
1.413100641733606999e-01
1.417516455789758767e-01
1.421932269845910812e-01
1.426348083902062580e-01
1.430763897958214348e-01
1.435179712014366393e-01
1.439595526070518161e-01
1.444011340126670206e-01
1.448427154182821974e-01
1.452842968238973742e-01
1.457258782295125510e-01
1.461674596351277278e-01
1.466090410407429045e-01
1.470506224463581091e-01
1.474922038519732859e-01
1.479337852575884626e-01
1.483753666632036672e-01
1.488169480688188440e-01
1.492585294744340207e-01
1.497001108800492253e-01
1.501416922856644021e-01
1.505832736912795788e-01
1.510248550968947556e-01
1.514664365025099324e-01
1.519080179081251369e-01
1.523495993137403137e-01
1.527911807193554905e-01
1.532327621249706950e-01
1.536743435305858718e-01
1.541159249362010486e-01
1.545575063418162254e-01
1.549990877474314299e-01
1.554406691530466067e-01
1.558822505586617835e-01
1.563238319642769603e-01
1.567654133698921370e-01
1.572069947755073416e-01
1.576485761811225184e-01
1.580901575867377229e-01
1.585317389923528997e-01
1.589733203979680765e-01
1.594149018035832532e-01
1.598564832091984300e-01
1.602980646148136068e-01
1.607396460204288113e-01
1.611812274260439881e-01
1.616228088316591649e-01
1.620643902372743694e-01
1.625059716428895462e-01
1.629475530485047230e-01
1.633891344541199275e-01
1.638307158597351043e-01
1.642722972653502811e-01
1.647138786709654579e-01
1.651554600765806347e-01
1.655970414821958392e-01
1.660386228878110160e-01
1.664802042934261928e-01
1.669217856990413973e-01
1.673633671046565741e-01
1.678049485102717509e-01
1.682465299158869554e-01
1.686881113215021322e-01
1.691296927271173089e-01
1.695712741327324857e-01
1.700128555383476625e-01
1.704544369439628670e-01
1.708960183495780161e-01
1.713375997551932484e-01
1.717791811608084251e-01
1.722207625664236019e-01
1.726623439720387787e-01
1.731039253776539555e-01
1.735455067832691600e-01
1.739870881888843368e-01
1.744286695944995136e-01
1.748702510001146904e-01
1.753118324057298671e-01
1.757534138113450439e-01
1.761949952169602762e-01
1.766325622461607792e-01
