2.495123924027788445e-03
1.862195838152922150e-03
1.517428790978440217e-03
1.264351193425707238e-03
1.064714890528207190e-03
9.005201207658170828e-04
7.629027453533580080e-04
6.456605171525769959e-04
5.445939831560450825e-04
4.581493496890621381e-04
3.836103771975670125e-04
3.189961225042552682e-04
2.638776013679001195e-04
2.168248978428377388e-04
1.769856884468906958e-04
1.435933562550145487e-04
1.157776436124837832e-04
9.360167531796105762e-05
7.607490830076095651e-05
6.277098384072077580e-05
5.277075244693014652e-05
4.576042070349176029e-05
4.050108809431050307e-05
3.694117186580194237e-05
3.453853343853536222e-05
3.271151356336986910e-05
3.145807833134391638e-05
3.031139035523347348e-05
2.948072148961929543e-05
2.881759233690447296e-05
2.839814889878250278e-05
2.802138263960616573e-05
2.771135505444157621e-05
2.747264501508834522e-05
2.725724030949840530e-05
2.707943668617016444e-05
2.691624167602340594e-05
2.673758572662365482e-05
2.658897261837731704e-05
2.645637404061940251e-05
2.632391692605182853e-05
2.620990545015520402e-05
2.610278610542410440e-05
2.599399531763250525e-05
2.590227589273998954e-05
2.581732470705461337e-05
2.572272184899101062e-05
2.564234123058547083e-05
2.557507803485490938e-05
2.551564282350182820e-05
2.546157350979519519e-05
2.540549885958572868e-05
2.536220572778195303e-05
2.532461791578237092e-05
2.528599986413400586e-05
2.525840672651300837e-05
2.522791597134917485e-05
2.519256221095761048e-05
2.517725845578605936e-05
2.516378406442192845e-05
2.515163774282928993e-05
2.514018421273130134e-05
2.513087124091197675e-05
2.512571253534749452e-05
2.512229679289698525e-05
2.512069632253063469e-05
2.511919531321270716e-05
2.511908321123472804e-05
2.511884045963373171e-05
2.511874410816485810e-05
2.511863606714025851e-05
2.511850971689232658e-05
2.511839448684089073e-05
2.511831784052335630e-05
2.511822729681415138e-05
2.511815166412969633e-05
2.511812281287144387e-05
2.511804253840827395e-05
2.511751506184930127e-05
2.511741073441185499e-05
2.511736941892844815e-05
2.511728158510000798e-05
2.511720264803459719e-05
2.511691881080755303e-05
2.511681451059780465e-05
2.511670248769139470e-05
2.511657456872354007e-05
2.511651658140784626e-05
2.511644929249884679e-05
2.511637445724595696e-05
2.511631800677627168e-05
2.511628415700485986e-05
2.511619101456249932e-05
2.511608077805451791e-05
2.511598966149197393e-05
2.511579613940766067e-05
2.511572348083081945e-05
2.511559070696529875e-05
2.511544759374439233e-05
2.511533859012111589e-05
2.511525706247882625e-05
2.511510243783609240e-05
2.511500055432092828e-05
2.511495841915627772e-05
2.511487010720559604e-05
2.511470156920875757e-05
2.511460237539090136e-05
2.511439994891993016e-05
2.511429334745075192e-05
2.511413406628570542e-05
2.511397774325279769e-05
2.511392909827768843e-05
2.511390362183821165e-05
2.511381907180766057e-05
2.511367982298552841e-05
2.511351968992503700e-05
2.511332538191259439e-05
2.511312775055695405e-05
2.511273204410180226e-05
2.511211311296149485e-05
2.511200719889490168e-05
2.511169108477475130e-05
2.511155446097011512e-05
2.511142263240067853e-05
2.511129010530951984e-05
2.511112338511264059e-05
2.511090449223770814e-05
2.511057862964151402e-05
2.511034332109741035e-05
2.511004134858871225e-05
2.510996170057800482e-05
2.510975790469168657e-05
2.510957458178393590e-05
2.510941004987585920e-05
2.510900546124329738e-05
2.510800344265033367e-05
2.510778172948437291e-05
2.510754423353100538e-05
2.510720285755385327e-05
2.510683097103731066e-05
2.510655434338222570e-05
2.510625650945544387e-05
2.510607581150662193e-05
2.510574345085375743e-05
2.510557353165525414e-05
2.510542386660130718e-05
2.510526439638514421e-05
2.510477994363987362e-05
2.510457753015288412e-05
2.510419190446304622e-05
2.510376515084845607e-05
2.510326053417638619e-05
2.510278184897554038e-05
2.510243473479363641e-05
2.510192400998841240e-05
2.510154090543057287e-05
2.510118606751673317e-05
2.510080500203748928e-05
2.509311778862036109e-05
2.509268302630949859e-05
2.509244539693573637e-05
2.509203819814958891e-05
2.509168529969647366e-05
2.509104963256159092e-05
2.509056861445287107e-05
2.508995952123236944e-05
2.508912033313169670e-05
2.508843767173099808e-05
2.508789728230840306e-05
2.508725931232255282e-05
2.508683616109188728e-05
2.508627332176350359e-05
2.508575957027239320e-05
2.508521084397641090e-05
2.508446941918378016e-05
2.508368138143559874e-05
2.508275905828327422e-05
2.508214785728818540e-05
2.508167776651229225e-05
2.508100349950907545e-05
2.508050949457745176e-05
2.507988201674433802e-05
2.507927173096663771e-05
2.507832726934364022e-05
2.507753021220099154e-05
2.507686041493938173e-05
2.507617826439442478e-05
2.507543747623494881e-05
2.507429010225283562e-05
2.507366918366338591e-05
2.507270771449274566e-05
2.507161719212565174e-05
2.507068823895246764e-05
2.506959225633920317e-05
2.506861509263732718e-05
2.506749021703243258e-05
2.506682048659990289e-05
2.506615018213088835e-05
2.506488123999205998e-05
2.506289868764457703e-05
2.506174970077246989e-05
2.506025358004130744e-05
2.505892141349940001e-05
2.505714678840886204e-05
2.505623251032053537e-05
2.505561537638944304e-05
2.505492457413150697e-05
2.505381779139576132e-05
2.505105555943975071e-05
2.504983520659651732e-05
2.504829206240394298e-05
2.503383208905329846e-05
2.503200291235271191e-05
2.503052806411329621e-05
2.502889499261475685e-05
2.502748200602210061e-05
2.502571242726678598e-05
2.502401697016183070e-05
2.502245776535720791e-05
2.502076863254380356e-05
2.501972819643735925e-05
2.501846436498808527e-05
2.501678930507170683e-05
2.501431122325821556e-05
2.501285789193577117e-05
2.501074874208454414e-05
2.500922375449837615e-05
2.500764217575016400e-05
2.500517315840951855e-05
2.500308063126031619e-05
2.500187669841317275e-05
2.500046717004490872e-05
2.499701514144312729e-05
2.499542085950814943e-05
2.499410455801737342e-05
2.499232879321767575e-05
2.499062496757434478e-05
2.496902659991605741e-05
2.496739314774497717e-05
2.496143051923864375e-05
2.495734353908618091e-05
2.495554509724361915e-05
2.495364417999237840e-05
2.495189063338417701e-05
2.494873785947787555e-05
2.494621512888331978e-05
2.494393481573678391e-05
2.494106511380315063e-05
2.493794313114119996e-05
2.493248436417045709e-05
2.492947613980962869e-05
2.492706316543985559e-05
2.491868280634867736e-05
2.491630836768534977e-05
2.491334168518254523e-05
2.491132895334853810e-05
2.489424760460813823e-05
2.488955878051008459e-05
2.488624983601575206e-05
2.488260805036512772e-05
2.488023640047818836e-05
2.487675641460818581e-05
2.487175976031868023e-05
2.486713777463268651e-05
2.486365173976815725e-05
2.485984766620058872e-05
2.485655080682042575e-05
2.485167829005713007e-05
2.484725930534554134e-05
2.484511310971533325e-05
2.484178885109691688e-05
2.483969152977778762e-05
2.483429107369448453e-05
2.483121564587870378e-05
2.482809108433060605e-05
2.482355711158577895e-05
2.481945893541577029e-05
2.481508291569688003e-05
2.481102516009416880e-05
2.480562643739951263e-05
2.479932986870312059e-05
2.479348599966440630e-05
2.478616708590634547e-05
2.478233987306314545e-05
2.477538206515568259e-05
2.477067393902256101e-05
2.476608750824965273e-05
2.476065481920035512e-05
2.475664352517472562e-05
2.475512017005423177e-05
2.473604929054573048e-05
2.472922167200054567e-05
2.471835938784944922e-05
2.471096554017403410e-05
2.470626662239760863e-05
2.469686812673705040e-05
2.468960096666733005e-05
2.468323221396688400e-05
2.467436415363369787e-05
2.466618959083137722e-05
2.465621224871220976e-05
2.464579395977159725e-05
2.462906402890639447e-05
2.461849560861958090e-05
2.460797864247535991e-05
2.460115063348103086e-05
2.459583290036586526e-05
2.458878740437671917e-05
2.458163823546134850e-05
2.457617433716621734e-05
2.456823689748282742e-05
2.455847512556931443e-05
2.454873299700648516e-05
2.453940426816577438e-05
2.452981435319544781e-05
2.452224560531964458e-05
2.451280452243218612e-05
2.450408759931238084e-05
2.448516789422475469e-05
2.447884394914938720e-05
2.445583775112395391e-05
2.444276080012382530e-05
2.442701649663126548e-05
2.439961688503379945e-05
2.439020317179551431e-05
2.438027310699779191e-05
2.437314650319593595e-05
2.436227365849595095e-05
2.434547260239696667e-05
2.417239162927728473e-05
2.411756473110070902e-05
2.410273397407899118e-05
2.408583553563425203e-05
2.406068909409263271e-05
2.405137449216002404e-05
2.403929581619305536e-05
2.402093532703029137e-05
2.399833823256233929e-05
2.397098848103843216e-05
2.394655496862668802e-05
2.392758481162091951e-05
2.391385621072704992e-05
2.390334378271111477e-05
2.386496501868141698e-05
2.384761542039036592e-05
2.383547198043190496e-05
2.380312710955476675e-05
2.368149906426279808e-05
2.364505062084724726e-05
2.357357138823231138e-05
2.355155257184505339e-05
2.351874577760689334e-05
2.349069339324226868e-05
2.343710510156779182e-05
2.342145153319474005e-05
2.338724621076284212e-05
2.334958495661175015e-05
2.323962485171772983e-05
2.321803957404686302e-05
2.315596403921827402e-05
2.310543314224256572e-05
2.305154668834382193e-05
2.301572138611595542e-05
2.298425571109517036e-05
2.290006050852698899e-05
2.286199378467342945e-05
2.281544444959169392e-05
2.278929289257720098e-05
2.270571473211518442e-05
2.263404788097620938e-05
2.257931203536357671e-05
2.249807567851281055e-05
2.244729345897473840e-05
2.241466415412705248e-05
2.234038914510960895e-05
2.226849011423141008e-05
2.221689690861360089e-05
2.214518756127734680e-05
2.205420769110142770e-05
2.195076357162366619e-05
2.193259366002033912e-05
2.189387848470448410e-05
2.183417486348061335e-05
2.173191794947857449e-05
2.162359655315192514e-05
2.150810654825810236e-05
2.139561611361961654e-05
2.138890931751063478e-05
2.137254040947938452e-05
2.152383571235432026e-05
2.162842897865406208e-05
2.190451377462923396e-05
2.253359658653746763e-05
2.319486004556181859e-05
2.502061310271000343e-05
2.643533133321569273e-05
2.901844458295449518e-05
3.336717549665403447e-05
3.823988710460184424e-05
4.436716761030089342e-05
5.354500417748290028e-05
