4.423866697961554850e-01
4.426416678221689605e-01
4.431527689706724060e-01
4.439221750114435983e-01
4.449531670431001174e-01
4.462500782646229847e-01
4.478182555009904697e-01
4.496640078162395526e-01
4.517945403613309874e-01
4.542178715558920499e-01
4.569427318043604580e-01
4.599784422029234432e-01
4.633347721004869579e-01
4.670217749232417059e-01
4.710496023386434028e-01
4.754282975938037836e-01
4.801675696821116057e-01
4.852765508320185939e-01
4.907635406320364768e-01
4.966357408640220128e-01
5.028989857724320833e-01
5.095574730145112641e-01
5.166135008862904332e-01
5.240672175818826828e-01
5.319163882093319584e-01
5.401561850570634205e-01
5.487790061933830454e-01
5.577743269100106094e-01
5.671285878192441343e-01
5.768251226180459712e-01
5.868441276778412208e-01
5.971626747417227987e-01
6.077547671426262177e-01
6.185914391224278663e-01
6.296408970509750347e-01
6.408687006261493124e-01
6.522379814843359824e-01
6.637096960623540820e-01
6.752429090203854178e-01
6.867951030526735501e-01
6.983225104719538168e-01
7.097804615515830307e-01
7.211237442488982463e-01
7.323069696241693016e-01
7.432849370290678381e-01
7.540129929910105444e-01
7.644473776943812027e-01
7.745455530879020722e-01
7.842665069591704397e-01
7.935710278366145953e-01
8.024219463196166080e-01
8.107843393990495917e-01
8.186256954956463439e-01
8.259160392766543568e-01
8.326280167579989122e-01
8.387369426896323921e-01
8.442208136736392143e-01
8.490602917897553947e-01
8.532386646132591457e-01
8.567417883258848788e-01
8.595580210764103279e-01
8.616781538002971086e-01
8.630953453392653518e-01
8.638050679227071704e-01
