1.429905072246752809e-05
4.230264696293732163e-04
8.376584185100216908e-04
1.262412418774230220e-03
1.716689068907156215e-03
2.161687171938486696e-03
2.605841770687854046e-03
3.045778848027404229e-03
3.497524985314440400e-03
3.953488644011290271e-03
4.391738712786910290e-03
4.870476987096770960e-03
5.315475090128095152e-03
5.773125757388870849e-03
6.227402407521793158e-03
6.693488117602202324e-03
7.141860237761379904e-03
7.587701845074674815e-03
8.052944050873131476e-03
8.497098649622503164e-03
8.969932393958622574e-03
9.433487591193150806e-03
9.886920737044118876e-03
1.035216294284257120e-02
1.081571814007709770e-02
1.128686487584929996e-02
1.175632460305756945e-02
1.223759339021332146e-02
1.269524405747409976e-02
1.317651284462985524e-02
1.362488496478904410e-02
1.411205828191854257e-02
1.458995305194644640e-02
1.505688226630882455e-02
1.553309002777280082e-02
1.601604582349248213e-02
1.648044452500897067e-02
1.696677433785650710e-02
1.745816517639581927e-02
1.794533849352531255e-02
1.843082480209088866e-02
1.892812017060394036e-02
1.942372853055307491e-02
1.993451996757755057e-02
2.042253678898901109e-02
2.090043155901691319e-02
2.141881453457906287e-02
2.189502229604303393e-02
2.236869954466112406e-02
2.288202149453148759e-02
2.339196942727399600e-02
2.387829924012153243e-02
2.438318614717225469e-02
2.488807305422298041e-02
2.539211645699175623e-02
2.588350729553105800e-02
2.644069146806351731e-02
2.695401341793387737e-02
2.746902237636817193e-02
2.799499689046797829e-02
2.853868499448901017e-02
2.904863292723154286e-02
2.957376393704940279e-02
3.012673058817203625e-02
3.068054074357661962e-02
3.121495030049608460e-02
3.170128011334363838e-02
3.224581172164661669e-02
3.280721341558892612e-02
3.335090151960993371e-02
3.384650987955909601e-02
3.439610251355389170e-02
3.491111147198813769e-02
3.538057119919642279e-02
3.594703391883045940e-02
3.645529484300902984e-02
3.698042585282690364e-02
3.747350369993012603e-02
3.799610419690212237e-02
3.853304426666742666e-02
3.902527860948870608e-02
3.950232987523467909e-02
4.001818233795092355e-02
4.052306924500168744e-02
4.102289512636062008e-02
4.152187750343763750e-02
4.201748586338677899e-02
4.250381567623432583e-02
4.300026754046543803e-02
4.349503239613260186e-02
4.397124015759661109e-02
4.449721467169640010e-02
4.496076986893095262e-02
4.540829848480814473e-02
4.592583795608835839e-02
4.639445417901467278e-02
4.688500151327205240e-02
4.737976636893920235e-02
4.786272216465891488e-02
4.838700967019476940e-02
4.883875580748182899e-02
4.936304331301771819e-02
4.988733081855365598e-02
5.037872165709295080e-02
5.087433001704207841e-02
5.142054863390903285e-02
5.193471408806137751e-02
5.245225355934154260e-02
5.294786191929067715e-02
5.345949686059715822e-02
5.399137590467068676e-02
5.448023623036415269e-02
5.499524518879841950e-02
5.554905534420305491e-02
5.605731626838161841e-02
5.658497779104535580e-02
5.712276136509266550e-02
5.766223194770390970e-02
5.819748500890530724e-02
5.874707764290013068e-02
5.927811318269167462e-02
5.979987017538173494e-02
6.032331417663565343e-02
6.086953279350255236e-02
6.137188918770747348e-02
6.186496703481068199e-02
6.242974274588081185e-02
6.292619461011189630e-02
6.346650869700511122e-02
6.399585722823283862e-02
6.452183174233259988e-02
6.503177967507520196e-02
6.556028470202088232e-02
6.608372870327476611e-02
6.662657330301395564e-02
6.714242576573015153e-02
6.766924378411189045e-02
6.820702735815920015e-02
6.873806289795079960e-02
6.925728937779497552e-02
6.977567235335702112e-02
7.029068131179132262e-02
7.083099539868450978e-02
7.136877897273179172e-02
7.189812750395949137e-02
7.242916304375100756e-02
7.294079798505752332e-02
7.344399788354429026e-02
7.397587692761786737e-02
7.452631306589461990e-02
7.504216552861087131e-02
7.556898354699265186e-02
7.608314900114490631e-02
7.662346308803814898e-02
7.718149076485250615e-02
7.768553416762129238e-02
7.823006577592428457e-02
7.874760524720438026e-02
7.926683172704850067e-02
7.976665760840744024e-02
8.034577289227086416e-02
8.084559877362985925e-02
8.139772192047042831e-02
8.189501728898343491e-02
8.243701838444059127e-02
8.296130588997642497e-02
8.347125382271891603e-02
8.401831594386779956e-02
8.453585541514792301e-02
8.502724625368722478e-02
8.557430837483602504e-02
8.610365690606369693e-02
8.663637945441923782e-02
8.718091106272217450e-02
8.772038164533337012e-02
8.819658940679740711e-02
8.873268597228080312e-02
8.922745082794796001e-02
8.970112807656595300e-02
9.023385062492150777e-02
9.075729462617537768e-02
9.121157127630828698e-02
9.175104185891941322e-02
9.230400851004214036e-02
9.280805191281089883e-02
9.329269471709451811e-02
9.385240940247276120e-02
9.435645280524151968e-02
9.489086236216094650e-02
9.538647072211008104e-02
9.589557515057058057e-02
9.642914120320807136e-02
9.693824563166864028e-02
9.748024672712571337e-02
9.796826354853720165e-02
9.847905498556160098e-02
9.902358659386463480e-02
9.954787409940044074e-02
1.000485434850413441e-01
1.005795790248329297e-01
1.011072405474967018e-01
1.015800742918328975e-01
1.021119533359063497e-01
1.026379278500061665e-01
1.032128256124598131e-01
1.036839723482319703e-01
1.042040423323581516e-01
1.047283298378940269e-01
1.052289992235348748e-01
1.057406341648412934e-01
1.062151549177413334e-01
1.067267898590477382e-01
1.072299897575345468e-01
1.077416246988410486e-01
1.081899968190002670e-01
1.087201888545098749e-01
1.092436328557637448e-01
1.097493632670964864e-01
1.102053269257933371e-01
1.107313014398931400e-01
1.112117267227669404e-01
1.116617858514900863e-01
1.121945083998456272e-01
1.126901167597948311e-01
1.131916296497175595e-01
1.137235086937911366e-01
1.142452656864811761e-01
1.147771447305547393e-01
1.152246733464318690e-01
1.157126901678433156e-01
1.161939589549990104e-01
1.167427080847119047e-01
1.171269738794419035e-01
1.176225822393912324e-01
1.181148165822123036e-01
1.184872733169947956e-01
1.189702291127145012e-01
1.195122302081715604e-01
1.200339872008616554e-01
1.204393406026406377e-01
1.207940837475018625e-01
1.212500474061987132e-01
1.216832364492825419e-01
1.220700327568583210e-01
1.224939432528405620e-01
1.228714610133148505e-01
1.232472917652250449e-01
1.236526451670042076e-01
1.240849907058060031e-01
1.245215537660177146e-01
1.249513687919736882e-01
1.254242025363098145e-01
1.258877577335442421e-01
1.263057636995527089e-01
1.266740029129255207e-01
1.271190010159566619e-01
1.274492825366410897e-01
1.279668220079210328e-01
1.284312207094374658e-01
1.288762188124688568e-01
1.294021933265684654e-01
1.298193557882949545e-01
1.302053085915890474e-01
1.307118825072034751e-01
1.311729071915921363e-01
1.315597034991680681e-01
1.319195076697210478e-01
1.323290785929100155e-01
1.327968513115542759e-01
1.332831811244017117e-01
1.336227411921878105e-01
1.339724233113571417e-01
1.343524715846772799e-01
1.346658830197224599e-01
1.349801379590493955e-01
1.354234490535167756e-01
1.359477365590528175e-01
1.364087612434413677e-01
1.367820614825057124e-01
1.371587357386981898e-01
1.375202269178150138e-01
1.378842486097778819e-01
1.382803234644554291e-01
1.387447221659719732e-01
1.390623511224268749e-01
1.393723885403442275e-01
1.397186966423859811e-01
1.401223630356011052e-01
1.405353079759177337e-01
1.408057006925827470e-01
1.411941840087226618e-01
1.415944763848098198e-01
1.418724606400124377e-01
1.423081801959421300e-01
1.426106260753217669e-01
1.429130719547012096e-01
1.432197353554905961e-01
1.435955661074009848e-01
1.439241606195213741e-01
1.443759067568082810e-01
1.447222148588499235e-01
1.450373133024589756e-01
1.452942099506124018e-01
1.455401410431003129e-01
1.459024757264993089e-01
1.464056756249862423e-01
1.467629492826933169e-01
1.471067268718890542e-01
1.475112367693860171e-01
1.478617623928374092e-01
1.482772378460001095e-01
1.486648776578580466e-01
1.491478334535777939e-01
1.496527203606285161e-01
1.502773848757178177e-01
1.507670887056933029e-01
1.513149943311241363e-01
1.518148202124830759e-01
1.523365772051731848e-01
1.528878568477319011e-01
1.534399799945725673e-01
1.539819810900298069e-01
1.546429162892437037e-01
1.553586792667850658e-01
1.560710682271989613e-01
1.566442789810887637e-01
1.573102752059943599e-01
1.578877034812938285e-01
1.586169625273467776e-01
1.593495955905276373e-01
1.599970347212301969e-01
1.607760605199190507e-01
1.613593933251923351e-01
1.619730922846162602e-01
1.626500540651874549e-01
1.631414449037266456e-01
1.637737009573539126e-01
1.644641588064367776e-01
1.651158154585491977e-01
1.658686926244967996e-01
1.665144447466354871e-01
1.670876555005254005e-01
1.676549617244413870e-01
1.683184274365012445e-01
1.690316599011969789e-01
1.697609189472500668e-01
1.704572813263063868e-01
1.709849428489700340e-01
1.717260109549704761e-01
1.724603310267152634e-01
1.731963381070240060e-01
1.739424672387162307e-01
1.747214930374050013e-01
1.753613406295699007e-01
1.759143072806923780e-01
1.766536883781288925e-01
1.773694513556706154e-01
1.778962693740523959e-01
1.785504565390106657e-01
1.792012696868409694e-01
1.799077541172810213e-01
1.805804983764425775e-01
1.812237199857351377e-01
1.818517585179524887e-01
1.825371553413432102e-01
1.833001545586748771e-01
1.840311006132916705e-01
1.847274629923481570e-01
1.853689975930768175e-01
1.860400548436745571e-01
1.868098020952616012e-01
1.874859203715509015e-01
1.882455455717545745e-01
1.889655260707058804e-01
1.896441748598411137e-01
1.903312586917959848e-01
1.910588307292849786e-01
1.918058033652592920e-01
1.924017887347621858e-01
1.930154876941861386e-01
1.936409957135576398e-01
1.943727852724565497e-01
1.949400914963724529e-01
1.956086182341240098e-01
1.962459353134430873e-01
1.968402336743818315e-01
1.975053863950056443e-01
1.981637910813735248e-01
1.989048591873740501e-01
1.995877254979190885e-01
2.003043319797426225e-01
2.010150339315924795e-01
2.017012742592651231e-01
2.023242517657908024e-01
2.028999930325263990e-01
2.035305620775897106e-01
2.042690996707442752e-01
2.049038862372173919e-01
2.055049326324120684e-01
2.062502182598220934e-01
2.069550156816981901e-01
2.076775266934954844e-01
2.084379953979812183e-01
2.091318272641915776e-01
2.097995104976612124e-01
2.104958728767176990e-01
2.111888612386462472e-01
2.119510169516959086e-01
2.126026736038083564e-01
2.132619217944583534e-01
2.138671857110629182e-01
2.144800411662048933e-01
2.151055491855763668e-01
2.156871949822857237e-01
2.163481301814995095e-01
2.170166569192511219e-01
2.176843401527208122e-01
2.184169732159017829e-01
2.190669428594501367e-01
2.197995759226308576e-01
2.205499225757328596e-01
2.212370064076875920e-01
2.219139681882588144e-01
2.226600973199510669e-01
2.234230965372825117e-01
2.240739096851130374e-01
2.247795506112707786e-01
2.254253027334092441e-01
2.260811769069314969e-01
2.267480166361193206e-01
2.273996732882319349e-01
2.279796320763773920e-01
2.286675594126140187e-01
2.293099375176245736e-01
2.299253234856126482e-01
2.306039722747477427e-01
2.313113002094696891e-01
2.320557423325982638e-01
2.327681312930115487e-01
2.334366580307634942e-01
2.341161503241809549e-01
2.347399713349881956e-01
2.353621053372318139e-01
2.360559372034419234e-01
2.366620446243284936e-01
2.373271973449526118e-01
2.380328382711104918e-01
2.387013650088620764e-01
2.393698917466134113e-01
2.400670976299520420e-01
2.406816400936578892e-01
2.412902780273899483e-01
2.419065074996599174e-01
2.425379200490048459e-01
2.431625845640948969e-01
2.438041191648236405e-01
2.444043220557363394e-01
2.450770663148977013e-01
2.457464365569310694e-01
2.463938756876339342e-01
2.470404713140543218e-01
2.477106850603696120e-01
2.483758377809934803e-01
2.490173723817222795e-01
2.496909601451662020e-01
2.503080331217176213e-01
2.509630637909578410e-01
2.515818237760736875e-01
2.522587855566448267e-01
2.528809195588886949e-01
2.534929315097483871e-01
2.541504926918344842e-01
2.547869662668716950e-01
2.554023522348595754e-01
2.560354517927691531e-01
2.566558987864488994e-01
2.572341705660304290e-01
2.578031637985104263e-01
2.583856530995012335e-01
2.589605508619552965e-01
2.595742498213795546e-01
2.601710786951638710e-01
2.607274193634145365e-01
2.613217177243533640e-01
2.618409442041973456e-01
2.623854758125003794e-01
2.629519385321344993e-01
2.635184012517686192e-01
2.641017340570419036e-01
2.646521701953183370e-01
2.652135718892609240e-01
2.657808781131767439e-01
2.663338447642996099e-01
2.669306736380844813e-01
2.675452161017903285e-01
2.680998697614768722e-01
2.686697064982384586e-01
2.692572568249215204e-01
2.698093799717621311e-01
2.703463200415277545e-01
2.708917356761832984e-01
