4.754587456690551051e-02
4.381062706083296149e-02
4.118723669447300201e-02
3.891203063481199487e-02
3.689145211207139202e-02
3.500932195133204389e-02
3.326009371791104757e-02
3.161659417712905928e-02
3.009097233797816684e-02
2.865849672233038159e-02
2.730963612937110929e-02
2.602550840574179361e-02
2.480866247241013053e-02
2.366633979042277389e-02
2.257712321409037493e-02
2.155740498503213448e-02
2.058401066526243176e-02
1.965835702841354712e-02
1.878161529965502452e-02
1.794589430311456166e-02
1.715061931996271494e-02
1.640643372515580498e-02
1.569896995386571570e-02
1.502748927636876099e-02
1.438602025357602933e-02
1.377499215078750901e-02
1.319809585771244617e-02
1.264786509409371838e-02
1.212227424817789376e-02
1.162253618982105399e-02
1.114545189022219697e-02
1.069495748629149812e-02
1.026305544480292029e-02
9.852404788548586173e-03
9.461875028134525759e-03
9.088116556352134751e-03
8.734220842613014957e-03
8.399185647871973068e-03
8.079523177540771928e-03
7.773330146860052067e-03
7.483965844418853826e-03
7.209580656865161377e-03
6.946244238597055164e-03
6.685964438699530665e-03
6.448302855247371561e-03
6.221515294969668861e-03
6.008452312413921186e-03
5.807724380959620840e-03
5.618049932146805016e-03
5.439230063413966546e-03
5.270603787180493105e-03
5.111401920329633475e-03
4.961222592588470856e-03
4.819435384462912413e-03
4.685938631105831392e-03
4.561038359438408622e-03
4.442175595865122464e-03
4.330843373765931419e-03
4.225639579674519974e-03
4.123917539010687160e-03
4.028249555401311986e-03
3.936977207053777260e-03
3.852160653351626145e-03
3.772489624896129164e-03
3.696590733132943275e-03
3.624719799275805034e-03
3.558809803098620609e-03
3.493473085177553790e-03
3.433256154409425331e-03
3.373038585358187347e-03
3.308094769449504684e-03
3.258227061877247942e-03
3.211879080619144122e-03
3.164213963141454967e-03
3.123627273228248968e-03
3.085437182919036157e-03
3.049392510690390745e-03
3.016519918803411450e-03
2.985618828451779613e-03
2.955477034700003478e-03
2.927104509655296515e-03
2.900108948915020978e-03
2.875346512111026306e-03
2.852121383727532818e-03
2.831541033649528829e-03
2.812398296301604587e-03
2.794611845835153884e-03
2.777984745976863016e-03
2.762279508824604709e-03
2.747597716922218266e-03
2.733734187204552024e-03
2.720634193538208883e-03
2.707558935878261706e-03
2.695398926975498422e-03
2.683804096361256351e-03
2.673068803624071166e-03
2.662708171674447403e-03
2.652575596116189729e-03
2.643088634625345365e-03
2.633399327096404025e-03
2.623964898612436529e-03
2.615123986466373011e-03
2.606514523665147583e-03
2.598253064894837355e-03
2.590196208035755628e-03
2.582431803602036093e-03
2.574920245733425869e-03
2.567561328150684899e-03
2.560486983701457369e-03
2.553462078259204071e-03
2.546706821647720491e-03
2.540186068927268240e-03
2.532796752340970691e-03
2.526243067687783395e-03
2.520008575004529031e-03
2.513847908116944099e-03
2.507717909552376143e-03
2.501731180420677190e-03
2.495820508939595051e-03
2.489478536063411372e-03
2.483775491073380009e-03
2.478126862931395811e-03
2.472581293086218660e-03
2.467114868267994247e-03
2.461770211550923758e-03
2.456615078190432528e-03
2.451358051278769261e-03
2.446143735764167489e-03
2.441226583930250407e-03
2.436297515445618074e-03
2.431477256800309347e-03
2.426737685038939628e-03
2.422034714435796540e-03
2.417415831451911676e-03
2.412882082102145269e-03
2.408444774625771983e-03
2.404098456397128335e-03
2.399726442138551928e-03
2.395498355976874091e-03
2.391369735928084057e-03
2.387280883276886399e-03
2.383037060175161471e-03
2.379083483388979604e-03
2.375118159294730899e-03
2.371321272132327542e-03
2.367474149670680417e-03
2.363596239098301847e-03
2.359849524220159270e-03
2.356249266977416667e-03
2.352723868930678853e-03
2.349283902473933879e-03
2.345919686686894975e-03
2.342643410785259263e-03
2.339433220235805858e-03
2.336218028104907873e-03
2.333113920603921160e-03
2.330014179504451711e-03
2.327013494054476321e-03
2.323902909850376983e-03
2.320863824220070933e-03
2.317993743113313902e-03
2.315176636581698765e-03
2.312418110233294393e-03
2.309722165702900350e-03
2.307057595895525576e-03
2.304463607389648644e-03
2.301790423420187106e-03
2.299131484810534864e-03
2.296696030056785166e-03
2.294337101482341219e-03
2.292026739584833439e-03
2.289295216301473913e-03
2.286924078743689595e-03
2.284673750961383875e-03
2.282492163769322003e-03
2.279028108777662008e-03
2.275866046487286763e-03
2.273413071852879719e-03
2.271372950192332603e-03
2.269372949288768655e-03
2.267454232052368984e-03
2.265485206997154468e-03
2.263504857994812734e-03
2.261714303932657426e-03
2.259844439035783858e-03
2.258064249060192340e-03
2.256379718339774146e-03
2.254654234091306702e-03
2.253056162808012974e-03
2.251504456557684546e-03
2.249963417613018175e-03
2.248490791708769847e-03
2.247052638886718520e-03
2.245656956124293842e-03
2.244297546748031530e-03
2.243012478239082407e-03
2.241744103134907674e-03
2.240480526047339358e-03
2.239250251475251568e-03
2.238104806158601121e-03
2.236974585230418026e-03
2.235901170774278173e-03
2.234746478747677914e-03
2.233711466074934926e-03
2.232588394602890054e-03
2.231607793906359091e-03
2.230663779191459969e-03
2.229777038765281411e-03
2.228801057092587475e-03
2.227924806868583282e-03
2.227050134196345826e-03
2.226274762126895755e-03
2.225513770045530089e-03
2.224728572955380658e-03
2.224011067017284213e-03
2.223324066796463806e-03
2.222603938001507708e-03
2.221947031874249058e-03
2.221346961627862319e-03
2.220770761284430409e-03
2.220230687284998998e-03
2.219695226788714372e-03
2.219139368033454587e-03
2.218667673455435637e-03
2.218197095752807903e-03
2.217659340746723669e-03
2.217253583038318338e-03
2.216860672554449383e-03
2.216502942979452738e-03
2.216083718734066389e-03
2.215665518863491577e-03
2.215363942856022565e-03
2.215038418513423472e-03
2.214720734447046899e-03
2.214439975406389677e-03
2.214175940302617104e-03
2.213913552475171159e-03
2.213605017560185510e-03
2.213198855597276610e-03
2.212988518309882361e-03
2.212791317716696678e-03
2.212593939592945227e-03
2.212418827415020030e-03
2.211506690855329776e-03
2.211026927747058047e-03
2.210679900412205849e-03
2.210407416029097193e-03
2.210181446308719447e-03
2.210016553203417080e-03
2.209844478849004590e-03
2.209596662591793367e-03
2.209402575650061540e-03
2.209198883068501026e-03
2.209058020056755157e-03
2.208940895542302590e-03
2.208825196282278389e-03
2.208718983500498629e-03
2.208566983620337005e-03
2.208448368247399596e-03
2.208358643658705003e-03
2.208159821904840097e-03
2.208065637335808636e-03
2.207982395446635333e-03
2.207831424099092592e-03
2.207724443620252830e-03
2.207655618782365832e-03
2.207585607690534801e-03
2.207284595910134501e-03
2.207159533023206940e-03
2.207096335234324646e-03
2.207027347171939928e-03
2.206978868116691011e-03
2.206928443078688684e-03
2.206880148787653678e-03
2.206831481449194991e-03
2.206775811249605482e-03
2.206689914062517043e-03
2.206640648162055442e-03
2.206604562450895351e-03
2.206521787332809108e-03
2.206475381456941831e-03
2.206444655590835639e-03
2.206405110463106802e-03
2.206371682730725193e-03
2.206348845037140426e-03
2.206330358206188939e-03
2.206307565992650550e-03
2.206273991654395233e-03
2.206252433137435333e-03
2.206239934261038354e-03
2.206217049416649058e-03
2.206190357314380141e-03
2.206180662512009956e-03
2.206164436100347716e-03
2.206153046924347414e-03
2.206142281346186278e-03
2.206132509232273508e-03
2.206122705752102623e-03
2.206111581977445151e-03
2.206085884925469698e-03
2.206077440492658706e-03
2.206069705702670084e-03
2.206065881580331848e-03
2.206063544011413035e-03
2.206057832679589759e-03
2.206026916569543608e-03
2.206016279208156475e-03
2.206013838958627120e-03
2.206011142481043366e-03
2.206010124772510902e-03
2.206004850311331887e-03
2.206003330615534299e-03
2.205999144227387132e-03
2.205997686726704921e-03
2.205993659067659231e-03
2.205984578221508244e-03
2.205974431216774397e-03
2.205971976130685543e-03
2.205969425345659200e-03
2.205965262404543242e-03
2.205945811696804777e-03
2.205944826182921169e-03
2.205943287247595641e-03
2.205941146265888182e-03
2.205938937877625558e-03
2.205930662275586845e-03
2.205930086607738819e-03
2.205928333163359543e-03
2.205925411142542827e-03
2.205924210516483751e-03
2.205923312861848666e-03
2.205922825881872357e-03
2.205918527095804792e-03
2.205914561029431904e-03
2.205913416963603286e-03
2.205911501781433748e-03
2.205906489802495971e-03
2.205903530944612004e-03
2.205899554340574626e-03
2.205898689167496481e-03
2.205897784291322924e-03
2.205889984786347461e-03
2.205879784990069908e-03
2.205878928037421308e-03
2.205876796485910490e-03
2.205875761987680355e-03
2.205870325910311725e-03
2.205855846299847964e-03
2.205855230466099385e-03
2.205854874842465545e-03
2.205853049892342668e-03
2.205851190656825823e-03
2.205850165206414606e-03
2.205847665871381400e-03
2.205845790968490473e-03
2.205844557538120046e-03
2.205843238781690467e-03
2.205831097803358405e-03
2.205827587180613208e-03
2.205824142582707252e-03
2.205822663281884789e-03
2.205818359629318961e-03
2.205812759486586606e-03
2.205811806962850504e-03
2.205810105746108807e-03
2.205809880605757133e-03
2.205807548249237842e-03
2.205801916652245283e-03
2.205798614748507875e-03
2.205796396136370987e-03
2.205794117041310742e-03
2.205789349649125292e-03
2.205789174869165255e-03
2.205788700908178912e-03
2.205784927949403212e-03
2.205779770865425472e-03
2.205776910825491856e-03
2.205775659172193922e-03
2.205761465763079240e-03
2.205751664249509282e-03
2.205741083873804381e-03
2.205739798281704592e-03
2.205735118739496434e-03
2.205725723546317438e-03
2.205717909167097777e-03
2.205704911406751022e-03
2.205702033579380085e-03
2.205696488558382597e-03
2.205695628475656204e-03
2.205694177923006854e-03
2.205692698721532872e-03
2.205690261019604536e-03
2.205681944320200729e-03
2.205649562882424763e-03
2.205634848250587979e-03
2.205514914023047352e-03
2.205513203682163675e-03
2.205506206911608379e-03
2.205503098393227310e-03
2.205502802971436114e-03
2.205501453948120315e-03
2.205499890329557129e-03
2.205499186147127314e-03
2.205494342702395225e-03
2.205477894528017156e-03
2.205477288106898540e-03
2.205475614667825462e-03
2.205475196108404399e-03
2.205470674531504610e-03
2.205453560379311978e-03
2.205437378020699141e-03
2.205423843059024693e-03
2.205405875187328116e-03
2.205383966511957703e-03
2.205371379237481937e-03
2.205364084090410005e-03
2.205349366447696517e-03
2.205347395217219057e-03
2.205344507656182423e-03
2.205337127259144984e-03
2.205335051821034117e-03
2.205327361374984606e-03
2.205321166331538924e-03
2.205317501594215857e-03
2.205313127517987033e-03
2.205279793741661033e-03
2.205279967305596393e-03
2.205259790217928197e-03
2.205237550720626303e-03
2.205231300402382428e-03
2.205203918847663952e-03
2.205121430064885171e-03
2.205104016132751216e-03
2.205034660621038589e-03
2.204987833363524722e-03
2.204969285914554818e-03
2.204918587011953958e-03
2.204892438231814081e-03
2.204873259716442352e-03
2.204836539039068538e-03
2.204778605891217092e-03
2.204732273451915671e-03
2.204662090232801727e-03
2.204637034105625618e-03
2.204499282301295143e-03
2.204084431445367531e-03
2.204050217343559749e-03
2.204005073219335309e-03
2.203876475630123406e-03
2.203828599888307989e-03
2.203579863616284169e-03
2.203226384700429034e-03
2.202812770092188108e-03
2.202645074565572070e-03
2.202499932846205353e-03
2.202595490554693121e-03
2.202359760015467748e-03
2.202465124050200038e-03
2.202141068967821812e-03
2.202702383528462853e-03
2.202571082664269483e-03
2.203279159440149279e-03
2.203652951849805527e-03
2.204715348933627105e-03
2.204902736196254903e-03
2.207176637621914399e-03
2.208458090748616470e-03
2.212424197077732333e-03
2.217023190573095322e-03
2.224746190896287161e-03
2.236128187814126218e-03
2.248939271787444259e-03
2.258109162973274964e-03
2.276143192779322023e-03
2.298461971508020639e-03
2.329168291307585209e-03
2.371803051024641128e-03
2.431359395958565539e-03
2.506744528222274067e-03
2.583997134541649292e-03
2.697079803951561803e-03
2.819675687433447191e-03
2.985714003769016772e-03
3.195661605820597061e-03
3.456695222927382797e-03
3.740577280347777249e-03
4.143601328632146030e-03
4.504479911564247298e-03
4.829991186649920838e-03
5.324260776469253408e-03
6.008877165378301473e-03
6.735295975560589427e-03
7.729480531249081562e-03
8.882047704798829227e-03
1.041768003607170152e-02
1.204667691275527683e-02
1.412554699149509360e-02
1.637012832640141399e-02
1.976908796456446765e-02
2.381173672996963336e-02
2.804700348924024297e-02
