2.190195154704780212e+00
2.191062836869546171e+00
2.192802366800022718e+00
2.195421863482111657e+00
2.198932985812631635e+00
2.203350339369107402e+00
2.208690734636968411e+00
2.214972336364030348e+00
2.222213750497385121e+00
2.230433099871369951e+00
2.239647142105680278e+00
2.249870482764188662e+00
2.261114933552999418e+00
2.273389059177487681e+00
2.286697947574872103e+00
2.301043226902086403e+00
2.316423339368729906e+00
2.332834067377028031e+00
2.350269292186166314e+00
2.368721950235496365e+00
2.388185138126980522e+00
2.408653304833236586e+00
2.430123459651305495e+00
2.452596317346716681e+00
2.476077298316563535e+00
2.500577301795346763e+00
2.526113174380597570e+00
2.552707804558977944e+00
2.580389786422984333e+00
2.609192612150765811e+00
2.639153372648062490e+00
2.670310968346731428e+00
2.702703856606367250e+00
2.736367387298445308e+00
2.771330802592142373e+00
2.807613999187546394e+00
2.845224169715475426e+00
2.884152453327029964e+00
2.924370732488192015e+00
2.965828712960637326e+00
3.008451416711308113e+00
3.052137203449932112e+00
3.096756416605639828e+00
3.142150725234138520e+00
3.188133206301514200e+00
3.234489183827537140e+00
3.280977814200952469e+00
3.327334382056376327e+00
3.373273249503648596e+00
3.418491383894168845e+00
3.462672375946179049e+00
3.505490850846952888e+00
3.546617169557366278e+00
3.585722315467333665e+00
3.622482862223521671e+00
3.656585921425362429e+00
3.687733973466758020e+00
3.715649490688777146e+00
3.740079268890605491e+00
3.760798390895846222e+00
3.777613754134688140e+00
3.790367102968004609e+00
3.798937515672780041e+00
3.803243305561314180e+00
