1.600460052561845448e-05
5.287295670013522544e-04
1.038024328139487825e-03
1.537028473264831800e-03
2.045465683068568505e-03
2.546184930862708910e-03
3.050334383994448683e-03
3.550196080454191740e-03
4.065493700933124795e-03
4.577361116074458482e-03
5.096088941890984832e-03
5.609671459701118419e-03
6.112963361498461277e-03
6.614540160627000766e-03
7.113544305752342138e-03
7.616836207549680660e-03
8.124415866019019800e-03
8.628565319150759139e-03
9.117278848263299373e-03
9.618855647391831923e-03
1.010671162516996527e-02
1.059714025695129673e-02
1.109271419673902269e-02
1.159514854720194478e-02
1.209243758965847584e-02
1.259572949145579962e-02
1.309301853391232548e-02
1.358173206302485531e-02
1.409960233750696956e-02
1.461232730398268932e-02
1.512419471912400913e-02
1.563691968559972889e-02
1.615564751141625177e-02
1.665636675921038090e-02
1.715451335300130151e-02
1.763979667677623500e-02
1.816195470793035768e-02
1.865924375038688354e-02
1.916425075485300375e-02
1.967011531065352911e-02
2.017941007179165774e-02
2.068184442225457637e-02
2.117999101604549697e-02
2.168242536650842600e-02
2.217628420362735553e-02
2.265384956539270161e-02
2.313227247849244939e-02
2.362184355893938090e-02
2.412170525539910487e-02
2.460527347650524541e-02
2.509655965962096988e-02
2.558870339407110298e-02
2.607570182051482943e-02
2.654812187427377582e-02
2.701625417136071378e-02
2.750839790581084687e-02
2.798510571624178433e-02
2.846524373201032854e-02
2.893680623443485936e-02
2.944009813623217967e-02
2.992366635733831326e-02
3.040723457844445726e-02
3.089423300488818719e-02
3.139066449601031483e-02
3.186565720377245586e-02
3.235780093822257508e-02
3.285080222400710986e-02
3.333951575311962928e-02
3.382479907689456972e-02
3.431522770867588557e-02
3.478421755709723562e-02
3.526178291886258170e-02
3.574106338329677279e-02
3.624692793909734673e-02
3.672963860886912374e-02
3.723979092134170610e-02
3.772850445045427409e-02
3.824980493027404366e-02
3.873851845938663246e-02
3.922551688583041096e-02
3.972023327428380463e-02
4.020894680339640037e-02
4.070109053784657510e-02
4.119237672096235509e-02
4.168623555808134706e-02
4.216208581717792447e-02
4.262850301159611111e-02
4.314294308074069495e-02
4.362136599384046354e-02
4.410750686894988198e-02
4.459279019272485711e-02
4.506778290048703978e-02
4.555220867292764098e-02
4.602377117535223772e-02
4.649190347243922078e-02
4.696689618020142426e-02
4.743417092595399870e-02
4.792717221173860981e-02
4.840302247083519416e-02
4.888401803793817474e-02
4.935815319436597653e-02
4.984172141547215523e-02
5.032271698257511500e-02
5.077798600964614217e-02
5.127012974409633078e-02
5.175798572187448321e-02
5.222783312163029740e-02
5.271054379140209523e-02
5.319582711517704260e-02
5.367768023361443874e-02
5.417925703274301813e-02
5.465167708650198880e-02
5.514467837228658603e-02
5.561624087471117583e-02
5.608265806912934165e-02
5.655422057155393839e-02
5.703693124132573622e-02
5.750592108974710015e-02
5.797148073283089897e-02
5.845247629993386568e-02
5.892575390502725885e-02
5.941103722880220622e-02
5.988946014190198869e-02
6.036788305500179891e-02
6.087203250813356253e-02
6.135988848591172190e-02
6.184088405301473024e-02
6.232273717145209169e-02
6.280287518722070528e-02
6.326671972763570073e-02
6.376486632142666644e-02
6.421241738648805764e-02
6.469598560759425021e-02
6.519413220138516041e-02
6.569056369250735050e-02
6.615526578425674764e-02
6.664054910803171583e-02
6.711125405912191089e-02
6.756823818886170674e-02
6.805180640996789931e-02
6.853022932306769566e-02
6.901894285218028446e-02
6.948278739259526604e-02
6.996807071637024811e-02
7.043191525678524356e-02
7.090433531054418648e-02
7.137589781296872771e-02
7.185174807206538838e-02
7.232674077982748084e-02
7.279401552558008304e-02
7.325871761732953569e-02
7.373113767108842309e-02
7.419926996817546860e-02
7.467426267593760270e-02
7.513038925434305237e-02
7.561224237278030280e-02
7.607951711853291887e-02
7.653993145361037698e-02
7.701149395603483494e-02
7.747019318844336477e-02
7.792717731818317450e-02
7.840645778261737253e-02
7.886772966902907966e-02
7.932900155544088394e-02
7.978941589051820327e-02
8.025411798226760041e-02
8.071967762535131596e-02
8.118352216576635305e-02
8.167395079754764808e-02
8.211206879793069013e-02
8.256562272233278210e-02
8.303547012208863098e-02
8.348902404649073683e-02
8.393657511155212803e-02
8.440299230597024527e-02
8.486683684638521297e-02
8.532124832212176213e-02
8.580138633789034797e-02
8.625922801896454550e-02
8.675394440741782121e-02
8.720492567781684690e-02
8.765247674287822421e-02
8.812575434797159657e-02
8.860160460706814622e-02
8.905344342880146258e-02
8.952157572588845258e-02
8.998199006096581354e-02
9.045269501205596696e-02
9.092511506581495151e-02
9.139153226023312426e-02
9.187595803267364913e-02
9.235609604844226272e-02
9.283709161554519473e-02
9.328721533460981874e-02
9.376478069637517176e-02
9.423720075013407305e-02
9.471476611189952322e-02
9.519061637099601736e-02
9.568018745144306336e-02
9.613202627317644910e-02
9.660101612159774365e-02
9.703999167331518738e-02
9.753470806176853247e-02
9.801227342353401040e-02
9.845382162925453429e-02
9.890994820765985907e-02
9.935749927272122251e-02
9.981105319712343937e-02
1.002603193648536062e-01
1.007173034945934437e-01
1.011708574189955911e-01
1.016175509327225668e-01
1.020865407811439030e-01
1.025195134735205071e-01
1.029636343332443610e-01
1.034034674362961093e-01
1.038578789120326723e-01
1.043217234524477233e-01
1.047649867608370922e-01
1.052785692786472327e-01
1.057252627923742083e-01
1.061625232414227932e-01
1.066152196144906639e-01
1.070764915009024265e-01
1.075334756306422224e-01
1.080101834410732292e-01
1.084826034948321999e-01
1.089773198832855311e-01
1.094643183097292888e-01
1.099804734815426760e-01
1.104760474213303395e-01
1.109776242204589397e-01
1.114474716202146359e-01
1.119164614686360276e-01
1.124163231650956718e-01
1.129007489375362105e-01
1.134186192120184150e-01
1.139159082544749652e-01
1.144517871069795495e-01
1.149430732900953017e-01
1.154575133592398856e-01
1.159470844396867512e-01
1.164649547141688724e-01
1.169905429506606226e-01
1.175006952631331425e-01
1.180099900242712885e-01
1.185595896981262304e-01
1.190534485352452293e-01
1.195696037070584639e-01
1.201294939969261288e-01
1.206550822334179623e-01
1.211798129185752276e-01
1.217319852464334023e-01
1.223021661523138320e-01
1.228526233775030924e-01
1.234073683593643472e-01
1.239458198658721644e-01
1.245039950530709566e-01
1.250595975862667242e-01
1.256014792981119954e-01
1.261570818313076658e-01
1.267152570185064719e-01
1.272708595517021701e-01
1.278230318795602616e-01
1.283923552341063867e-01
1.289513879726397194e-01
1.295481529698866707e-01
1.300968950924070999e-01
1.306670759982876129e-01
1.312261087368209733e-01
1.317971471940358741e-01
1.323793338185980384e-01
1.329297910437873820e-01
1.335222682843621445e-01
1.340890189849050507e-01
1.346814962254800074e-01
1.352662555040452241e-01
1.358278608965818590e-01
1.363894662891183551e-01
1.369905190430370789e-01
1.375684179109272764e-01
1.381754735241868814e-01
1.387756687267713840e-01
1.393878696480374824e-01
1.399974979153003340e-01
1.406045535285599946e-01
1.411918854611284024e-01
1.418023712797259195e-01
1.424034240336448376e-01
1.430130523009075505e-01
1.436192503628330730e-01
1.442194455654173812e-01
1.448445097566998518e-01
1.454652861913098283e-01
1.460654813938941088e-01
1.466939757905139641e-01
1.473138946737896915e-01
1.479406739677406324e-01
1.485794589803729471e-01
1.491942325556422366e-01
1.498064334769083628e-01
1.504452184895408995e-01
1.510711402321573971e-01
1.516987770774425037e-01
1.523332743334033235e-01
1.529686291406979759e-01
1.536091292559995103e-01
1.542436265119599414e-01
1.548738360112482948e-01
1.555049030618712858e-01
1.561531211391821161e-01
1.567756126764611735e-01
1.574315487157815219e-01
1.580677610744106454e-01
1.587134064977185066e-01
1.593719151910421572e-01
1.600235634736905943e-01
1.606829297183487715e-01
1.613414384116723943e-01
1.619956593483239671e-01
1.626413047716318283e-01
1.633058163242962213e-01
1.639660401202889528e-01
1.646296941216188470e-01
1.652676215829167738e-01
1.659269878275750065e-01
1.665820663155609949e-01
1.672482929708944965e-01
1.679145196262276096e-01
1.685867491409017427e-01
1.692632664122477870e-01
1.699243477595748231e-01
1.706042952362585297e-01
1.712645190322509003e-01
1.719316032389186233e-01
1.726218413316150113e-01
1.732880679869484020e-01
1.739671579122977207e-01
1.746445327349779586e-01
1.753124744929802914e-01
1.760052852396797318e-01
1.766757996516853668e-01
1.773668952957160871e-01
1.780554182857435885e-01
1.787336506597586583e-01
1.794230312011206030e-01
1.801132692938172686e-01
1.808146555538607259e-01
1.815006058898852026e-01
1.821874137772440672e-01
1.828716490105998238e-01
1.835627446546306552e-01
1.842581280553333423e-01
1.849440783913579023e-01
1.856514675107422407e-01
1.863571415274581644e-01
1.870508098254921592e-01
1.877642018042172123e-01
1.884561549995825425e-01
1.891489657462820939e-01
1.898332009796378783e-01
1.905277268290063164e-01
1.912153922676995688e-01
1.919296417977592317e-01
1.926533243924972716e-01
1.933392747285216096e-01
1.940518091559121916e-01
1.947514803132872618e-01
1.954365730979771010e-01
1.961439622173617447e-01
1.968213370400422046e-01
1.975132902354072295e-01
1.982052434307725597e-01
1.989023419341441334e-01
1.995900073728376356e-01
2.002562340281708875e-01
2.009207455808350029e-01
2.015895448901716680e-01
2.022746376748617292e-01
2.029605880108862614e-01
2.036465383469106272e-01
2.042947564242214020e-01
2.049506924635419169e-01
2.056272097348878780e-01
2.063054421089028923e-01
2.069785291749113021e-01
2.076550464462570966e-01
2.083092673829090580e-01
2.089446221902038214e-01
2.095962704728525083e-01
2.102513489608386632e-01
2.109098576541620917e-01
2.115469275641259084e-01
2.121848550254239185e-01
2.128296428973973919e-01
2.134624250506891308e-01
2.140857741393021874e-01
2.147134109845875438e-01
2.153350449705321024e-01
2.159360977244510205e-01
2.165311476190292239e-01
2.171261975136072331e-01
2.176998086248249642e-01
2.182862830060591230e-01
2.188667545279524285e-01
2.193897701104408349e-01
2.199410848869648993e-01
2.204778212908039270e-01
2.210342813753339852e-01
2.215873112545264090e-01
2.221214750043620789e-01
2.226753624348892235e-01
2.232309649680850605e-01
2.237762768852678830e-01
2.243198736997821796e-01
2.248420317309364480e-01
2.253813407887788334e-01
2.259163620899487523e-01
2.263506288663711397e-01
2.263506288663711397e-01
2.263506288663711397e-01
2.263506288663711397e-01
2.263506288663711397e-01
2.263506288663711397e-01
2.263506288663711397e-01
2.263506288663711397e-01
2.263506288663711397e-01
2.263506288663711397e-01
2.263506288663711397e-01
2.263506288663711397e-01
2.263506288663711397e-01
2.263506288663711397e-01
2.263506288663711397e-01
2.263506288663711397e-01
2.263506288663711397e-01
2.263506288663711397e-01
2.263506288663711397e-01
2.263506288663711397e-01
2.263506288663711397e-01
2.263506288663711397e-01
2.263506288663711397e-01
2.263506288663711397e-01
2.263506288663711397e-01
2.263506288663711397e-01
2.263506288663711397e-01
2.263506288663711397e-01
2.263506288663711397e-01
2.263506288663711397e-01
2.263506288663711397e-01
2.263506288663711397e-01
2.263506288663711397e-01
2.263506288663711397e-01
2.263506288663711397e-01
2.263506288663711397e-01
2.263506288663711397e-01
2.263506288663711397e-01
2.263506288663711397e-01
2.263506288663711397e-01
2.263506288663711397e-01
2.263506288663711397e-01
2.263506288663711397e-01
2.263506288663711397e-01
2.263506288663711397e-01
2.263506288663711397e-01
2.263506288663711397e-01
2.263506288663711397e-01
2.263506288663711397e-01
2.263506288663711397e-01
2.263506288663711397e-01
2.263506288663711397e-01
2.263506288663711397e-01
2.263506288663711397e-01
2.263506288663711397e-01
2.263506288663711397e-01
2.263506288663711397e-01
2.263506288663711397e-01
2.263506288663711397e-01
2.263506288663711397e-01
2.263506288663711397e-01
2.263506288663711397e-01
2.263506288663711397e-01
2.263506288663711397e-01
2.263506288663711397e-01
2.263506288663711397e-01
2.263506288663711397e-01
2.263506288663711397e-01
2.263506288663711397e-01
2.263506288663711397e-01
2.263506288663711397e-01
2.263506288663711397e-01
2.263506288663711397e-01
2.263506288663711397e-01
2.263506288663711397e-01
2.263506288663711397e-01
2.263506288663711397e-01
2.263506288663711397e-01
2.263506288663711397e-01
2.263506288663711397e-01
2.263506288663711397e-01
2.263506288663711397e-01
2.263506288663711397e-01
