1.264979255701947913e-01
1.155936096655178491e-01
1.097003039154914317e-01
1.046020929391632270e-01
1.000680010436593714e-01
9.598019608286745274e-02
9.221172768901622629e-02
8.870474826249009903e-02
8.542451227399833202e-02
8.237462375693141436e-02
7.950342604050776585e-02
7.681955801211920454e-02
7.429481378250814283e-02
7.190135851703732817e-02
6.963415982519685632e-02
6.748782467600010493e-02
6.542614149585290750e-02
6.349312626627159895e-02
6.165627957407426168e-02
5.988093084794226389e-02
5.820150949551578662e-02
5.659553004893183581e-02
5.505850092766918086e-02
5.359945776540626233e-02
5.219584646632089570e-02
5.087110295870649057e-02
4.960138765934032912e-02
4.839152854314771740e-02
4.723603362912808662e-02
4.613251674402895491e-02
4.507444409592076956e-02
4.405837054690429910e-02
4.308186842012241141e-02
4.214069246682205366e-02
4.124348029309685137e-02
4.038341252114079072e-02
3.955402706935051693e-02
3.875578995582964342e-02
3.798880427762650613e-02
3.725007579019248144e-02
3.653630803034765839e-02
3.585016329758666104e-02
3.518546085798042455e-02
3.454500381035633533e-02
3.392678549127214199e-02
3.333213047701768378e-02
3.275682410688367241e-02
3.220138573870350712e-02
3.166340670824906167e-02
3.114458277725126734e-02
3.064509950736753544e-02
3.016422815150880676e-02
2.970065328375407973e-02
2.925365244490672756e-02
2.882156969811697569e-02
2.840493396821397107e-02
2.799917237796754194e-02
2.760749133696216787e-02
2.722810797474046682e-02
2.686021632285879104e-02
2.650357570974845242e-02
2.615725996639239534e-02
2.582000166396392418e-02
2.549255919404962850e-02
2.517346602186417912e-02
2.486657006495185743e-02
2.456847148478786408e-02
2.427514633974720351e-02
2.399307087331033900e-02
2.371974983010286669e-02
2.345284716518858045e-02
2.319237911828919002e-02
2.294047907669346034e-02
2.269789734180067964e-02
2.246272106038009128e-02
2.223498383409022033e-02
2.201419165536546568e-02
2.179336245492358159e-02
2.158315392686619913e-02
2.137992600674227389e-02
2.118169114102867734e-02
2.098903733499342741e-02
2.080250697356956710e-02
2.062079751452731285e-02
2.044275615806039059e-02
2.026940442308159882e-02
2.010103915114021603e-02
1.992974095743524354e-02
1.976836050818677262e-02
1.960591449449577625e-02
1.945156287683696972e-02
1.930000249198540394e-02
1.915178523325531540e-02
1.900736002925061327e-02
1.886672909472445966e-02
1.872944319781187292e-02
1.859525241006900961e-02
1.846400181834987816e-02
1.833576309249446493e-02
1.821024976544908733e-02
1.808785745208005627e-02
1.796851902547458302e-02
1.785193747977532885e-02
1.773761857786247328e-02
1.762675085108126108e-02
1.751835468149911743e-02
1.741277920465550758e-02
1.730975297344427427e-02
1.720575041219694554e-02
1.710652166408479016e-02
1.700828442193669590e-02
1.691222665872086847e-02
1.681100228052978540e-02
1.671701860744346721e-02
1.662727767969079604e-02
1.653906830945663098e-02
1.645309913048318903e-02
1.636905793207561050e-02
1.628686289963133735e-02
1.620631248351963108e-02
1.612746903003665563e-02
1.605011541149188592e-02
1.597403913845729662e-02
1.589972400670170913e-02
1.581425590392240843e-02
1.574193411545958543e-02
1.567080254135166592e-02
1.560111333354451471e-02
1.553266366317893228e-02
1.546172241315218673e-02
1.539441248755140344e-02
1.532888333946480844e-02
1.526492755636535067e-02
1.520181440582723566e-02
1.514008696809033237e-02
1.507926907371065148e-02
1.501997642774581011e-02
1.496181021955278988e-02
1.490481382298760975e-02
1.484854272167687034e-02
1.479351018501775389e-02
1.473911090699363789e-02
1.468564215159075259e-02
1.463298123145471454e-02
1.458128260291903337e-02
1.453024738868947952e-02
1.448018853197223683e-02
1.443087760684444790e-02
1.438250060642095977e-02
1.433472577747725227e-02
1.428799254051336086e-02
1.424210722177634593e-02
1.419695437078882620e-02
1.415261878702851750e-02
1.410900841289446442e-02
1.406518079418876341e-02
1.402289511460721137e-02
1.398135081544560517e-02
1.393820472142921069e-02
1.389789106741863567e-02
1.385818316706085261e-02
1.381901886252646927e-02
1.378056666709830125e-02
1.374259432726006661e-02
1.370518017231706943e-02
1.366836633969919015e-02
1.363217031769266459e-02
1.359668960725647288e-02
1.356158737424264724e-02
1.352710614025427922e-02
1.349330590755654438e-02
1.346011754523381530e-02
1.342743485808968462e-02
1.339538745027751311e-02
1.336385492473954328e-02
1.333278164976262233e-02
1.330218770451174065e-02
1.327213658788734159e-02
1.324259958952886396e-02
1.321315192927570610e-02
1.318458182193021910e-02
1.315654249973253163e-02
1.312900275056342290e-02
1.310190802882919489e-02
1.307534476863359864e-02
1.304932413046673047e-02
1.302380632233069747e-02
1.299879821364852313e-02
1.297424712610571740e-02
1.295027041874470194e-02
1.292685905225510364e-02
1.290303434191192658e-02
1.288026687501419090e-02
1.285813680619340461e-02
1.283618827488985231e-02
1.281481040473854242e-02
1.279389980200534675e-02
1.277343111434838321e-02
1.275347380064509838e-02
1.273389222724888650e-02
1.271466668207723444e-02
1.269577532851055499e-02
1.267714671688460575e-02
1.265799927669552724e-02
1.264002755581759146e-02
1.262237045734696493e-02
1.260513104795290759e-02
1.258817820131300294e-02
1.257157343425604167e-02
1.255536407385138969e-02
1.253949781205340556e-02
1.252397867989582698e-02
1.250864518220546825e-02
1.249366963827976476e-02
1.247901637309736626e-02
1.246465259420758039e-02
1.245064485585192088e-02
1.243689452496112534e-02
1.242352180551507812e-02
1.240976105586625959e-02
1.239686978954007701e-02
1.238427936247245634e-02
1.237188583771516373e-02
1.235993082741427933e-02
1.234820148738465136e-02
1.233666993543239797e-02
1.232548157676739350e-02
1.231448260683036533e-02
1.230384183481013707e-02
1.229308753874803345e-02
1.228274107206611503e-02
1.227257905189044554e-02
1.226267496407948410e-02
1.225302917429913624e-02
1.224362972315327057e-02
1.223457611079387629e-02
1.222565727462025451e-02
1.221711152806905475e-02
1.220859647169201222e-02
1.220046986107856286e-02
1.219255781641856093e-02
1.218492509954714059e-02
1.217752494850585232e-02
1.217033288730274762e-02
1.216323529247447140e-02
1.215648065337973649e-02
1.214983677274730431e-02
1.214350777789798171e-02
1.213735312329225144e-02
1.213114626865447604e-02
1.212529412215419995e-02
1.211943601354022355e-02
1.211391891668168151e-02
1.210852983463799395e-02
1.210339749295630783e-02
1.209852021303494882e-02
1.209372937487091480e-02
1.208923287589740506e-02
1.208490314906975581e-02
1.208082382826855192e-02
1.207682308501917268e-02
1.207297711770073147e-02
1.206929712281554906e-02
1.206569408921327746e-02
1.206226952842672472e-02
1.205903216516362141e-02
1.205519768210259329e-02
1.205217759123554735e-02
1.204929804712675384e-02
1.204654679063046907e-02
1.204389996518749964e-02
1.204129073680484767e-02
1.203878172348650348e-02
1.203616408926038925e-02
1.203385327068445983e-02
1.203151774848700006e-02
1.202936124562454384e-02
1.202728146163986600e-02
1.202531083575544835e-02
1.202326895569823077e-02
1.202137732639613037e-02
1.201960864522900845e-02
1.201790588309190749e-02
1.201629028711129199e-02
1.201476069069614371e-02
1.201331407869261556e-02
1.201188062656224388e-02
1.201056970559444444e-02
1.200932317972810796e-02
1.200811330085034372e-02
1.200693337626489166e-02
1.200585627691071883e-02
1.200475200036547202e-02
1.200371069150475353e-02
1.200259005562550642e-02
1.200163242091775197e-02
1.200077217235271006e-02
1.199992948330543679e-02
1.199915843855243330e-02
1.199836727115308720e-02
1.199756475787457435e-02
1.199685406306101078e-02
1.199619531658559050e-02
1.199545325566638010e-02
1.199481664509309022e-02
1.199423338571694447e-02
1.199365592555796944e-02
1.199313726845086837e-02
1.199263916515422995e-02
1.199215755429634302e-02
1.199171163722607437e-02
1.199128254562682565e-02
1.199088505517081731e-02
1.199052084289711946e-02
1.199015456093365309e-02
1.198978918646082664e-02
1.198942148552777608e-02
1.198909536786631376e-02
1.198878719643956675e-02
1.198849658152941096e-02
1.198820737501384015e-02
1.198794007996261540e-02
1.198765155067454263e-02
1.198722845927057724e-02
1.198694282227429596e-02
1.198672367842728084e-02
1.198645590899062759e-02
1.198621206995452958e-02
1.198601838175293414e-02
1.198580997128712890e-02
1.198564291464156335e-02
1.198546342833244419e-02
1.198531561223375140e-02
1.198511488595175971e-02
1.198494900851021505e-02
1.198482279812715032e-02
1.198469627275221966e-02
1.198456749014818398e-02
1.198443718958486573e-02
1.198431385947591743e-02
1.198418473953038500e-02
1.198407671958144800e-02
1.198398386931316152e-02
1.198388630700672995e-02
1.198376543352625521e-02
1.198367248033129634e-02
1.198358791878202136e-02
1.198351637446172166e-02
1.198344200190681712e-02
1.198336850636396930e-02
1.198320552296149380e-02
1.198314506025112414e-02
1.198308339476836411e-02
1.198302695176832293e-02
1.198297880743090689e-02
1.198291967210417253e-02
1.198288110007290040e-02
1.198284279832762499e-02
1.198279741570414808e-02
1.198276019754427289e-02
1.198267394737995845e-02
1.198262818192459729e-02
1.198259766796351024e-02
1.198258072662712267e-02
1.198257714846619019e-02
1.198255987084298306e-02
1.198255435583971129e-02
1.198254793273128768e-02
1.198252972278626531e-02
1.198252663317712560e-02
1.198250635717474852e-02
1.198250015516861069e-02
1.198248313018386232e-02
1.198246839304738763e-02
1.198245679157021112e-02
1.198245187144532549e-02
1.198244511477814835e-02
1.198243875345788613e-02
1.198242541612052139e-02
1.198242028556094178e-02
1.198241723757867937e-02
1.198239593528574627e-02
1.198237981474372868e-02
1.198236748251938454e-02
1.198236350347232221e-02
1.198235788194828601e-02
1.198235032479152973e-02
1.198230902092886976e-02
1.198226197728382084e-02
1.198211668625783280e-02
1.198209419892806195e-02
1.198206897332499549e-02
1.198204752931624796e-02
1.198201507033117529e-02
1.198201622757470546e-02
1.198201700270391801e-02
1.198152341821681448e-02
1.198260838027090727e-02
1.198347143592244646e-02
1.198641951791628267e-02
1.200136349592201106e-02
1.205271126903002463e-02
1.211731089774245075e-02
1.235143284485357151e-02
1.276448585148402814e-02
1.346780734964581235e-02
1.408031362130122109e-02
1.507240826493410485e-02
1.696347623738521382e-02
2.075332792460262560e-02
2.551821186758391341e-02
2.949955775903720726e-02
3.637813444986778832e-02
4.257589758378953898e-02
5.647972644057121239e-02
7.819251003364151298e-02
1.476467357033090511e-01
8.786103315196235330e-01
8.971119297424862385e+08
8.971119298364764452e+08
8.971119299304668903e+08
8.971119300244581699e+08
8.971119301184501648e+08
8.971119302124421597e+08
8.971119303064348698e+08
8.971119304004286528e+08
8.971119304944226742e+08
8.971119305884177685e+08
8.971119306824134588e+08
8.971119307764097452e+08
8.971119308704067469e+08
8.971119309644039869e+08
8.971119310584019423e+08
8.971119311524006128e+08
8.971119312463989258e+08
8.971119313403989077e+08
8.971119314343994856e+08
8.971119315284005404e+08
8.971119316224023104e+08
8.971119317164046764e+08
8.971119318104069233e+08
8.971119319044106007e+08
8.971119319984148741e+08
8.971119320924190283e+08
8.971119321864248514e+08
8.971119322804311514e+08
8.971119323744381666e+08
8.971119324684453011e+08
8.971119325624526739e+08
8.971119326564610004e+08
8.971119327504701614e+08
8.971119328444799185e+08
8.971119329384902716e+08
8.971119330325009823e+08
8.971119331265126467e+08
8.971119332205249071e+08
8.971119333145376444e+08
8.971119334085512161e+08
8.971119335025647879e+08
8.971119335965797901e+08
8.971119336905947924e+08
8.971119337846106291e+08
8.971119338786274195e+08
8.971119339726444483e+08
8.971119340666623116e+08
8.971119341606813669e+08
8.971119342547000647e+08
8.971119343487193584e+08
8.971119344427402020e+08
8.971119345367606878e+08
8.971119346307815313e+08
8.971119347248039246e+08
8.971119348188264370e+08
8.971119349128499031e+08
8.971119350068740845e+08
8.971119351008985043e+08
8.971119351949232817e+08
8.971119352889500856e+08
8.971119353829762936e+08
8.971119354770036936e+08
8.971119355710309744e+08
8.971119356650588512e+08
8.971119357590878010e+08
8.971119358531177044e+08
8.971119359471478462e+08
8.971119360411785841e+08
8.971119361352101564e+08
8.971119362292416096e+08
8.971119363232746124e+08
8.971119364173079729e+08
8.971119365113420486e+08
8.971119366053767204e+08
8.971119366994113922e+08
8.971119367934468985e+08
8.971119368874828815e+08
8.971119369815206528e+08
8.971119370755581856e+08
8.971119371695961952e+08
8.971119372636346817e+08
8.971119373576744795e+08
8.971119374485797882e+08
