1.843414255118293488e+00
1.844144554274089742e+00
1.845608658633136834e+00
1.847813401675233669e+00
1.850768596305175206e+00
1.854486535550703863e+00
1.858981368237026199e+00
1.864268383026862042e+00
1.870363239925646903e+00
1.877281192318911662e+00
1.885036344536532349e+00
1.893640989594726598e+00
1.903105069012753781e+00
1.913435791417600562e+00
1.924637439156376306e+00
1.936711382594464625e+00
1.949656310591561192e+00
1.963468673336173698e+00
1.978143320888076762e+00
1.993674308083690949e+00
2.010055824562972493e+00
2.027283198211186299e+00
2.045353911853321272e+00
2.064268567083686445e+00
2.084031726069826007e+00
2.104652562334116794e+00
2.126145255096148823e+00
2.148529068832210509e+00
2.171828070236834218e+00
2.196070448559990673e+00
2.221287421980702614e+00
2.247511731695812642e+00
2.274775745983019792e+00
2.303109217650854301e+00
2.332536758858404724e+00
2.363075115994953457e+00
2.394730342858139238e+00
2.427494981566842291e+00
2.461345366529958056e+00
2.496239166763592809e+00
2.532113275756601389e+00
2.568882146264688693e+00
2.606436650674045730e+00
2.644643527106556480e+00
2.683345448675331202e+00
2.722361729763665750e+00
2.761489660332062446e+00
2.800506438281289423e+00
2.839171651720431733e+00
2.877230248170204341e+00
2.914415916485086022e+00
2.950454799530982886e+00
2.985069451116581174e+00
3.017982948928343401e+00
3.048923075785490600e+00
3.077626483950831382e+00
3.103842761089179447e+00
3.127338321420896960e+00
3.147900051410247091e+00
3.165338645767062697e+00
3.179491576495053984e+00
3.190225645097925167e+00
3.197439075792122498e+00
3.201063115615481625e+00
