1.686215186001793038e-05
5.287295670013523628e-04
1.028591263461093794e-03
1.529310511255236585e-03
2.034317515721374790e-03
2.524746147502722731e-03
3.031468254637661053e-03
3.539905464441397975e-03
4.057775738923530447e-03
4.562782743389667134e-03
5.083225671874994252e-03
5.587375125006732723e-03
6.082091513460078681e-03
6.589671171929416087e-03
7.085245111717161128e-03
7.582534154173703467e-03
8.084110953302246425e-03
8.571966931080397117e-03
9.071828627540128032e-03
9.559684605318271786e-03
1.005697364777479591e-02
1.055426269023132350e-02
1.105240928402224931e-02
1.154712567247558053e-02
1.204441471493210118e-02
1.253398579537903269e-02
1.303556259450755483e-02
1.353971204763927683e-02
1.404471905210540224e-02
1.455572891591232557e-02
1.506845388238804359e-02
1.558460905420136662e-02
1.609733402067708638e-02
1.661606184649360232e-02
1.711077823494692660e-02
1.761235503407545047e-02
1.810621387119438694e-02
1.860178781098210943e-02
1.910164950744183340e-02
1.959122058788876491e-02
2.010051534902689008e-02
2.058408357013302714e-02
2.107365465057995865e-02
2.155808042302050087e-02
2.205451191414262851e-02
2.254236789192076360e-02
2.302593611302690413e-02
2.351807984747703376e-02
2.401022358192716685e-02
2.448092853301730293e-02
2.496278165145464009e-02
2.543863191055117934e-02
2.591276706697892215e-02
2.642291937945143512e-02
2.690648760055756872e-02
2.741492481036129567e-02
2.789077506945783838e-02
2.836062246921357624e-02
2.883904538231331013e-02
2.932347115475385235e-02
2.980446672185677048e-02
3.028717739162850586e-02
3.077674847207544431e-02
3.126203179585036740e-02
3.175160287629729544e-02
3.222745313539383122e-02
3.271359401050315252e-02
3.321088305295968185e-02
3.370731454408180949e-02
3.419002521385354487e-02
3.469674732098845804e-02
3.517431268275379719e-02
3.570933398392394514e-02
3.622205895039973256e-02
3.672363574952831194e-02
3.722435499732249659e-02
3.773536486112946675e-02
3.823265390358605159e-02
3.872136743269861958e-02
3.923580750184319649e-02
3.974681736565017359e-02
4.025268192145076140e-02
4.073281993721933336e-02
4.121467305565671563e-02
4.169566862275973090e-02
4.218609725454110920e-02
4.266194751363768661e-02
4.314894594008147899e-02
4.364023212319726591e-02
4.411608238229383638e-02
4.458764488471844006e-02
4.506521024648383472e-02
4.555735398093399557e-02
4.605807322872820103e-02
4.650991205046161453e-02
4.699262272023336379e-02
4.746933053066437758e-02
4.796576202178655379e-02
4.845190289689593754e-02
4.892346539932052735e-02
4.939588545307951190e-02
4.990603776555209425e-02
5.037502761397348594e-02
5.085087787307007029e-02
5.133530364551062292e-02
5.183087758529839745e-02
5.231530335773898477e-02
5.280058668151395296e-02
5.328930021062651401e-02
5.377801373973910282e-02
5.427273012819248260e-02
5.474086242527947260e-02
5.525015718641765328e-02
5.573972826686465071e-02
5.623272955264922712e-02
5.670772226041139591e-02
5.719729334085838640e-02
5.768000401063016341e-02
5.816357223173632129e-02
5.864885555551131724e-02
5.914185684129590753e-02
5.961770710039247106e-02
6.009870266749547246e-02
6.057283782392324650e-02
6.105897869903261638e-02
6.154083181746999170e-02
6.203126044925138388e-02
6.252168908103276912e-02
6.300096954546695327e-02
6.348453776657310421e-02
6.398868721970489559e-02
6.447825830015188608e-02
6.496525672659567152e-02
6.542395595900425687e-02
6.591352703945124736e-02
6.640052546589500504e-02
6.688237858433239424e-02
6.736508925410418513e-02
6.784093951320077642e-02
6.832021997763497445e-02
6.880721840407875989e-02
6.928992907385050914e-02
6.978035770563188744e-02
7.026392592673808002e-02
7.073120067249057119e-02
7.121305379092798815e-02
7.169833711470299797e-02
7.219991391383148716e-02
7.266804621091851879e-02
7.314389647001506845e-02
7.362574958845245765e-02
7.409988474488017618e-02
7.458774072265836330e-02
7.506702118709258909e-02
7.552915062483867015e-02
7.601529149994805390e-02
7.651086543973585619e-02
7.699872141751394616e-02
7.747371412527612189e-02
7.794098887102866857e-02
7.840997871945008801e-02
7.889183183788735232e-02
7.937797271299670832e-02
7.984524745874926888e-02
8.031852506384265511e-02
8.078579980959518791e-02
8.125050190134454342e-02
8.172377950643795741e-02
8.218676649551844016e-02
8.266947716529020329e-02
8.314018211638035671e-02
8.363404095349939726e-02
8.410388835325506574e-02
8.455829982899169817e-02
8.501785661273464356e-02
8.549456442316563654e-02
8.596355427158697271e-02
8.640596002864198155e-02
8.685865640170974122e-02
8.731649808278395264e-02
8.777348221252369298e-02
8.823732675293861905e-02
8.870288639602241787e-02
8.918559706579416713e-02
8.964858405487483028e-02
9.012357676263688111e-02
9.056941272502951057e-02
9.103926012478520680e-02
9.148509608717790564e-02
9.196437655161202041e-02
9.242822109202686320e-02
9.289721094044822713e-02
9.336277058353199820e-02
9.381803961060296293e-02
9.428702945902432686e-02
9.473715317808893699e-02
9.521128833451662776e-02
9.568799614494759298e-02
9.617670967406012628e-02
9.665170238182231588e-02
9.710439875489010331e-02
9.759311228400265048e-02
9.807753805644317535e-02
9.855081566153660322e-02
9.902495081796429399e-02
9.949737087172333405e-02
9.999551746551424425e-02
1.004507864925851673e-01
1.009189187896721712e-01
1.013681849574023380e-01
1.018268841898109095e-01
1.022555691255155885e-01
1.026945446772329490e-01
1.031480986016352214e-01
1.036110855907157458e-01
1.040449158344267100e-01
1.045130481315137139e-01
1.049786077745974988e-01
1.054278739423276656e-01
1.058797127640611346e-01
1.063684262931736679e-01
1.068305557309198461e-01
1.073072635413507142e-01
1.077711080817656958e-01
1.082280922115055610e-01
1.087253812539621112e-01
1.091815078323674915e-01
1.096667911561424874e-01
1.101589348905926552e-01
1.106493635223739919e-01
1.111166382681264830e-01
1.115856281165478608e-01
1.120623359269788955e-01
1.125536221100946338e-01
1.130234695098504133e-01
1.134976046662782706e-01
1.140008965680755354e-01
1.144690288651625670e-01
1.149628877022814133e-01
1.154490285773907693e-01
1.159677564032073616e-01
1.164804813696830449e-01
1.169897761308211909e-01
1.174742019032617574e-01
1.179980750370847042e-01
1.185082273495571825e-01
1.190132343540233201e-01
1.195319621798399540e-01
1.200481173516532302e-01
1.205865688581609640e-01
1.211027240299742541e-01
1.216514661524947943e-01
1.221779119403208491e-01
1.227215087548349515e-01
1.232676782233523144e-01
1.238129901405351785e-01
1.243608747117213031e-01
1.248710270241938647e-01
1.253880397473415564e-01
1.259547904478844904e-01
1.265035325704049474e-01
1.270428416282471940e-01
1.276018743667803601e-01
1.281454711812945180e-01
1.286882104444742048e-01
1.292438129776699585e-01
1.297788342788400717e-01
1.303267188500262241e-01
1.309131932312603275e-01
1.314636504564496156e-01
1.320038170656261667e-01
1.325662800094970784e-01
1.331467515313904115e-01
1.337135022319333177e-01
1.343025492671705845e-01
1.348692999677134352e-01
1.354497714896067684e-01
1.360311005628344894e-01
1.366167173927342049e-01
1.371971889146275658e-01
1.377776604365207602e-01
1.384113001411467481e-01
1.389720479823489396e-01
1.395782460442742123e-01
1.401775836955243271e-01
1.407889270654561209e-01
1.413839769600341301e-01
1.419721664439371478e-01
1.425938004298816786e-01
1.431837050164531111e-01
1.437967634890538748e-01
1.444132521669919955e-01
1.450048718562326200e-01
1.456213605341707684e-01
1.462524275847933986e-01
1.468809219814131428e-01
1.474631086059753626e-01
1.480847425919198657e-01
1.487269578098899259e-01
1.493434464878279633e-01
1.499727984357820676e-01
1.506115834484146876e-01
1.512692345904038393e-01
1.518994440896922760e-01
1.525493772696721595e-01
1.531538602289286843e-01
1.538020783062396535e-01
1.544605869995633596e-01
1.550993720121956743e-01
1.557501627435098901e-01
1.563632212161104040e-01
1.570148694987588966e-01
1.576630875760698103e-01
1.583147358587181364e-01
1.589552359740194487e-01
1.595914483326487665e-01
1.602319484479501066e-01
1.608793089739267435e-01
1.615240968458998561e-01
1.621851781932266978e-01
1.628462595405536228e-01
1.634893323098581264e-01
1.641358352845003754e-01
1.648029194911678208e-01
1.654785792111795328e-01
1.661559540338598817e-01
1.668436194725532729e-01
1.674926951011984633e-01
1.681477735891844516e-01
1.688174304498555878e-01
1.694888024131951110e-01
1.701593168252006905e-01
1.708358340965465960e-01
1.715132089192269171e-01
1.722051621145923306e-01
1.728756765265975215e-01
1.735539089006125635e-01
1.742235657612834498e-01
1.749138038539796991e-01
1.755997541900043701e-01
1.762797016666879657e-01
1.769622217973748357e-01
1.776713260194278665e-01
1.783598490094557010e-01
1.790689532315086763e-01
1.797317496815046267e-01
1.804279906335419514e-01
1.811388099582636468e-01
1.818213300889507944e-01
1.825141408356504014e-01
1.832112393390221972e-01
1.839220586637440313e-01
1.846491714638197612e-01
1.853822871232361780e-01
1.860905337939551818e-01
1.867979229133396590e-01
1.875138875460677368e-01
1.882041256387643746e-01
1.888969363854638983e-01
1.895948924401701374e-01
1.902551162361623138e-01
1.909256306481676435e-01
1.916287320108801817e-01
1.923326909249269967e-01
1.930237865689577448e-01
1.937328907910107201e-01
1.944325619483857071e-01
1.951047914630596736e-01
1.957976022097595026e-01
1.964981309184687941e-01
1.971549245091233915e-01
1.978142907537815132e-01
1.985010986411402667e-01
1.991879065284993533e-01
1.998712842105205556e-01
2.005623798545512204e-01
2.012226036505438409e-01
2.018982633705553587e-01
2.025584871665479791e-01
2.032144232058684663e-01
2.038643563858479058e-01
2.045185773224997283e-01
2.051976672478488528e-01
2.058613212491791078e-01
2.065301205585155231e-01
2.071834839438324860e-01
2.078308444698091784e-01
2.084910682658015213e-01
2.091427165484502915e-01
2.097815015610828004e-01
2.104262894330558853e-01
2.110599291376821507e-01
2.117055745609897899e-01
2.123349265089439775e-01
2.129565604948885083e-01
2.135764793781639581e-01
2.142032586721149823e-01
2.148025963233652080e-01
2.154113670392933944e-01
2.160004140745308832e-01
2.166014668284497457e-01
2.171862261070147959e-01
2.177598372182329434e-01
2.183300181241134841e-01
2.188718998359585888e-01
2.194052060344601762e-01
2.199522330543122461e-01
2.204846817014790017e-01
2.210522899533563790e-01
2.215933141138671514e-01
2.221403411337188605e-01
2.226933710129115618e-01
2.232352527247570551e-01
2.237874250526149522e-01
2.243215888024509552e-01
2.248506072442804649e-01
2.253830558914475812e-01
2.259163620899487523e-01
2.263506288663711397e-01
2.263506288663711397e-01
2.263506288663711397e-01
2.263506288663711397e-01
2.263506288663711397e-01
2.263506288663711397e-01
2.263506288663711397e-01
2.263506288663711397e-01
2.263506288663711397e-01
2.263506288663711397e-01
2.263506288663711397e-01
2.263506288663711397e-01
2.263506288663711397e-01
2.263506288663711397e-01
2.263506288663711397e-01
2.263506288663711397e-01
2.263506288663711397e-01
2.263506288663711397e-01
2.263506288663711397e-01
2.263506288663711397e-01
2.263506288663711397e-01
2.263506288663711397e-01
2.263506288663711397e-01
2.263506288663711397e-01
2.263506288663711397e-01
2.263506288663711397e-01
2.263506288663711397e-01
2.263506288663711397e-01
2.263506288663711397e-01
2.263506288663711397e-01
2.263506288663711397e-01
2.263506288663711397e-01
2.263506288663711397e-01
2.263506288663711397e-01
2.263506288663711397e-01
2.263506288663711397e-01
2.263506288663711397e-01
2.263506288663711397e-01
2.263506288663711397e-01
2.263506288663711397e-01
2.263506288663711397e-01
2.263506288663711397e-01
2.263506288663711397e-01
2.263506288663711397e-01
2.263506288663711397e-01
2.263506288663711397e-01
2.263506288663711397e-01
2.263506288663711397e-01
2.263506288663711397e-01
2.263506288663711397e-01
2.263506288663711397e-01
2.263506288663711397e-01
2.263506288663711397e-01
2.263506288663711397e-01
2.263506288663711397e-01
2.263506288663711397e-01
2.263506288663711397e-01
2.263506288663711397e-01
2.263506288663711397e-01
2.263506288663711397e-01
2.263506288663711397e-01
2.263506288663711397e-01
2.263506288663711397e-01
2.263506288663711397e-01
2.263506288663711397e-01
2.263506288663711397e-01
2.263506288663711397e-01
2.263506288663711397e-01
2.263506288663711397e-01
2.263506288663711397e-01
2.263506288663711397e-01
2.263506288663711397e-01
2.263506288663711397e-01
2.263506288663711397e-01
2.263506288663711397e-01
2.263506288663711397e-01
2.263506288663711397e-01
2.263506288663711397e-01
2.263506288663711397e-01
2.263506288663711397e-01
2.263506288663711397e-01
2.263506288663711397e-01
2.263506288663711397e-01
