8.979154414447015897e-02
8.393622417321899842e-02
7.921126101360090321e-02
7.514031506033601315e-02
7.150280713594533988e-02
6.816052522993075458e-02
6.509040880174098154e-02
6.221923167722876596e-02
5.957245628817588873e-02
5.709743442126104240e-02
5.481047245656651967e-02
5.265881147200735662e-02
5.063846099041026394e-02
4.872300882055356080e-02
4.692996924604388859e-02
4.522203731939471866e-02
4.360378416847614236e-02
4.206211277282865396e-02
4.059701669608026947e-02
3.921348354719039059e-02
3.790404180465640344e-02
3.665498804659171606e-02
3.546310336102075078e-02
3.432973439400142240e-02
3.325606559359389758e-02
3.223279971395513060e-02
3.126622228191796443e-02
3.034776726975269359e-02
2.947466435354617956e-02
2.865850938970748024e-02
2.787394224858738209e-02
2.713303062087864953e-02
2.642448128040180907e-02
2.573807370220722313e-02
2.508908672426610545e-02
2.446633528953940859e-02
2.386614268293446584e-02
2.329338666285728915e-02
2.274456039939197829e-02
2.221962258095562873e-02
2.171742316068271672e-02
2.123188202255590212e-02
2.076394978398243482e-02
2.031073784639145230e-02
1.987595107082420695e-02
1.945646435792386386e-02
1.905549291236827494e-02
1.866818638801336430e-02
1.830012238807623634e-02
1.794615944061542234e-02
1.760661972050336574e-02
1.728176490188380876e-02
1.696995329447635592e-02
1.666249517124890681e-02
1.637018702192399172e-02
1.608648312925238869e-02
1.581511023080162462e-02
1.555122660596152187e-02
1.529841788359918679e-02
1.505498606661796399e-02
1.482118006845875406e-02
1.459565905697378721e-02
1.437864229789189395e-02
1.416925028798306230e-02
1.396836295574204780e-02
1.377431695191936624e-02
1.358743183723891933e-02
1.340781238779793598e-02
1.323480346446040054e-02
1.306899107601041526e-02
1.290835923157126509e-02
1.275319951595528002e-02
1.259434344420624213e-02
1.244526181251377241e-02
1.229846767490877339e-02
1.215992652900264176e-02
1.202516537895290810e-02
1.189520467700198175e-02
1.176922536506991995e-02
1.164611632493602576e-02
1.152640437823189944e-02
1.140777641789989666e-02
1.129172952006086625e-02
1.118000274044205627e-02
1.107222700309078850e-02
1.096674511519432453e-02
1.086377847428043712e-02
1.076360404078718046e-02
1.066617445099317038e-02
1.057123497795943619e-02
1.047907826784003418e-02
1.038965197178174336e-02
1.030054893957230329e-02
1.021321214208459685e-02
1.012628679385570683e-02
1.004413483979179657e-02
9.962245884827941600e-03
9.881634266878859540e-03
9.803783386602912819e-03
9.728303711978322429e-03
9.655350333240090080e-03
9.582773839166110891e-03
9.513210477911806726e-03
9.445787819997338020e-03
9.380226829031510297e-03
9.315327935205617790e-03
9.252332309111824943e-03
9.190892209908796059e-03
9.130718057570342064e-03
9.071919200672478104e-03
9.014383590967409501e-03
8.957950738576690372e-03
8.901661012420486463e-03
8.847259788171295269e-03
8.793522852329767325e-03
8.741086312141840495e-03
8.689237415825581262e-03
8.638304390713317030e-03
8.588643079491906085e-03
8.538281199940031541e-03
8.490242383437394957e-03
8.443308380198346827e-03
8.397064089761320863e-03
8.351897866209830046e-03
8.307806806296015242e-03
8.264598061010089078e-03
8.221924501033452820e-03
8.179784299474912590e-03
8.138473022241287172e-03
8.097885546184348596e-03
8.055986912264950436e-03
8.016724328304932964e-03
7.978318140748464835e-03
7.939571326628140635e-03
7.902633341857827690e-03
7.866693414773246254e-03
7.831253745143491873e-03
7.796572479409157215e-03
7.762404204808377381e-03
7.728828360636244912e-03
7.695771155884836845e-03
7.663413675641872307e-03
7.631681425468921781e-03
7.600262065005638883e-03
7.569514060064247256e-03
7.539229756645778741e-03
7.509541661211047506e-03
7.475479101548168463e-03
7.446444571332130023e-03
7.417972834618985142e-03
7.390027203451432318e-03
7.362526453270781465e-03
7.335462482700075282e-03
7.308808613779462990e-03
7.282652249668287482e-03
7.257087064260984294e-03
7.232042933891133854e-03
7.206811875357699987e-03
7.182761698700709449e-03
7.159159906174205126e-03
7.135781630550709631e-03
7.112907998968090451e-03
7.090508055721578967e-03
7.068569739968045412e-03
7.047027483291146664e-03
7.025986270445736676e-03
7.005249479064843202e-03
6.984937744492207556e-03
6.964949562101545658e-03
6.945333220250593520e-03
6.925986469527673980e-03
6.905579232585972414e-03
6.886665889564567121e-03
6.868097164271579069e-03
6.849867436330596589e-03
6.831982812037062057e-03
6.814397953408366827e-03
6.797153707749411383e-03
6.780095373840365654e-03
6.763305729981344307e-03
6.746771744861938119e-03
6.730609569431130097e-03
6.714684211104481396e-03
6.697478145384588681e-03
6.682174285484432895e-03
6.663457974760441001e-03
6.648035364325211548e-03
6.633474523780574783e-03
6.619216075011029321e-03
6.605333419915536929e-03
6.591799602829503946e-03
6.578554299487260858e-03
6.565632326576364974e-03
6.552987344509398140e-03
6.540537830269714872e-03
6.528385740529966605e-03
6.516523531819314041e-03
6.504880585619597297e-03
6.493443612672557437e-03
6.482146834941956114e-03
6.471186605388179990e-03
6.460436673911091818e-03
6.449993411838380458e-03
6.439736028331603281e-03
6.429674937638470145e-03
6.419887651890746234e-03
6.409719793866134642e-03
6.400320134751614522e-03
6.391057115566854165e-03
6.382095074361384193e-03
6.373293272336539965e-03
6.364735211794634619e-03
6.356390096603881101e-03
6.348227467113284374e-03
6.340259804873162909e-03
6.332495627962936476e-03
6.324897954247181604e-03
6.317459754873554385e-03
6.310110294381408858e-03
6.302989823976113196e-03
6.295807236107925364e-03
6.288923886696352709e-03
6.282187800669683173e-03
6.275601329855302370e-03
6.269243870170754761e-03
6.262850293154671039e-03
6.256797831740591037e-03
6.250897630249284236e-03
6.245108526483891288e-03
6.239230852802883989e-03
6.233571364925483312e-03
6.228095919392715937e-03
6.222749318271251877e-03
6.217551755331468359e-03
6.212552926252763383e-03
6.207717962268909269e-03
6.202998349686247338e-03
6.198466353487565306e-03
6.194049806985373573e-03
6.189821038355853948e-03
6.185709542376485910e-03
6.181609695945807295e-03
6.177614249347205752e-03
6.173857542539113070e-03
6.170252219530299523e-03
6.166723510582804157e-03
6.163401583202473936e-03
6.160179461905293530e-03
6.157131656961992335e-03
6.153948442745926090e-03
6.151185313447822371e-03
6.148423852525580595e-03
6.145852882561438253e-03
6.143362566811210249e-03
6.140968978551627870e-03
6.138543342123270463e-03
6.136311899738080243e-03
6.134193922475792392e-03
6.132156841000793029e-03
6.130099929794933719e-03
6.128187384271646838e-03
6.126303538124498564e-03
6.124515952691447947e-03
6.122840148839774760e-03
6.120927930689172396e-03
6.119309189946100375e-03
6.117688215533529858e-03
6.116211527440383773e-03
6.114668541552834014e-03
6.113247563840511212e-03
6.111563951158613221e-03
6.110227476839620066e-03
6.108966565455817115e-03
6.107799268479671348e-03
6.106653846702906653e-03
6.105553074807863571e-03
6.104475038842519311e-03
6.103460941543725586e-03
6.102487089547281238e-03
6.101567580010972859e-03
6.100663281332090529e-03
6.099788262087322416e-03
6.098969017568060813e-03
6.098193679697356574e-03
6.097500618167982570e-03
6.096754278699212382e-03
6.096104153082539459e-03
6.095496045598037226e-03
6.094916120387347362e-03
6.094248788351490885e-03
6.093675958659352208e-03
6.093169883426749998e-03
6.092644972544501887e-03
6.092166204260009502e-03
6.091691693578160822e-03
6.091264507859794897e-03
6.090858075763219692e-03
6.090458839266565082e-03
6.090051452368838540e-03
6.089682988047278450e-03
6.089341200382462210e-03
6.088996036814686014e-03
6.088659566415866205e-03
6.088379945489618555e-03
6.088064552515485423e-03
6.087799290147657277e-03
6.087545410123403750e-03
6.087298792516800117e-03
6.087074508165164939e-03
6.086868577167176518e-03
6.086643671895537559e-03
6.086427610657500417e-03
6.086247566764775227e-03
6.086046616157596637e-03
6.085894094436192052e-03
6.085731460223375508e-03
6.085582614132691720e-03
6.085404470508140248e-03
6.085258595061587318e-03
6.085070507358205510e-03
6.084937423368443933e-03
6.084816450335481415e-03
6.084695134388844011e-03
6.084598937622421634e-03
6.084504271710717421e-03
6.084412113089281843e-03
6.084329440495320207e-03
6.084161732590012348e-03
6.084087610649968267e-03
6.084005129828540248e-03
6.083931514303799956e-03
6.083857149454717506e-03
6.083801835343956993e-03
6.083734945216258058e-03
6.083687465494714772e-03
6.083616717421707135e-03
6.083574363077387179e-03
6.083537069457376455e-03
6.083494499715707236e-03
6.083458336707725858e-03
6.083418086961276013e-03
6.083369258628395539e-03
6.083340126323106938e-03
6.083304297506920456e-03
6.083282515450445099e-03
6.083110781446281895e-03
6.083082100639233998e-03
6.083063255868273282e-03
6.082977821553295708e-03
6.082946511897112905e-03
6.082926477019369969e-03
6.082913549255331877e-03
6.082907280411011496e-03
6.082906638874786311e-03
6.082870964032648618e-03
6.082857892749939620e-03
6.082848693000965715e-03
6.082844108121743774e-03
6.082826493085051467e-03
6.082824945560959089e-03
6.082816500228137128e-03
6.082807444947345432e-03
6.082793554855926363e-03
6.082789386937942529e-03
6.082777416182943292e-03
6.082776307588032109e-03
6.082774334760772915e-03
6.082768033739845669e-03
6.082763297773192100e-03
6.082760229591578811e-03
6.082752918931302877e-03
6.082743858710085508e-03
6.082740198400752966e-03
6.082732367839656720e-03
6.082719507750610106e-03
6.082714422504904676e-03
6.082699966454969444e-03
6.082686823894970819e-03
6.082655991073054533e-03
6.082631049621701515e-03
6.082603315655289028e-03
6.082589104444354432e-03
6.082584098328549550e-03
6.082555073963894811e-03
6.082525151884410515e-03
6.082480980767801526e-03
6.082462509733058131e-03
6.082442047029903813e-03
6.082414341481250791e-03
6.082381728290934923e-03
6.082240675611049786e-03
6.081750075843152421e-03
6.081769200724619975e-03
6.081640570461842830e-03
6.081908544551707999e-03
6.081939123780569743e-03
6.082495882205660349e-03
6.086885790489070247e-03
6.092250692427447420e-03
6.102614945859920897e-03
6.146930803690493599e-03
6.212142635943219450e-03
6.417219143172061928e-03
6.837104398793181735e-03
7.463547219310038075e-03
8.315281369413174417e-03
8.807010840939459226e-03
1.042142215537134216e-02
1.220953655951165229e-02
1.597541922121410371e-02
2.012630857843759891e-02
2.471817167097002665e-02
3.273176437988174065e-02
4.105892564931785255e-02
5.582036851090704799e-02
8.033327386124443359e-02
1.521061160015970415e-01
8.811136545321035518e-01
8.971119206465456486e+08
8.971119205526555777e+08
8.971119204587663412e+08
8.971119203648773432e+08
8.971119202709888220e+08
8.971119201771017313e+08
8.971119200832151175e+08
8.971119199893281460e+08
8.971119198954426050e+08
8.971119198015577793e+08
8.971119197076736689e+08
8.971119196137893200e+08
8.971119195199065208e+08
8.971119194260241985e+08
8.971119193321413994e+08
8.971119192382600307e+08
8.971119191443794966e+08
8.971119190504993200e+08
8.971119189566195011e+08
8.971119188627407551e+08
8.971119187688623667e+08
8.971119186749848127e+08
8.971119185811077356e+08
8.971119184872318506e+08
8.971119183933559656e+08
8.971119182994807959e+08
8.971119182056061029e+08
8.971119181117323637e+08
8.971119180178588629e+08
8.971119179239863157e+08
8.971119178301142454e+08
8.971119177362422943e+08
8.971119176423714161e+08
8.971119175485019684e+08
8.971119174546326399e+08
8.971119173607631922e+08
8.971119172668945789e+08
8.971119171730271578e+08
8.971119170791594982e+08
8.971119169852933884e+08
8.971119168914272785e+08
8.971119167975623608e+08
8.971119167036970854e+08
8.971119166098334789e+08
8.971119165159693956e+08
8.971119164221074581e+08
8.971119163282450438e+08
8.971119162343829870e+08
8.971119161405225992e+08
8.971119160466623306e+08
8.971119159528026581e+08
8.971119158589435816e+08
8.971119157650855780e+08
8.971119156712269783e+08
8.971119155773699284e+08
8.971119154835138321e+08
8.971119153896573782e+08
8.971119152958021164e+08
8.971119152019474506e+08
8.971119151080932617e+08
8.971119150142399073e+08
8.971119149203864336e+08
8.971119148265342712e+08
8.971119147326828241e+08
8.971119146388316154e+08
8.971119145449814796e+08
8.971119144511319399e+08
8.971119143572827578e+08
8.971119142634341717e+08
8.971119141695866585e+08
8.971119140757389069e+08
8.971119139818923473e+08
8.971119138880459070e+08
8.971119137942005396e+08
8.971119137003563643e+08
8.971119136065117121e+08
8.971119135126680136e+08
8.971119134188247919e+08
8.971119133249826431e+08
8.971119132311412096e+08
8.971119131373001337e+08
8.971119130434595346e+08
8.971119129527478218e+08
