7.413551072970976652e-02
7.416798891252578130e-02
7.423279484524689109e-02
7.432968874110970625e-02
7.445844267458402721e-02
7.461894722939896307e-02
7.481128704802895990e-02
7.503575953373936569e-02
7.529283068892966835e-02
7.558304397859386126e-02
7.590691461632542714e-02
7.626484704078588528e-02
7.665710565301407653e-02
7.708385066403904140e-02
7.754522831441847119e-02
7.804148546720858504e-02
7.857306928356551368e-02
7.914067668395605160e-02
7.974523438863953539e-02
8.038781315406273720e-02
8.106950162620454869e-02
8.179127853889073263e-02
8.255392218354967726e-02
8.335798303387664809e-02
8.420382353729587155e-02
8.509170586312930773e-02
8.602189184824368673e-02
8.699471534037049592e-02
8.801059720472800829e-02
8.906999412881681788e-02
9.017329684679135926e-02
9.132071285026810425e-02
9.251217592971219816e-02
9.374731693737360649e-02
9.502550914115939773e-02
9.634597421367671610e-02
9.770791044757123900e-02
9.911059174603241428e-02
1.005533892837594118e-01
1.020356870522623471e-01
1.035566919179625039e-01
1.051151688319750394e-01
1.067091525081663717e-01
1.083356913390026016e-01
1.099906661767005578e-01
1.116687006168937540e-01
1.133631499209979132e-01
1.150661334832914773e-01
1.167685692697653238e-01
1.184601809868926908e-01
1.201294761033079167e-01
1.217637255331944085e-01
1.233490012234798733e-01
1.248703349520836475e-01
1.263120447806531654e-01
1.276582372234394969e-01
1.288934435091286801e-01
1.300033025403552756e-01
1.309751768532765592e-01
1.317985917977961274e-01
1.324654242284203365e-01
1.329698268962083429e-01
1.333079418155434237e-01
1.334775101003876918e-01
