1.315541923690725802e-05
6.451064164605795634e-04
1.356415353110868591e-03
2.107812321017899036e-03
2.829756857797525397e-03
3.599970656702622483e-03
4.351367624609658348e-03
5.119945177341014148e-03
5.900794576375455180e-03
6.689825206278621726e-03
7.496036421006116446e-03
8.289157666343653988e-03
9.088823896376168818e-03
9.892580741843039899e-03
1.069879195657051987e-02
1.148127760177871173e-02
1.229403380120117420e-02
1.312397058544795096e-02
1.391463746152486747e-02
1.472821178403418627e-02
1.554669484506474367e-02
1.633736172114162027e-02
1.715666290525902707e-02
1.794814790442278429e-02
1.874126914976029235e-02
1.956875156474642552e-02
2.039705210281943237e-02
2.119344584050443167e-02
2.197020462410448349e-02
2.271832909966400513e-02
2.322265289533558333e-02
2.385624013873297727e-02
2.434992833427521500e-02
2.488206831490044971e-02
2.534875844857589766e-02
2.586453596746369349e-02
2.638685847104646140e-02
2.690918097462922584e-02
2.741841350882203571e-02
2.797673342822717610e-02
2.850641903959179324e-02
2.898865351191784456e-02
2.950034041537125465e-02
2.996866679522043261e-02
3.047299059089197959e-02
3.114257525011177377e-02
3.163708156874087130e-02
3.218640213419043244e-02
3.275290328446429228e-02
3.337749117390608616e-02
3.382945509201783219e-02
3.438368439598861459e-02
3.490846126883200701e-02
3.549459737319080044e-02
3.597028686082184151e-02
3.645497570240847224e-02
3.699284254464180882e-02
3.750207507883462216e-02
3.810620989110462264e-02
3.861298805603678719e-02
3.921957723756739483e-02
3.961590878577177927e-02
4.005396461140665193e-02
4.056646963794693223e-02
4.117387694256442743e-02
4.187291403291160119e-02
4.231342422780711571e-02
4.270811952983782217e-02
4.312408603212722347e-02
4.360795675062699439e-02
4.432499254888537521e-02
4.496676102315148166e-02
4.549971912686359005e-02
4.595986427584410061e-02
4.678243795230899865e-02
4.746674882709250171e-02
4.802915936193201396e-02
4.857847992738160287e-02
4.918016037039096150e-02
4.984483629108955177e-02
5.058723390504096806e-02
5.118400560952912626e-02
5.212438901050368140e-02
5.298459634896471315e-02
5.394870531945858416e-02
5.490790555143118534e-02
5.548176980948688747e-02
5.598691172824532547e-02
5.651332484726252769e-02
5.710273344396886441e-02
5.770277764080458671e-02
5.824228072921176086e-02
5.879569191009574591e-02
5.937937364519405709e-02
5.993523919533864930e-02
6.051401219191570452e-02
6.108214958836338804e-02
6.202253298933804032e-02
6.266266521743052431e-02
6.328888935304614882e-02
6.391838598100926805e-02
6.450452208536815168e-02
6.535900256222115789e-02
6.622902737772476400e-02
6.678816542021687175e-02
6.743402450991743680e-02
6.801688812192885347e-02
6.872247019697107218e-02
6.921615839251341051e-02
6.990783237507883219e-02
7.044569921731226592e-02
7.127399975538536991e-02
7.230846731135033567e-02
7.322103452737135920e-02
7.379980752394839361e-02
7.434012873544240674e-02
7.494344542462560987e-02
7.570056925414081483e-02
7.643805812957110701e-02
7.687038709359797495e-02
7.730517042688549167e-02
7.773340877547800509e-02
7.829909180266506064e-02
7.892777030754133394e-02
7.943945721099482382e-02
8.034957005775517080e-02
8.141349004484754737e-02
8.241277830807700044e-02
8.334743484744358555e-02
8.393029845945498835e-02
8.445507533229844321e-02
8.506166451382911331e-02
8.572634043452775909e-02
8.640165195535573495e-02
8.701724049084204327e-02
8.768846139623566460e-02
8.868120467477015600e-02
8.934015373386074155e-02
9.023963098049171683e-02
9.118737748924823916e-02
9.217848452160899708e-02
9.316959155396969949e-02
9.428178080318758147e-02
9.519516614229545093e-02
9.613064080474882644e-02
9.690167272674091170e-02
9.760152794017511180e-02
9.838728607773082613e-02
9.905441636769009295e-02
9.999070915323034214e-02
1.005449384572011939e-01
1.012079781317260785e-01
1.017973867284324568e-01
1.025111500343434262e-01
1.032380033096443467e-01
1.039771284312484417e-01
1.044961784424838225e-01
1.052058511329603957e-01
1.062476817967071968e-01
1.071046166428208657e-01
1.076588459467917036e-01
1.086990403643647157e-01
1.096312425344705827e-01
1.106117139667019550e-01
1.115422798906341578e-01
1.124237584293539816e-01
1.134189560771489969e-01
1.145057835106739613e-01
1.154600750041252788e-01
1.159439457226252163e-01
1.166683446286655018e-01
1.171743046705108621e-01
1.176377223118389576e-01
1.186762804832382223e-01
1.194571298822727778e-01
1.200350847557629802e-01
1.206146758754267634e-01
1.216794139856059720e-01
1.226746116334012093e-01
1.235961782033775935e-01
1.241774055692150824e-01
1.247602691812265407e-01
1.254290357173595827e-01
1.261558889926605864e-01
1.272484432877932781e-01
1.280742894566058165e-01
1.288584113479877835e-01
1.295255416379469116e-01
1.300609541109197242e-01
1.306978138466648176e-01
1.316856483866779282e-01
1.326456667417375002e-01
1.337194042058722498e-01
1.347481449002290999e-01
1.356386227929044230e-01
1.363679304374660339e-01
1.369213416183500398e-01
1.376269236933924667e-01
1.382449665981392573e-01
1.388875531954922860e-01
1.396274964401832130e-01
1.403109891918799257e-01
1.408873078191962558e-01
1.413809960147385802e-01
1.424367347709622755e-01
1.432184022930837464e-01
1.438192646130062313e-01
1.443014990853322133e-01
1.452606993173049255e-01
1.460374581009051820e-01
1.465933236510497950e-01
1.472342740022291874e-01
1.478056838910241644e-01
1.484605423346803676e-01
1.491162189014235140e-01
1.497710773450796062e-01
1.503833933882182672e-01
1.512313288803762423e-01
1.521373511117022070e-01
1.532299054068352873e-01
1.539984829595667792e-01
1.546001634025762628e-01
1.554693700949927870e-01
1.561798609085563172e-01
1.568175387673880206e-01
1.575337564425595971e-01
1.584823210744029653e-01
1.591306345333641237e-01
1.601201053195512314e-01
1.611079398595643142e-01
1.621522248925717224e-01
1.628471713674846388e-01
1.633359508245056380e-01
1.641896131782717150e-01
1.649941881468255656e-01
1.655557805585783082e-01
1.663276306036572671e-01
1.673702793904907060e-01
1.681053138966603355e-01
1.686971768626274182e-01
1.694060314300172565e-01
1.703619591696425295e-01
1.712614364162733938e-01
1.722689059103715836e-01
1.732452867271686014e-01
1.742437568673113057e-01
1.750139706662162398e-01
1.761187968076523558e-01
1.771671724560940353e-01
1.782286380739257492e-01
1.791289334436435010e-01
1.799760508127146719e-01
1.809008898750386896e-01
1.818829975534438093e-01
1.829166469863217348e-01
1.836516814924914753e-01
1.842664519048910210e-01
1.848648598555528710e-01
1.853920910976567804e-01
1.859782272020157057e-01
1.866281769071506114e-01
1.873591207978859419e-01
1.883125941682504134e-01
1.892431600921826440e-01
1.902751732788869610e-01
1.909071242761107290e-01
1.916601574901915794e-01
1.922250223942916225e-01
1.929780556083725007e-01
1.939896157179049896e-01
1.945618437297868819e-01
1.954228691913349469e-01
1.962413522523654974e-01
1.971997343612512388e-01
1.980443973610619690e-01
1.990878642709825175e-01
1.997729932688529775e-01
2.007452834702155853e-01
2.015015891766438472e-01
2.023552515304100075e-01
2.033447223165969209e-01
2.042908325791795709e-01
2.048720599450171709e-01
2.057936265149935828e-01
2.067421911468369511e-01
2.077692955950201925e-01
2.086180492102650275e-01
2.096148831042339566e-01
2.106329881984614072e-01
2.114097469820615527e-01
2.124556682612427083e-01
2.133011493841403261e-01
2.139682796740996207e-01
2.145945038097153423e-01
2.154023512706164378e-01
2.163885495644558565e-01
2.172062145023997137e-01
2.182693163664051750e-01
2.193643250307985570e-01
2.203636132940280101e-01
2.209513856445606550e-01
2.215759735340025738e-01
2.223298248711703673e-01
2.231106742702047008e-01
2.236747210512182171e-01
2.243042176791813225e-01
2.249762567076618036e-01
2.256932925059199624e-01
2.266917626460620283e-01
2.275748774309556133e-01
2.285095339703215878e-01
2.294122837092993916e-01
2.302217674163741234e-01
2.311171540475702724e-01
2.318276448611335805e-01
2.326788528456387450e-01
2.335529682765762338e-01
2.346348869715794427e-01
2.355057299101693535e-01
2.362440369086863112e-01
2.372482339104363402e-01
2.380699894638140801e-01
2.390529152653055600e-01
2.400047523894961454e-01
2.407602399728374643e-01
2.417758906978040578e-01
2.427252734527337585e-01
2.433703144193469503e-01
2.440603521557386246e-01
2.448657452473790574e-01
2.456474127695000842e-01
2.462834543821577626e-01
2.469154053793810866e-01
2.478795143498745135e-01
2.488002627967635383e-01
2.497774617366470273e-01
2.508094749233513165e-01
2.518611230641398246e-01
2.526591530479981862e-01
2.533909150618199324e-01
2.542805748314083125e-01
2.552225944785561085e-01
2.558201843061308489e-01
2.564202285029664741e-01
2.570636332234059740e-01
2.580244697015517952e-01
2.590417566726922471e-01
2.595804416380123048e-01
2.605020082079883004e-01
2.612877663455437927e-01
2.622870546087728294e-01
2.632233473943124125e-01
2.642659961811458236e-01
2.652538307211586011e-01
2.661181286750536334e-01
2.669603373056031459e-01
2.679849873845248642e-01
2.690439986330957489e-01
2.701283716973592042e-01
2.710941169140265172e-01
2.717694284348541323e-01
2.725650040494518311e-01
2.735471117278563957e-01
2.743803210044507557e-01
2.751169917567935497e-01
2.760884638350691866e-01
2.770362103438254175e-01
2.779324150981085095e-01
2.787541706514862216e-01
2.796741009752884977e-01
2.803862280350252756e-01
2.809690916470363176e-01
2.815781351978273728e-01
2.822927166268250354e-01
2.829443025781332999e-01
2.837226976079070817e-01
2.844929114068115439e-01
2.851232261578612870e-01
2.858263538636425238e-01
2.866742893557998051e-01
2.876891219576796499e-01
2.887006820672118890e-01
2.897097878074832988e-01
2.907360741325791254e-01
2.916330970099485498e-01
2.926503839810890018e-01
2.933256955019166168e-01
2.941899934558117602e-01
2.951516480570445244e-01
2.958760469630845047e-01
2.964801817753539570e-01
2.972045806813940483e-01
2.981089666665457938e-01
2.989659015126592823e-01
2.999504635603245095e-01
3.006208663426307992e-01
3.014769830656570115e-01
3.024010040048936143e-01
3.032186689428372772e-01
3.041901410211128032e-01
3.052696053468554327e-01
3.059948223759821895e-01
3.066848601123732809e-01
3.075532486817028621e-01
3.085394469755418090e-01
3.095272815155542534e-01
3.105167523017404729e-01
3.111405220680953376e-01
3.121725352547991550e-01
3.128895710530574803e-01
3.137047816217400920e-01
3.145535352369846493e-01
3.153401114976266961e-01
3.163811240382859435e-01
3.172568757153974572e-01
3.178806454817520999e-01
3.187743958667747513e-01
3.196926899444035297e-01
3.206567989148975117e-01
3.214507382833217131e-01
3.223657598686027193e-01
3.232316940686715823e-01
3.239487298669296855e-01
3.248073009592166716e-01
3.257395031293223164e-01
3.264532664352327584e-01
3.273519255587768462e-01
3.281491374195484312e-01
3.287941783861618728e-01
3.296895650173580217e-01
3.303280609992761963e-01
3.311776327376075302e-01
3.319036678898210635e-01
3.328424150446214758e-01
3.337361654296440716e-01
3.347297268312650065e-01
3.356210228470267176e-01
3.365663149865223414e-01
3.375999644193995453e-01
3.385321665895050236e-01
3.392262949413307749e-01
3.400529592332297568e-01
3.407675406622273084e-01
3.413749479668444775e-01
3.421427073964890542e-01
3.427632046704962021e-01
3.433493407748545723e-01
3.442398186675297289e-01
3.452751043465811520e-01
3.462833919637657298e-01
3.472875889655159809e-01
3.482443348282276974e-01
3.490456373044338867e-01
3.498665747347244337e-01
3.506736040725385029e-01
3.515747175653427536e-01
3.524136537035447714e-01
3.531977755949268216e-01
3.539508088090072557e-01
3.548740116251574706e-01
3.556900403169271363e-01
3.566418774411174719e-01
3.573212795773796358e-01
3.579221418973020929e-01
3.585033692631397484e-01
3.591443196143187522e-01
3.600879755076399902e-01
3.610169051853979183e-01
3.619679241865016994e-01
3.629353056493428431e-01
3.638323285267127671e-01
3.648365255284629627e-01
3.658096338529120417e-01
3.666804767915019525e-01
3.674907786216634054e-01
3.683583490679060990e-01
3.693052774535757199e-01
3.701605760535150447e-01
3.709029736674663291e-01
3.714833829102167084e-01
3.722257805241679374e-01
3.729027282911693830e-01
3.736753964593349520e-01
3.746280517066118421e-01
3.754980765221155314e-01
3.762961065059737820e-01
3.769427837187610542e-01
3.778831671197352970e-01
3.786869239652018160e-01
3.796109449044386408e-01
3.805488739361518880e-01
3.813272689659256143e-01
3.821866581812994323e-01
3.827948836090038776e-01
3.835716423926038288e-01
3.844956633318407646e-01
3.854000493169924546e-01
3.860999045304263633e-01
3.868750270678524839e-01
3.877565056065717108e-01
3.883957542617299530e-01
