7.452928229292161370e-05
2.241316585827562410e-05
1.050106884867326477e-05
6.312012081921120349e-06
4.856568969402363305e-06
4.157713360670612281e-06
3.694031192962589186e-06
3.307058108860591550e-06
3.017797667670820281e-06
2.769611209942547375e-06
2.545351678191787381e-06
2.351284351937162258e-06
2.177516629319540195e-06
2.023898632039699083e-06
1.885926515695990626e-06
1.746727760531558754e-06
1.632560938486046368e-06
1.533757264183670219e-06
1.447853400945660917e-06
1.370084758647722070e-06
1.305693670308308941e-06
1.252424949283886315e-06
1.209651485029752372e-06
1.175771382179491771e-06
1.151002712882228398e-06
1.131686001227308958e-06
1.119090631557846168e-06
1.111116173647509625e-06
1.105912364139003646e-06
1.103460644894315454e-06
1.103287840505497644e-06
1.101960864595584348e-06
1.101922434059551550e-06
1.101721607158518935e-06
1.101709957592048700e-06
1.101705170236131278e-06
1.101688271546765579e-06
1.101680611643046709e-06
1.101668279352158813e-06
1.101601654612633343e-06
1.101586941825525431e-06
1.101522066401155396e-06
1.101480230153267039e-06
1.101437064113778057e-06
1.101370284968845542e-06
1.100670609106387240e-06
1.100659454327122630e-06
1.100606058294729615e-06
1.100582187249519566e-06
1.100497536434713663e-06
1.100177261011927772e-06
1.100147654923843934e-06
1.099951807619856001e-06
1.099904343471323675e-06
1.099886732129972535e-06
1.099884235960462871e-06
1.099858039036251511e-06
1.099807809242307426e-06
1.099766780388551615e-06
1.099683348602494727e-06
1.099635452451599730e-06
1.099611922562121420e-06
1.099608007305381590e-06
1.099579943133179634e-06
1.099578302727104819e-06
1.099426084987209251e-06
1.099348038142797669e-06
1.099342539849187211e-06
1.099270935022557043e-06
1.099224917197162444e-06
1.099183686107901942e-06
1.099163972116371487e-06
1.099129403352185951e-06
1.099095856298704466e-06
1.099020477117555719e-06
1.099009261556078200e-06
1.098161582883290725e-06
1.098050393954542457e-06
1.097971484102686030e-06
1.097916469679594468e-06
1.097839801814615258e-06
1.097692497414227364e-06
1.097670086346182580e-06
1.097629553149638782e-06
1.097599225538811133e-06
1.097582426935666340e-06
1.097541738096519905e-06
1.097496351564164043e-06
1.097462215602224037e-06
1.097221504076902046e-06
1.097179032073037974e-06
1.097167157589157400e-06
1.097117654410249324e-06
1.096961364836517955e-06
1.096725761265233309e-06
1.096680092162960047e-06
1.096632478300926754e-06
1.096514094092785357e-06
1.096513012672642188e-06
1.096488953038788452e-06
1.096374927084293114e-06
1.096028461436706024e-06
1.096020584872671673e-06
1.095886346839532240e-06
1.095772605927036054e-06
1.095635871844699517e-06
1.095566031682132849e-06
1.095457336331722840e-06
1.095183338594539231e-06
1.095172007398691533e-06
1.095157582620783232e-06
1.095126846899289037e-06
1.095091976060348360e-06
1.095012842619655524e-06
1.095004313772493810e-06
1.095007761491203287e-06
1.094762394713587823e-06
1.094697752396604305e-06
1.094647673109461751e-06
1.094555224914273032e-06
1.094470513457342669e-06
1.094431561583167240e-06
1.094084152186646397e-06
1.094054891802322512e-06
1.093765081555407209e-06
1.093768475670513511e-06
1.093752955952821786e-06
1.093748827402295112e-06
1.093709233595119778e-06
1.093543666364205950e-06
1.093212681203913353e-06
1.092968612749680718e-06
1.092778856088503403e-06
1.092538387572841963e-06
1.092355708143290622e-06
1.092283412086585905e-06
1.092220291121014451e-06
1.092152661000115633e-06
1.092120728134391421e-06
1.092119510631554049e-06
1.092092575075209912e-06
1.092093325899996989e-06
1.092074059294880033e-06
1.092104902771308717e-06
1.091996671133095325e-06
1.091779107912197087e-06
1.091786212045577395e-06
1.091739282640893765e-06
1.091558480323102842e-06
1.091428187157709820e-06
1.091178807610150993e-06
1.091041484881986759e-06
1.090877889690637793e-06
1.090619203659276317e-06
1.090528345978838040e-06
1.090267679028693168e-06
1.089931364918526543e-06
1.089648421395246652e-06
1.089615236192525628e-06
1.089592784039688356e-06
1.089626145765411783e-06
1.089589516221422879e-06
1.089504561398397960e-06
1.089504792623633223e-06
1.089470251862811568e-06
1.089511951661094978e-06
1.089355198874655545e-06
1.089344275335520003e-06
1.089181368466104922e-06
1.088950904262007478e-06
1.088763986273927355e-06
1.088351792349398408e-06
1.088157815668079436e-06
1.088051022472244168e-06
1.088024578074145884e-06
1.087836929254668723e-06
1.087385522931916402e-06
1.087355329582235427e-06
1.087304218736158455e-06
1.087266144623452840e-06
1.087108737882177161e-06
1.087034748070591281e-06
1.086932191421184922e-06
1.086751621455542436e-06
1.086711413157363593e-06
1.086673873910854229e-06
1.086517150689818605e-06
1.086403683636934478e-06
1.086136497584395144e-06
1.085686098662140488e-06
1.085721556277154147e-06
1.085690387738678379e-06
1.085639626749481849e-06
1.085621781837678691e-06
1.085586815166581055e-06
1.085563778530460029e-06
1.085311811758221728e-06
1.085223647733469460e-06
1.085028319018534893e-06
1.084828718411699691e-06
1.084494013018144019e-06
1.084248046767865797e-06
1.084130812859680514e-06
1.083369969345623204e-06
1.083223792117071996e-06
1.082886731008517635e-06
1.082720862557826782e-06
1.082272807209090223e-06
1.082031938402031057e-06
1.081605920231531617e-06
1.081583889324810083e-06
1.081378694867510749e-06
1.081137833165500317e-06
1.081053964889812758e-06
1.080659063167747178e-06
1.080360372254763258e-06
1.079973281874373469e-06
1.079751916592833786e-06
1.079757544478581622e-06
1.079725394086082703e-06
1.079555887683951334e-06
1.079306762948529042e-06
1.079266874838796073e-06
1.079161560505736775e-06
1.078381941864947852e-06
1.077626609279302050e-06
1.077534782653454390e-06
1.076733202666240702e-06
1.076536513742513086e-06
1.076516398223006375e-06
1.076439679912606873e-06
1.075818154153919368e-06
1.075801131334973060e-06
1.075248429831979811e-06
1.075079857406170906e-06
1.074807094738715400e-06
1.074569221506794953e-06
1.074195873836332997e-06
1.074081448665191760e-06
1.073598624327805420e-06
1.072876523338347730e-06
1.072679811449379192e-06
1.072460193140423261e-06
1.072446747138687619e-06
1.072091915411410121e-06
1.071818574834378792e-06
1.071685177168419542e-06
1.071627342363883992e-06
1.071616715890722488e-06
1.071528022553330028e-06
1.071467984644483803e-06
1.071304749295060102e-06
1.071004184608163017e-06
1.070888583587306782e-06
1.070314191190686243e-06
1.070187381346927971e-06
1.069907755348293581e-06
1.069511606899343004e-06
1.069080383883790314e-06
1.069016318236617129e-06
1.068688784253053004e-06
1.068623581152148415e-06
1.068646254377947260e-06
1.068269183615132820e-06
1.067989623384287974e-06
1.067855200722830905e-06
1.067681085375154341e-06
1.067344067356394628e-06
1.067306548251759121e-06
1.067059870233745127e-06
1.066430341901093257e-06
1.066156833142184286e-06
1.065719764559629726e-06
1.065372826784008717e-06
1.065157592781117787e-06
1.064794115058108253e-06
1.064213747968255761e-06
1.064215372073557165e-06
1.063965475430719762e-06
1.063843431069765638e-06
1.063803986964874014e-06
1.063648568990870860e-06
1.063139561342972612e-06
1.063050806418622203e-06
1.063009287081148451e-06
1.062473309454160905e-06
1.062480423337183297e-06
1.062485835407173568e-06
1.062146790009083867e-06
1.061903085930947251e-06
1.061393485130149040e-06
1.061058230115511350e-06
1.060463890521392120e-06
1.059790859366628664e-06
1.059220907380861892e-06
1.059158015760655507e-06
1.059118354989028738e-06
1.058916722174178167e-06
1.058880550795208189e-06
1.058513220074955005e-06
1.058271595185321573e-06
1.057151946144176844e-06
1.056396356962019019e-06
1.056002270171778184e-06
1.054817869868788953e-06
1.053347442259133720e-06
1.051760131044143481e-06
1.050636068588107807e-06
1.050609388679510066e-06
1.049964359090094550e-06
1.050148689535678908e-06
1.050094503842308811e-06
1.050194588382378601e-06
1.049612989213872937e-06
1.048850178690769909e-06
1.047921140197459456e-06
1.047154466038851394e-06
1.046636087661495675e-06
1.046329411204124889e-06
1.044029233434848857e-06
1.043778767661895282e-06
1.043622115667244400e-06
1.043055228416497348e-06
1.043087313675358479e-06
1.041533170054994614e-06
1.041577267059062680e-06
1.041437736656690013e-06
1.041413697152371192e-06
1.041286803033957100e-06
1.040700769902038399e-06
1.040040673984227979e-06
1.039488205921002481e-06
1.038786000138851936e-06
1.038470264173980156e-06
1.038540592730360258e-06
1.038591451510811802e-06
1.038367617390439239e-06
1.038239130084590565e-06
1.037579032785253104e-06
1.037204624518962305e-06
1.036423012101346201e-06
1.036513482548916459e-06
1.035199680619092314e-06
1.033062431172222012e-06
1.030148048794881456e-06
1.029699468786239320e-06
1.029962931549798906e-06
1.027931360360334358e-06
1.027792596441667715e-06
1.026596527651640706e-06
1.026497499011048241e-06
1.026031528827492129e-06
1.026239589904765179e-06
1.025864199058203062e-06
1.026144998925961993e-06
1.026037096028427162e-06
1.025966569116720468e-06
1.025717377157643012e-06
1.026095361691691568e-06
1.025870362735756379e-06
1.025368824678855348e-06
1.024084583588332089e-06
1.024239569913735458e-06
1.023066183739318771e-06
1.022328370909780870e-06
1.022591689857180388e-06
1.022564001011710575e-06
1.022497432869368736e-06
1.022000553915619654e-06
1.022242009530716072e-06
1.020426203347391588e-06
1.017336967434814555e-06
1.012883293113971812e-06
1.011848319098298215e-06
1.011073761918399230e-06
1.010190536923501659e-06
1.009980135236037492e-06
1.010376551255585053e-06
1.009968443362799723e-06
1.008971310149981055e-06
1.008505233300612405e-06
1.008271579860812981e-06
1.007422316475164243e-06
1.007017069290295167e-06
1.006557964639679925e-06
1.006378472284569882e-06
1.004837100559620062e-06
1.005077267014896487e-06
1.004036199819424291e-06
9.996168778787571376e-07
9.907809466340295975e-07
9.869228850609937132e-07
9.870163897118681779e-07
9.860530420823327560e-07
9.864244615159814461e-07
9.853729909208281338e-07
9.839088517960881919e-07
9.838079559367099794e-07
9.820097131057349719e-07
9.822912285664721806e-07
9.825248588697199632e-07
9.797136090588830223e-07
9.771322272274955206e-07
9.774914604508081950e-07
9.770194835762864629e-07
9.768802066242877428e-07
9.763467017596157341e-07
9.677462436759413945e-07
9.680016628426942124e-07
9.674589731602268590e-07
9.639259414394313454e-07
9.627933141293764592e-07
9.604397278048862341e-07
9.601658892104241244e-07
9.597815737734218376e-07
9.526698528674677355e-07
9.520711780195449805e-07
9.523211414428359221e-07
9.518534419901563476e-07
9.519683210962031612e-07
9.533585550481624598e-07
9.524875828027932019e-07
9.508031295217817043e-07
9.508276477998054466e-07
9.508710210378044454e-07
9.467720261592317559e-07
9.458987358005325161e-07
9.442119484710769846e-07
9.377543054920954262e-07
9.357435813949246714e-07
9.205315368897549182e-07
9.195176025155750328e-07
9.173917781989743148e-07
9.169406360433741035e-07
9.157394495146316284e-07
9.161551201510397906e-07
9.165887961993603783e-07
9.191641299971878832e-07
9.188016703939192547e-07
9.190384342792708786e-07
9.094599642221437813e-07
9.080739936452999113e-07
8.952575826673720721e-07
8.459845551269804182e-07
8.420314461234430689e-07
8.361421094889028599e-07
8.322647155547322203e-07
8.315255880521553838e-07
8.345624939487638481e-07
8.360252297332836822e-07
8.363299225038810077e-07
8.372598972053975666e-07
8.398959853653170953e-07
8.384264582351774670e-07
8.361330757255396708e-07
8.363549595976047571e-07
8.372195399733846904e-07
8.441352373531294328e-07
8.436400255164799151e-07
8.417456272327408799e-07
8.410644278278979505e-07
8.465735624831176229e-07
8.407916708394940594e-07
8.177418832701557755e-07
8.044064004421028169e-07
7.752090929498713825e-07
7.774669047248900340e-07
7.779453975770325460e-07
7.799770472655892008e-07
7.795434595225541120e-07
7.843345379097562431e-07
7.759465271817079013e-07
7.822439779979337420e-07
7.898288075859424918e-07
7.892275362652002345e-07
7.941417050395774360e-07
7.954184411650501080e-07
7.870578113224350641e-07
7.917017288347436608e-07
7.624483394126592166e-07
7.680856313573036679e-07
7.723989970461497124e-07
8.261568655671579528e-07
8.525140692634536025e-07
8.705558230745739685e-07
8.438654589172950052e-07
8.364917453863547809e-07
8.678534652906149412e-07
9.664513629247924172e-07
1.010790115643469920e-06
1.037774750720509657e-06
1.101535343802257459e-06
1.201335684588473066e-06
1.370828645301254370e-06
1.529988413740954953e-06
1.732833983109010052e-06
1.910342551033531951e-06
2.011886484599847824e-06
2.583599811240317200e-06
2.798466468574657106e-06
6.271525645897011036e-06
