0.000728600000000 0.116331419337452 0.000020107983130
0.001548275000000 0.247204266091890 0.000103779316427
0.002367950000000 0.378077112846284 0.000303075128017
0.003187625000000 0.508949959601264 0.000717849714788
0.003643000000000 0.581657096753590 0.001044025777836
0.003788720000000 0.604923380559874 0.002144987591609
0.003934440000000 0.628189664423977 0.002202141068968
0.004007300000000 0.639822806351777 0.003390044478457
0.004826975000000 0.770695653111104 0.004410846856315
0.005646650000000 0.901568499862519 0.006752177838200
0.006466325000000 1.032441346615020 0.008494996189986
0.007286000000000 1.163314193371622 0.011523904228463
0.008196750000000 1.308728467544508 0.015627151983115
0.009107500000000 1.454142741701119 0.020246394289794
0.010018250000000 1.599557015969041 0.025897095038665
0.010929000000000 1.744971290054879 0.031699270111860
0.011839750000000 1.890385564233507 0.040921840516336
0.012750500000000 2.035799838402638 0.052212806098769
0.013661250000000 2.181214112619219 0.064655305774258
0.014572000000000 2.326628386781865 0.082024165748214
0.015300600000000 2.442959806074358 0.099681777414445
0.016272066666667 2.598068365194608 0.126175456621243
0.017243533333333 2.753176924345476 0.159177760364819
0.018215000000000 2.908285483424293 0.196725067729864
