4.323174600434827319e-02
4.508453511882035136e-02
4.580506421889281310e-02
4.652559331896528871e-02
4.683439150471063045e-02
4.714318969045597912e-02
4.714318969045597912e-02
4.714318969045597912e-02
4.776078606194666260e-02
4.796665151911023300e-02
4.837838243343735994e-02
4.858424789060092341e-02
4.899597880492805035e-02
4.909891153350982862e-02
4.930477699067339903e-02
4.951064244783695556e-02
4.961357517641874076e-02
5.002530609074586770e-02
4.992237336216408250e-02
5.012823881932764597e-02
5.012823881932764597e-02
5.053996973365477291e-02
5.033410427649121638e-02
5.053996973365477291e-02
