1.266430736829545801e-02
1.975090900336354260e-02
2.912529262829885446e-02
4.043149943611306502e-02
4.674872597743930103e-02
4.753918867823029443e-02
4.988733081855365598e-02
5.033654644299482422e-02
6.806588917381732606e-02
8.747953617505779822e-02
1.049061600572469555e-01
1.182475689167759858e-01
1.319962165638300933e-01
1.444518467387055083e-01
1.591575741800143884e-01
1.766570869917764575e-01
1.918624419372619294e-01
2.052110455809630085e-01
2.402724659248337558e-01
2.513345032407954815e-01
2.482386441488072526e-01
2.510527728106195511e-01
2.516850288642467626e-01
2.530617270410021602e-01
