3.584151260031499531e-01
3.586217216258904550e-01
3.590358082041661403e-01
3.596591695792361598e-01
3.604944640485968632e-01
3.615452023058746134e-01
3.628157162694631843e-01
3.643111174495882731e-01
3.660372433528278902e-01
3.680005903839868586e-01
3.702082317874167972e-01
3.726677193771753549e-01
3.753869681350334719e-01
3.783741231979712571e-01
3.816374092965865716e-01
3.851849633209220025e-01
3.890246513536065320e-01
3.931638721908614631e-01
3.976093500363642175e-01
4.023669196671041948e-01
4.074413079015279937e-01
4.128359156193679991e-01
4.185526048660380694e-01
4.245914957062302264e-01
4.309507774636066046e-01
4.376265387977842924e-01
4.446126207363361171e-01
4.519004963165439426e-01
4.594791799233768903e-01
4.673351687650254549e-01
4.754524182350056138e-01
4.838123521992476195e-01
4.923939085432267326e-01
5.011736196388275610e-01
5.101257267579074606e-01
5.192223268779069256e-01
5.284335497968104534e-01
5.377277629981380702e-01
5.470718012760029669e-01
5.564312177391514957e-01
5.657705524557548049e-01
5.750536146750422350e-01
5.842437742698386449e-01
5.933042577935851991e-01
6.021984443506271933e-01
6.108901563589926864e-01
6.193439402643451386e-01
6.275253323677154604e-01
6.354011051821868428e-01
6.429394901543865615e-01
6.501103731865768287e-01
6.568854601741267452e-01
6.632384107171542809e-01
6.691449392451296330e-01
6.745828839653881248e-01
6.795322452540387692e-01
6.839751962840578958e-01
6.878960697589265871e-01
6.912813255197198803e-01
6.941195044544112847e-01
6.964011745076070792e-01
6.981188746316447924e-01
6.992670622214340881e-01
6.998420689443038967e-01
