1.176853787657750434e-05
4.179654439375932434e-04
8.359714099460949970e-04
1.285187034387240803e-03
1.724280607444826554e-03
2.170965719040084813e-03
2.621024847763193423e-03
3.076145002178083850e-03
3.520299600927450333e-03
3.993133345263568008e-03
4.444035978268636063e-03
4.894938611273709321e-03
5.353432782816445329e-03
5.807709432949367638e-03
6.262829587364252860e-03
6.739037348828222189e-03
7.182348443295620555e-03
7.645903640530148787e-03
8.099336786381113387e-03
8.572170530717239736e-03
9.039943249361585137e-03
9.510246480851816675e-03
9.980549712342049948e-03
1.044073089244872306e-02
1.090597309824717365e-02
1.140664248388808741e-02
1.188200674107009643e-02
1.235568398968818135e-02
1.283273525543411966e-02
1.329544694838668065e-02
1.376828069272280353e-02
1.425545400985231068e-02
1.473250527559824379e-02
1.522642662698345077e-02
1.572119148265062327e-02
1.621511283403581638e-02
1.670734717685710274e-02
1.722151263100943006e-02
1.772639953806016619e-02
1.823381695795678673e-02
1.871845976224039906e-02
1.924696478918610371e-02
1.974088614057131069e-02
2.024492954334007958e-02
2.076246901462026201e-02
2.125554686172350868e-02
2.179839146146258372e-02
2.231340041989686440e-02
2.290601177227178167e-02
2.341511620073232630e-02
2.393856020198624479e-02
2.447971779316140614e-02
2.499219623874980242e-02
2.557131152261330267e-02
2.608800748961152133e-02
2.661229499514740707e-02
2.717454019337163518e-02
2.772497633164838424e-02
2.826191640141374750e-02
2.880138698402496741e-02
2.931555243817728085e-02
2.985839703791634547e-02
3.038521505629813643e-02
3.089684999760458628e-02
3.144644263159937503e-02
3.190578030742406701e-02
3.241151071875676692e-02
3.292483266862716168e-02
3.340441444721897746e-02
3.389580528575827228e-02
3.436695202153049883e-02
3.487015192001727965e-02
3.537250831422211056e-02
3.588076923840072957e-02
3.636456853840235731e-02
3.685933339406954196e-02
3.735831577114655938e-02
3.784464558399408540e-02
3.837568112378572649e-02
3.891936922780675490e-02
3.940401203209035336e-02
3.993336056331806688e-02
4.043149943611306502e-02
4.099880566002909316e-02
4.152309316556501706e-02
4.204231964540910277e-02
4.251684039830917750e-02
4.305546747663842322e-02
4.353589275951225135e-02
4.406102376933011128e-02
4.460892939476097246e-02
4.516611356729344218e-02
4.566846996149830779e-02
4.622902815115859099e-02
4.675584616954039235e-02
4.727675965794842644e-02
4.780863870202195498e-02
4.838437996875762787e-02
4.890529345716563420e-02
4.943717250123922519e-02
4.995977299821113826e-02
5.049755657225847572e-02
5.102606159920413526e-02
5.154613158333023332e-02
5.209235020019715307e-02
5.262169873142484577e-02
5.312152461278378535e-02
5.363653357121805909e-02
5.415322953821630203e-02
5.472306627497820763e-02
5.524397976338624866e-02
5.576911077320410165e-02
5.628074571451053415e-02
5.682443381853159031e-02
5.736474790542476360e-02
5.787975686385906510e-02
5.843609753210957797e-02
5.894941948197999354e-02
5.950154262882062506e-02
6.004691774140567123e-02
6.058976234114477055e-02
6.110139728245129326e-02
6.164171136934441797e-02
6.218033844767380941e-02
6.266751176480324370e-02
6.318505123608349205e-02
6.374982694715357334e-02
6.427664496553543716e-02
6.482370708668427906e-02
6.537245621639713178e-02
6.590855278188047228e-02
6.641850071462297722e-02
6.697652839143737602e-02
6.751599897404854389e-02
6.793484844433905767e-02
6.846082295843881893e-02
6.900366755817795295e-02
6.955157318360875862e-02
7.011213137326906264e-02
7.062714033170329475e-02
7.116745441859649579e-02
7.171536004402730147e-02
7.226663968658605941e-02
7.279598821781362028e-02
7.331521469765774068e-02
7.383528468178375548e-02
7.438487731577857198e-02
7.492013037697999034e-02
7.543682634397815001e-02
7.597798393515331483e-02
7.652588956058412051e-02
7.702824595478895142e-02
7.748420961348577440e-02
7.796969592205131583e-02
7.853194112027561680e-02
7.904610657442785737e-02
7.957882912278331500e-02
8.013770030387969145e-02
8.065692678372374247e-02
8.116265719505647014e-02
8.171646735046100840e-02
8.222725878748543549e-02
8.273720672022787104e-02
8.326571174717352364e-02
8.379252976555529031e-02
8.430247769829772586e-02
8.471373563005052398e-02
8.509800142478050888e-02
8.554721704922163550e-02
8.610102720462627091e-02
8.659916607742122741e-02
8.712007956582921986e-02
8.763424501998155758e-02
8.805646850739991260e-02
8.858413003006358755e-02
8.911094804844534034e-02
8.956775521142414098e-02
9.007770314416671531e-02
9.056993748698796698e-02
9.104614524845193457e-02
9.153416206986338122e-02
9.204073598547794777e-02
9.249079511420107980e-02
9.298471646558627290e-02
9.351237798824994785e-02
9.399617728825157559e-02
9.449600316961051516e-02
9.498064597389414832e-02
9.543323561546318556e-02
9.589679081269772420e-02
9.640926925828607885e-02
9.690825163536305464e-02
9.731782255855196684e-02
9.771221040466550323e-02
9.822215833740799429e-02
9.864438182482630768e-02
9.909865847495927249e-02
9.960017136488215350e-02
1.000021507495333639e-01
1.003754509885978335e-01
1.007917699460423727e-01
1.012080889034869952e-01
1.016387474337249325e-01
1.020162651941992765e-01
1.023887219289817962e-01
1.028185369549377975e-01
1.032373864252282836e-01
1.035853815358338675e-01
1.039418116892590893e-01
1.043235469711431829e-01
1.048469909723971361e-01
1.052506573656123434e-01
1.056534802545456009e-01
1.060276239978920204e-01
1.064296033825432586e-01
1.068459223399878394e-01
1.072074135191047606e-01
1.076068623909101074e-01
1.079371439115944659e-01
1.082648949194329746e-01
1.088018349891983066e-01
1.093075654005310066e-01
1.096850831610053784e-01
1.100558528872239566e-01
1.104831374003341221e-01
1.108336630237855697e-01
1.111951542029025186e-01
1.115245922193048439e-01
1.118574042528350659e-01
1.122813147488173346e-01
1.126132832780655929e-01
1.129106681317532945e-01
1.133177085420963431e-01
1.136952263025705900e-01
1.140997362000675391e-01
1.145025590890006856e-01
1.148589892424257686e-01
1.152002363187756701e-01
1.155414833951254050e-01
1.159105661127801529e-01
1.162425346420282862e-01
1.165382324871520187e-01
1.168280258023019907e-01
1.171928909985468781e-01
1.175906528617882835e-01
1.179394914766758451e-01
1.184258212895232115e-01
1.188809414439380707e-01
1.191530211691668728e-01
1.193854561931432523e-01
1.196297002770671664e-01
1.198739443609911776e-01
1.202379660529539762e-01
1.205218548381304655e-01
1.208588843930704509e-01
1.211748263409613280e-01
1.214460625619082912e-01
1.218092407495892093e-01
1.221488008173750583e-01
1.224849868680330800e-01
1.228422605257401962e-01
1.232214652947785372e-01
1.235686169011021296e-01
1.239739703028811257e-01
1.243607666104570436e-01
1.247231012938558731e-01
1.252246141837788096e-01
1.256240630555841009e-01
1.260513475686942941e-01
1.264845366117782199e-01
1.268451842866131496e-01
1.273585062364834264e-01
1.278566451092783829e-01
1.284492564616535604e-01
1.289507693515764275e-01
1.293966109588896019e-01
1.300001878669300448e-01
1.304477164828073410e-01
1.309568209112679238e-01
1.315772679049473926e-01
1.320686587434867776e-01
1.327802041996185844e-01
1.333702850391476069e-01
1.339165036560145128e-01
1.344070509902718091e-01
1.348984418288110831e-01
1.354126072829635041e-01
1.360811340207151166e-01
1.366762758859359217e-01
1.373060014267171169e-01
1.379154828647313757e-01
1.385190597727716522e-01
1.390610608682289195e-01
1.396486111949119258e-01
1.402479705815424804e-01
1.409628900548021146e-01
1.416988971351107740e-01
1.424500872924948924e-01
1.430755953118662271e-01
1.438276289735324065e-01
1.444826596427725429e-01
1.450870800550948803e-01
1.458011560240725923e-01
1.464435341290833970e-01
1.469889092416683252e-01
1.475435629013548133e-01
1.481926890406214115e-01
1.487760218458947237e-01
1.494833497806166700e-01
1.500962052357585341e-01
1.507368963322053557e-01
1.515479752936088609e-01
1.521642047658787189e-01
1.528032088537616406e-01
1.534675180701034758e-01
1.541090526708322195e-01
1.547927624856592077e-01
1.553617557181390108e-01
1.561222244226247446e-01
1.568810061185466342e-01
1.575621854205274952e-01
1.582568607910199987e-01
1.589085174431323910e-01
1.596495855491327776e-01
1.602084567302293205e-01
1.608272167153449728e-01
1.615109265301720998e-01
1.622351245505332940e-01
1.627551945346592532e-01
1.634009466567977464e-01
1.641453887799261824e-01
1.647380001323011378e-01
1.652217994323027239e-01
1.657022247151765382e-01
1.662906185461416331e-01
1.668300891287530785e-01
1.675652527047797602e-01
1.681916042284332669e-01
1.687934941279096712e-01
1.695303447125003082e-01
1.701060859792360158e-01
1.707088193829944256e-01
1.712685340683727520e-01
1.719151296947934726e-01
1.726216141252333303e-01
1.733517166755684236e-01
1.739502325579170838e-01
1.747182928009404779e-01
1.752619809049615063e-01
1.758250696074678265e-01
1.765821642948255388e-01
1.773308239393636132e-01
1.780111597370626075e-01
1.786847475005059471e-01
1.793861709052542164e-01
1.800521671301600346e-01
1.807122588250920370e-01
1.813065571860307812e-01
1.819970150351135352e-01
1.827524227139073199e-01
1.835061433841371770e-01
1.842303414044982601e-01
1.849047726722237717e-01
1.855395592386969716e-01
1.860933693941014544e-01
1.866050043354079702e-01
1.873249848343594703e-01
1.879859200335734226e-01
1.885574437788992974e-01
1.891180019685595459e-01
1.897485710136227466e-01
1.903976971528890949e-01
1.910476667964374486e-01
1.916672702858351340e-01
1.922590381339281396e-01
1.928128482893327056e-01
1.935218632326186072e-01
1.942106340731372116e-01
1.947922798698466795e-01
1.955257564373093504e-01
1.962499544576705168e-01
1.969471603410089811e-01
1.977329341739535173e-01
1.983913388603216199e-01
1.990126293582832606e-01
1.995124552396421724e-01
2.001447112932692729e-01
2.006647812773952599e-01
2.013366820322746720e-01
2.021131773181176761e-01
2.027825475601511551e-01
2.034552918193124893e-01
2.041094789842706758e-01
2.047780057220223437e-01
2.053680865615513385e-01
2.060543268892241764e-01
2.066688693529303011e-01
2.073778842962160918e-01
2.080143578712531083e-01
2.085841946080149167e-01
2.091143866435246912e-01
2.096521702175718760e-01
2.103299755024252149e-01
2.109993457444587217e-01
2.115987051310894151e-01
2.122385527232542035e-01
2.128336945884750642e-01
2.134279929494139194e-01
2.139868641305102681e-01
2.146545473639797086e-01
2.153525967516000950e-01
2.160110014379681975e-01
2.165352889435040173e-01
2.172173117497669947e-01
2.179727194285608072e-01
2.186918564232301354e-01
2.193123034169099372e-01
2.199251588720519679e-01
2.205135527030170628e-01
2.211635223465655276e-01
2.218497626742383932e-01
2.226077008658780276e-01
2.232652620479641248e-01
2.238873960502076044e-01
2.245086865481694116e-01
2.251510646531801330e-01
2.258162173738040013e-01
2.263649665035163683e-01
2.270368672583960856e-01
2.277551607487835750e-01
2.283418675711846035e-01
2.290373864459590569e-01
2.297168787393758793e-01
2.303010550489316410e-01
2.309636772567094098e-01
2.315470100619826943e-01
2.322104757740425796e-01
2.328461058447973131e-01
2.334842664283986735e-01
2.341764112860452163e-01
2.348542165708982221e-01
2.355353958728794161e-01
2.361963310720934794e-01
2.367872554159046738e-01
2.373899888196629171e-01
2.380509240188769249e-01
2.386654664825829109e-01
2.392724174077507926e-01
2.399426311540666934e-01
2.405715131905657167e-01
2.412138912955763548e-01
2.418208422207449304e-01
2.424412892144242604e-01
2.430431791139013031e-01
2.436838702103480137e-01
2.443355268624604060e-01
2.449871835145725762e-01
2.456573972608880607e-01
2.462744702374401740e-01
2.469227528724244614e-01
2.476022451658414780e-01
2.482395622451606665e-01
2.488827838544534488e-01
2.495226314466183759e-01
2.501515134831178155e-01
2.508031701352299025e-01
2.513738503762736887e-01
2.519715227543404823e-01
2.525717256452533754e-01
2.531761460575755462e-01
2.537771924527703615e-01
2.543883608993483536e-01
2.550020598587721121e-01
2.555988887325570946e-01
2.561999351277519099e-01
2.567942334886907929e-01
2.573994974052950524e-01
2.579381244836242426e-01
2.584725340405433780e-01
2.590794849657120924e-01
2.596771573437788860e-01
2.602242194649274643e-01
2.607805601331778522e-01
2.613377443057106064e-01
2.618696233497838088e-01
2.624141549580870647e-01
2.629375989593412122e-01
2.634998441575653327e-01
2.640983600399138265e-01
2.646850668623148550e-01
2.652574341119230406e-01
2.658196793101469946e-01
2.663414363028372422e-01
2.669036815010616404e-01
2.674887013148986581e-01
2.680905912143751180e-01
2.686646454725467037e-01
2.692538828077934987e-01
2.698397461259127161e-01
2.703952432898813485e-01
2.708976402061570865e-01
