3.124726271239983144e-02
2.867308138321206928e-02
2.668317794402602638e-02
2.495821150695095442e-02
2.340388367375553433e-02
2.197643663476991222e-02
2.064977765397251266e-02
1.942784493617560546e-02
1.828213456953798124e-02
1.721326158838761000e-02
1.621215702900906733e-02
1.527319175710311130e-02
1.439462939320098472e-02
1.356800197411771151e-02
1.278517630444943841e-02
1.205136257386634629e-02
1.135868275900910572e-02
1.070268774001534133e-02
1.008514585930099863e-02
9.501562708512186275e-03
8.954434838134215507e-03
8.445038773932527637e-03
7.964504983059332577e-03
7.512788018365953134e-03
7.087412501492322894e-03
6.687844009669139701e-03
6.309900210138213485e-03
5.953923295933341922e-03
5.619524272273528250e-03
5.305314226370204042e-03
5.006825059833523890e-03
4.732004060650206803e-03
4.472541865218491487e-03
4.227005002182102414e-03
3.998773949716326152e-03
3.786957541767047974e-03
3.587035777018699519e-03
3.399169956010539458e-03
3.224957677087800841e-03
3.062337027079501447e-03
2.912150995328995507e-03
2.771710809777307421e-03
2.641608390272822456e-03
2.521750430112531648e-03
2.409621890907805240e-03
2.306063730512310055e-03
2.210205031637697479e-03
2.120809964211212151e-03
2.036561042069531553e-03
1.957574868582890194e-03
1.884080663860629229e-03
1.814950756287566280e-03
1.745386067170922716e-03
1.684756513383871366e-03
1.628138882407210563e-03
1.575353954584086946e-03
1.527631112898746556e-03
1.483220634303021937e-03
1.442876656937204342e-03
1.406117718040333919e-03
1.372103863902253288e-03
1.340854092138475282e-03
1.311348090353878400e-03
1.284672039353276004e-03
1.260326981298739947e-03
1.236627119524956247e-03
1.215311207197374444e-03
1.195688440673055427e-03
1.176712862953533181e-03
1.159644783015679245e-03
1.144386071899275220e-03
1.130300931949448700e-03
1.115754499448882477e-03
1.103207679493922863e-03
1.091809344572417699e-03
1.081360711004882100e-03
1.071795435247533713e-03
1.062867795900407537e-03
1.053916900196349765e-03
1.045686938648633527e-03
1.037767516034952603e-03
1.030000460378051536e-03
1.022626497492772676e-03
1.015456896627928022e-03
1.008266807703619115e-03
1.000065453167063405e-03
9.934365000129894482e-04
9.869783207921312574e-04
9.806011930639994649e-04
9.745514252700634549e-04
9.685360540942925065e-04
9.626374824174981125e-04
9.569544174618734326e-04
9.513797247899889037e-04
9.459141645859479083e-04
9.406077486147886371e-04
9.353914968986631016e-04
9.301657608533036962e-04
9.251112175617371260e-04
9.201338140131417849e-04
9.145202805227947099e-04
9.093560636680891917e-04
9.047114523232444982e-04
9.000940303701457888e-04
8.955917504202327330e-04
8.911910102989227924e-04
8.857433568989341597e-04
8.814999979655000579e-04
8.772428070709672142e-04
8.730109879267192912e-04
8.689706850166234453e-04
8.650349273946617012e-04
8.612356760639085403e-04
8.574434254412719976e-04
8.535071514497948562e-04
8.498283061509546944e-04
8.461979295254477449e-04
8.426996634998416879e-04
8.392952624522052527e-04
8.359762234458780047e-04
8.326513539039659276e-04
8.290856310667241809e-04
8.259270069740622328e-04
8.228224103173122084e-04
8.198156020484131815e-04
8.168051554835925642e-04
8.139778556015204222e-04
8.112523827638122272e-04
8.085742267745326924e-04
8.058504085861876607e-04
8.032723027041586712e-04
8.007704742480604380e-04
7.983424984076863866e-04
7.959516567363564147e-04
7.918593857868224187e-04
7.893286399589484123e-04
7.869571931900240036e-04
7.847373082844662923e-04
7.825773070879317016e-04
7.803211602504513079e-04
7.781959946194820163e-04
7.761195715530645614e-04
7.742049806210488973e-04
7.723355426008881273e-04
7.705201915411131726e-04
7.687409048601391440e-04
7.669632397893028433e-04
7.653069349961405098e-04
7.636858126767124416e-04
7.621218584102775829e-04
7.606363804895317814e-04
7.591661898334066188e-04
7.575986794038381536e-04
7.560460134457033365e-04
7.546842610192379484e-04
7.533883404455748523e-04
7.521490734135002389e-04
7.509361632461239834e-04
7.497615190244412029e-04
7.486454918729412884e-04
7.475762227665361335e-04
7.465799993404903870e-04
7.456043376466488931e-04
7.446496853919658439e-04
7.436863106417698158e-04
7.427955094764096067e-04
7.405718577512093422e-04
7.394637194217704114e-04
7.383743372941099347e-04
7.374079884096027904e-04
7.366198617113993820e-04
7.358834835131162653e-04
7.351812222016669042e-04
7.344059407097176286e-04
7.336078013561597591e-04
7.330011325489812829e-04
7.323865171574253001e-04
7.318533192843071919e-04
7.312410285364992144e-04
7.307086299316916051e-04
7.302057216455462097e-04
7.297723425460018228e-04
7.291641960950264205e-04
7.287357949996116011e-04
7.282738775701141096e-04
7.279216492151659732e-04
7.275690745760516730e-04
7.272530673356137265e-04
7.269601655827598709e-04
7.266959491319792495e-04
7.263240078533733136e-04
7.260879599034224165e-04
7.258536546308272386e-04
7.256333280152777506e-04
7.254520279931772403e-04
7.252015226208151930e-04
7.248841303803698786e-04
7.246647423511777888e-04
7.245073587500965723e-04
7.243582802437162869e-04
7.242298956496770988e-04
7.240454292882625821e-04
7.238735318702208118e-04
7.237720694817923036e-04
7.236362321389330169e-04
7.234943512217500159e-04
7.234031621621046662e-04
7.233278587333838352e-04
7.232584900733380912e-04
7.231819565022719592e-04
7.230405734200009244e-04
7.229428207761920931e-04
7.228750225071698407e-04
7.228084692965010966e-04
7.227530985468217685e-04
7.226986496412747193e-04
7.226335838141115069e-04
7.225847497870977170e-04
7.225481832163402601e-04
7.224994068456643990e-04
7.220959720191712792e-04
7.220470990464894013e-04
7.220197575163667591e-04
7.219786883408387196e-04
7.219417170181337013e-04
7.219118037815206107e-04
7.218901221381815014e-04
7.218706090517264772e-04
7.218520442732604455e-04
7.218363055138166161e-04
7.218145168480159758e-04
7.218032108810239341e-04
7.217788288621293903e-04
7.217554458592404009e-04
7.217306539399414396e-04
7.217008780729020729e-04
7.216917824323592452e-04
7.216802185072742747e-04
7.216717476360402176e-04
7.216540618516174279e-04
7.216421601966399027e-04
7.216336500281142962e-04
7.216285564162814139e-04
7.215339544425333675e-04
7.215184080909825418e-04
7.215119636391473029e-04
7.214996804025243732e-04
7.214876002434514454e-04
7.214834476230347522e-04
7.214823200762223235e-04
7.214808996510946532e-04
7.214797973195930750e-04
7.214775159274688151e-04
7.214768859907453712e-04
7.214742838419543327e-04
7.214722145039821968e-04
7.214708271874674915e-04
7.214665104072666164e-04
7.214643282026488719e-04
7.214630665266285941e-04
7.214616404836484949e-04
7.214576779765100034e-04
7.214500231431721653e-04
7.214462387395034716e-04
7.214425890884453236e-04
7.214405499007327553e-04
7.214381498922090236e-04
7.214352265756885296e-04
7.214323806347764517e-04
7.214258363626935506e-04
7.214197631356729801e-04
7.214151638076209952e-04
7.214135502505604610e-04
7.214104386523630423e-04
7.214034980981383826e-04
7.213070918314299631e-04
7.213031744441163401e-04
7.212848514146005937e-04
7.212552352784651864e-04
7.212514504515635380e-04
7.212376957292075414e-04
7.212335658043506894e-04
7.212271088444960907e-04
7.212170652367474446e-04
7.211838676852467015e-04
7.211412436683186083e-04
7.211309444202196025e-04
7.211288319772622820e-04
7.211264858824115555e-04
7.211247322083731053e-04
7.211225963457212158e-04
7.211189784025941619e-04
7.211142757547931532e-04
7.211070574240231301e-04
7.211017216450583056e-04
7.210986684139162163e-04
7.210961839446431093e-04
7.210947293499262974e-04
7.210933030170306457e-04
7.210931605946760284e-04
7.210925201722434954e-04
7.210843189646234681e-04
7.210835779817769894e-04
7.210787822303951463e-04
7.210725250914702070e-04
7.210700648348860285e-04
7.210666909917193799e-04
7.210573289380455215e-04
7.210566418283003353e-04
7.210532894543319592e-04
7.210488576277212939e-04
7.210479335154496711e-04
7.210449415913426597e-04
7.210439468276231287e-04
7.210429989490679684e-04
7.210410888932994701e-04
7.210406503704002703e-04
7.210359421351988192e-04
7.210345237882799562e-04
7.210337861787383682e-04
7.210319349058225873e-04
7.210301636794088937e-04
7.210288036508908120e-04
7.210283757034781707e-04
7.210160012542297893e-04
7.210103525763776090e-04
7.210079345237739752e-04
7.210070231234733682e-04
7.209390483198242468e-04
7.209333984710494412e-04
7.209315224614869016e-04
7.209224520498174263e-04
7.209088407017727679e-04
7.208978685338798733e-04
7.208936089202283787e-04
7.208759665710361532e-04
7.208737821325371430e-04
7.208725129500480030e-04
7.208677232232129067e-04
7.208667569606525992e-04
7.208614992622203741e-04
7.208591095388553263e-04
7.208538356348777321e-04
7.208522606972579596e-04
7.208506567948746568e-04
7.208494971382191233e-04
7.208305782841523297e-04
7.208286051001329409e-04
7.207375020904504279e-04
7.206986581442227993e-04
7.206954860609932501e-04
7.206941109311802793e-04
7.206919238950768459e-04
7.206896751367420284e-04
7.206885150548468988e-04
7.206880314052437845e-04
7.206838306987841314e-04
7.206567939323655627e-04
7.206561407520702296e-04
7.206549113760650450e-04
7.206528264295418906e-04
7.206524839808162641e-04
7.206496626148994368e-04
7.206437241226303254e-04
7.206395852172130375e-04
7.206007053599200549e-04
7.205923749771614515e-04
7.205894775605432975e-04
7.205864950627558201e-04
7.205755569702373920e-04
7.205714248930156652e-04
7.205655821183535713e-04
7.205611638312644064e-04
7.205493336655511508e-04
7.205344417924281581e-04
7.205275227717552414e-04
7.205224312637808961e-04
7.205186897933425240e-04
7.205009685115021205e-04
7.204982548894042597e-04
7.204967705200608901e-04
7.204957312710676045e-04
7.204944960270752256e-04
7.204869596918534380e-04
7.204766672208469912e-04
7.204506257843554078e-04
7.204389589586574936e-04
7.204141192058928283e-04
7.204079541864260011e-04
7.204073657887892891e-04
7.204033456846113551e-04
7.203872361433396503e-04
7.203840905157974598e-04
7.203437928266530951e-04
7.202352877429174429e-04
7.202309747159878076e-04
7.202229195056295864e-04
7.202188529597164292e-04
7.202154274635285108e-04
7.202097967908457346e-04
7.201526068300393964e-04
7.200708480375862895e-04
7.200597076993191757e-04
7.200238160027747645e-04
7.200181644869703803e-04
7.196726598118300408e-04
7.195938466015085492e-04
7.195768839973423238e-04
7.195517281880372358e-04
7.195345004693229655e-04
7.195182275282359895e-04
7.194843254941434094e-04
7.194132047504621548e-04
7.194042845224811900e-04
7.193986534698098385e-04
7.193980185930363980e-04
7.193536835315676595e-04
7.193138972258057663e-04
7.192873626666024646e-04
7.192676187632783503e-04
7.192654512198084441e-04
7.192658644907369905e-04
7.192499828550749262e-04
7.192422976547352062e-04
7.192238152152119132e-04
7.191121654586074769e-04
7.190454687513953089e-04
7.189099786385640643e-04
7.188594186310088424e-04
7.188571204003566147e-04
7.187941358370789199e-04
7.187620854660013150e-04
7.187087810467650013e-04
7.186200150323181646e-04
7.185675343674881180e-04
7.184155181085333155e-04
7.183530018798303012e-04
7.183697365887012267e-04
7.182868891879155187e-04
7.182783777714824274e-04
7.182552825086023409e-04
7.182425650601215357e-04
7.182427263135246357e-04
7.180149748291962068e-04
7.181135051575671851e-04
7.179770757798413462e-04
7.179541955942659670e-04
7.179821779814234747e-04
7.179984789630284919e-04
7.179251594001598551e-04
7.180629873480523810e-04
7.180594692839027031e-04
7.178497147880591499e-04
7.180270396984675917e-04
7.182699778647428507e-04
7.184748673435162152e-04
7.190997281132394678e-04
7.197182783410314803e-04
7.194287155669713829e-04
7.201763400523096591e-04
7.208115347251518737e-04
7.234037811527127852e-04
7.256550260944156540e-04
7.302811802488961548e-04
7.336662859627102228e-04
7.374326896684349876e-04
7.473097410427148590e-04
7.567544340162068702e-04
7.656760410826125374e-04
7.779273917329365424e-04
7.949256703312438917e-04
8.171756734552437828e-04
8.446042137119194647e-04
8.662498604980266000e-04
9.122804064546315757e-04
9.686890439126443625e-04
1.038208203455786606e-03
1.100214653822405471e-03
1.185385851274469923e-03
1.270828284276544467e-03
1.389363458817433495e-03
1.547465385667040876e-03
1.723404718764563054e-03
1.905892882901296086e-03
2.162975747530442201e-03
2.517144308521434767e-03
2.796950352966482735e-03
3.246019920356759281e-03
3.743773137089316180e-03
4.281774806786902386e-03
5.046551024148060970e-03
5.887158288745843182e-03
6.775496601751289198e-03
7.996554376404420988e-03
9.569489619100415498e-03
1.110523734223940566e-02
1.298493858211024511e-02
1.508371243234584574e-02
1.802040991301383926e-02
2.198851210299669623e-02
2.682147634411229109e-02
