7.963915431743698314e-03
6.969590983192844313e-03
6.366816776330636897e-03
5.908447594325567757e-03
5.532971122444232948e-03
5.211711867493088596e-03
4.931477981373087044e-03
4.677820592243273588e-03
4.447654132579145249e-03
4.236250540909545885e-03
4.040119269431609837e-03
3.858020677146273281e-03
3.687766314783251856e-03
3.528567741704575610e-03
3.379285205682929123e-03
3.238986468402058148e-03
3.107095678145363905e-03
2.982920986063559814e-03
2.865610909378337595e-03
2.755017094735762000e-03
2.650209620569536455e-03
2.550753238220068025e-03
2.456202832112260384e-03
2.366177220779916174e-03
2.280432312051930508e-03
2.198867131988466346e-03
2.121286171510375785e-03
2.047410761115985717e-03
1.976976827798489558e-03
1.909595777499819994e-03
1.845149232563407906e-03
1.783521171825400847e-03
1.724534786544981279e-03
1.668057353484149203e-03
1.613981617567983740e-03
1.562140374417487956e-03
1.512444685797940730e-03
1.464804733609922482e-03
1.419142100617657842e-03
1.375358431215805820e-03
1.333307104348310530e-03
1.292864158981990889e-03
1.253919493656474246e-03
1.216499996720867309e-03
1.180546688700049663e-03
1.145899677385230726e-03
1.112560664627757628e-03
1.080417600424490475e-03
1.049416447101958819e-03
1.019507823859195283e-03
9.906218064490320257e-04
9.627425218189670977e-04
9.358472873957374844e-04
9.099142173819875761e-04
8.848776688963939539e-04
8.607834312687973142e-04
8.375984664090965108e-04
8.152284940031541199e-04
7.936627865151649457e-04
7.728480205961519786e-04
7.527761819175083236e-04
7.334137299278698082e-04
7.147450960399986822e-04
6.967664940472313240e-04
6.794448386663898840e-04
6.628008497898929237e-04
6.468003846427311868e-04
6.314082904165209875e-04
6.166039447964015603e-04
6.023645791900991827e-04
5.886926505641866493e-04
5.755554567320730073e-04
5.629254863164440733e-04
5.507964583995569093e-04
5.391441224554356301e-04
5.279678909138018879e-04
5.172552265110636968e-04
5.069832965239766181e-04
4.971608033960781426e-04
4.877650684891875503e-04
4.787589249607316234e-04
4.701486377842605566e-04
4.619157951719496868e-04
4.540591766664336362e-04
4.465673625758900291e-04
4.394274910135916490e-04
4.326282922500432901e-04
4.261274164243133208e-04
4.199467881720053979e-04
4.140596019959133381e-04
4.084387837265819046e-04
4.030902245564536098e-04
3.979907332740823260e-04
3.931370936643376795e-04
3.884865492843008307e-04
3.840327827872696003e-04
3.797704644164618618e-04
3.756800694754209484e-04
3.717437611525771187e-04
3.679467246456149610e-04
3.642808301183135815e-04
3.607287249095096366e-04
3.572824895530094576e-04
3.539316809287775391e-04
3.506892294067729321e-04
3.475429781458843855e-04
3.444877390194053877e-04
3.415145758437683498e-04
3.386073514861119636e-04
3.357820445844936132e-04
3.330291672444986176e-04
3.303362629042182826e-04
3.277180549995591151e-04
3.251540081823931015e-04
3.226523048392038336e-04
3.202004922811091370e-04
3.178080626002591138e-04
3.154750656958582697e-04
3.131705047101932741e-04
3.109214741744644231e-04
3.087142228635747889e-04
3.065612411641382008e-04
3.044539092890946965e-04
3.023840463942329619e-04
3.003524538223867205e-04
2.983582153442729365e-04
2.964021266401699480e-04
2.944721763214157967e-04
2.925750465777410096e-04
2.907132783587774950e-04
2.888764696359367242e-04
2.870654539816075998e-04
2.852770017824100618e-04
2.835199066304618207e-04
2.817902298717054081e-04
2.800908706570588019e-04
2.784117379966521261e-04
2.767550347330999163e-04
2.751227828156695317e-04
2.735154954885093796e-04
2.719239419437796267e-04
2.703562642371743212e-04
2.688110866792724142e-04
2.672875847115792347e-04
2.657653939963436351e-04
2.642743791326281760e-04
2.627919202580288093e-04
2.613258686758889479e-04
2.598820765221786927e-04
2.584531014863808364e-04
2.570357134672631555e-04
2.556363963126219376e-04
2.542523815207474534e-04
2.528776950715643629e-04
2.515226279050432356e-04
2.501726531130756145e-04
2.488415568581944554e-04
2.475278147639666253e-04
2.462117861885012140e-04
2.449152243824234037e-04
2.436369451808459267e-04
2.423760250637380705e-04
2.411232252385396406e-04
2.398838039506071029e-04
2.386574513233899312e-04
2.374381994383423049e-04
2.362325426181860174e-04
2.350413681166968352e-04
2.338600299332075651e-04
2.326944695371467716e-04
2.315356958801252228e-04
2.303872551759060961e-04
2.292562037984243730e-04
2.281401180411749463e-04
2.270322557229615551e-04
2.259366513308936925e-04
2.248523870783424635e-04
2.237801371917630519e-04
2.227237996381092563e-04
2.216763963654628817e-04
2.206343234868425802e-04
2.196052362008508660e-04
2.185894165032691472e-04
2.175862815908505992e-04
2.165956968299311957e-04
2.156130671250629921e-04
2.146373257679057322e-04
2.136746407493953696e-04
2.127265624110861769e-04
2.117898706373900239e-04
2.108609682453416753e-04
2.099407286907433649e-04
2.090301340733831967e-04
2.081313327576499834e-04
2.072451912983097925e-04
2.063698015382345232e-04
2.055035026834183562e-04
2.046429386554557135e-04
2.037976653411684451e-04
2.029615988128116028e-04
2.021391337537669568e-04
2.013250754397905376e-04
2.005204473137923819e-04
1.997227659672080598e-04
1.989406118198954083e-04
1.981685060766954197e-04
1.974040084276682677e-04
1.966544562000775427e-04
1.959157045841665478e-04
1.951843813111982131e-04
1.944646692526122997e-04
1.937587502870750738e-04
1.930619774249665258e-04
1.923773567761508639e-04
1.917023680233853145e-04
1.910339515760290318e-04
1.903783558819094714e-04
1.897343119021497205e-04
1.890998979508578485e-04
1.884643945190781357e-04
1.878498211757919127e-04
1.872454217842087426e-04
1.866434913576493467e-04
1.860561469448777699e-04
1.854722909246205237e-04
1.849052102336514434e-04
1.843465934067215200e-04
1.837925388612088057e-04
1.832528730487822618e-04
1.827224907601143397e-04
1.822013226825442312e-04
1.816892708827792216e-04
1.811870565522284476e-04
1.806842056890802092e-04
1.801894634390467740e-04
1.796991946449064635e-04
1.792240872108781849e-04
1.787574084306272737e-04
1.783008065381617210e-04
1.778506060047446626e-04
1.774108368972673584e-04
1.769742924268238209e-04
1.765496959145659026e-04
1.761298182875957170e-04
1.757186727552952662e-04
1.753136312667546829e-04
1.749010990566892678e-04
1.745095487205778923e-04
1.741193003362786107e-04
1.737409890519748417e-04
1.733687357583558227e-04
1.730016997025543796e-04
1.726389225728980912e-04
1.722836742356521900e-04
1.719338236297486403e-04
1.715893348143394882e-04
1.712516952149733217e-04
1.709210287824280592e-04
1.705915166445998979e-04
1.702703207274164484e-04
1.699574142193847979e-04
1.696500950772841841e-04
1.693486192372645660e-04
1.690435607178292514e-04
1.687515011127343405e-04
1.684651353521777562e-04
1.681847317637258008e-04
1.679034942650082976e-04
1.676304734164443041e-04
1.673557494517870063e-04
1.670934991999492483e-04
1.668364305558595875e-04
1.665842971117636616e-04
1.663336118598307404e-04
1.660915782157429106e-04
1.658513286469039160e-04
1.656182269914119396e-04
1.653843643129162340e-04
1.651472467135717552e-04
1.649188737827712175e-04
1.646961965765081468e-04
1.644775447750863471e-04
1.642643743813728655e-04
1.640544506620478390e-04
1.638494418790526722e-04
1.636484046526534694e-04
1.634478573979366884e-04
1.632536295130367001e-04
1.630596924701499452e-04
1.628731431862822862e-04
1.626898109699653761e-04
1.625099501497912283e-04
1.623345808055986377e-04
1.621636386556894759e-04
1.619882437581890162e-04
1.618238123812361059e-04
1.616617312587302819e-04
1.615010600342691794e-04
1.613456003792386960e-04
1.611918897243481063e-04
1.610418335009114433e-04
1.608961151512574520e-04
1.607514415820553112e-04
1.606106127842996979e-04
1.604733937553545818e-04
1.603385852288709474e-04
1.601962362323697481e-04
1.600675713320815364e-04
1.599420196241433962e-04
1.598185537770615270e-04
1.596960565927248881e-04
1.595778777261203216e-04
1.594615513069981647e-04
1.593486880584092864e-04
1.592381560892248472e-04
1.591319740420389119e-04
1.590251510603224569e-04
1.589199383266826711e-04
1.588163960382083233e-04
1.587129767025847028e-04
1.586170587054342883e-04
1.585200581434495211e-04
1.584287851797821492e-04
1.583394746266001644e-04
1.582517524144141528e-04
1.581667608448151326e-04
1.580837110117894542e-04
1.580011013973612450e-04
1.579161253125032911e-04
1.578384148528475656e-04
1.577649317967431877e-04
1.576860120223622531e-04
1.576155114852753321e-04
1.575454352450128385e-04
1.574716496929778398e-04
1.574058320970507692e-04
1.573414168536587114e-04
1.572788960323424066e-04
1.572192679336003283e-04
1.571598314617809133e-04
1.571018946102446204e-04
1.570453040350667064e-04
1.569875094962255163e-04
1.569329846624651519e-04
1.568736551160171259e-04
1.568234210879087360e-04
1.567722743640417762e-04
1.567246450819220283e-04
1.566778735508665482e-04
1.566325041674286448e-04
1.565870345216580984e-04
1.565446530905723152e-04
1.565031746434902913e-04
1.564603987742669471e-04
1.564211048253963681e-04
1.563802766395570095e-04
1.563349569733816667e-04
1.562977143667811271e-04
1.562622468158397955e-04
1.562278901406226089e-04
1.561951691129844443e-04
1.561624298889603940e-04
1.561306047396662864e-04
1.561000567446455759e-04
1.560713110400690031e-04
1.560426925645429133e-04
1.560154099964729865e-04
1.559846769072075758e-04
1.559578528012194780e-04
1.559294891890939544e-04
1.559043888946850403e-04
1.558794772806792149e-04
1.558494912748731906e-04
1.558247202613268086e-04
1.558029713764441486e-04
1.557803728719527991e-04
1.557591109575586494e-04
1.557378752929893505e-04
1.557171376553046762e-04
1.556967951350103326e-04
1.556782069201139058e-04
1.556570620059904747e-04
1.556338580612000744e-04
1.556166124543967636e-04
1.555994909715594410e-04
1.555824193384520396e-04
1.555653740591172367e-04
1.555501430413010124e-04
1.555286759039714291e-04
1.555115251944901879e-04
1.554964559225586887e-04
1.554818351324528951e-04
1.554679781855976880e-04
1.554535667185224287e-04
1.554408019673473641e-04
1.554275688335651859e-04
1.554142308810648224e-04
1.554022941850250145e-04
1.553895358667246093e-04
1.553753592485850315e-04
1.553639839093732969e-04
1.553528572832680958e-04
1.553410867491418078e-04
1.553256530189674265e-04
1.553128793093903892e-04
1.553019627126415081e-04
1.552922877854460439e-04
1.552813984039151706e-04
1.552666186501455844e-04
1.552571199996963041e-04
1.552481007390960218e-04
1.552395204786085855e-04
1.552313552820281132e-04
1.552230946176062993e-04
1.552153441026512637e-04
1.551958212715430214e-04
1.551874547322395917e-04
1.551799934272237835e-04
1.551710543482410316e-04
1.551631106455258005e-04
1.551521468206995948e-04
1.551447323910480538e-04
1.551371150270160041e-04
1.551300019901997399e-04
1.551236027114690429e-04
1.551171741549477591e-04
1.551112829835774205e-04
1.551017459261422695e-04
1.550958105014096716e-04
1.550904736013934346e-04
1.550848209659121352e-04
1.550776307883842465e-04
1.550713342887881450e-04
1.550662668162092455e-04
1.550608569919695995e-04
1.550560309280226627e-04
1.550511272400525770e-04
1.550465016606478836e-04
1.550368142873533907e-04
1.550319419200678762e-04
1.550273156991273133e-04
1.550233018234591119e-04
1.550190396391964943e-04
1.550149541364824728e-04
1.550119618999911742e-04
1.550086458318293038e-04
1.550054546109166985e-04
1.550022505927860011e-04
1.549996041403358055e-04
1.549859140278940701e-04
1.549828884914157361e-04
1.549801527512956721e-04
1.549773735764088385e-04
1.549751328424037026e-04
1.549730844429958172e-04
1.549714540591577358e-04
1.549693159658127313e-04
1.549673251167915026e-04
1.549659849465109254e-04
1.549646181020869853e-04
1.549609069236280957e-04
1.549603453747053368e-04
1.549574031130749306e-04
1.549567666231503084e-04
1.549529448657625927e-04
1.549502129656731171e-04
1.549484520629064715e-04
1.549471955358195567e-04
1.549460984906465908e-04
1.549454152555569924e-04
1.549441489578189655e-04
1.549423056182471349e-04
1.549389495486041602e-04
1.549378125299569024e-04
1.549375127101636153e-04
1.549370813749038152e-04
1.549358209298448339e-04
1.549352332769139869e-04
1.549343647404480674e-04
1.549337362703792208e-04
1.549330015495557333e-04
1.549323421216587345e-04
1.549319809119645264e-04
1.549310188768928309e-04
1.549283370918737605e-04
1.549269303070689838e-04
1.549254760492467466e-04
1.549240027949779224e-04
1.549225541427226127e-04
1.549211576433051239e-04
1.549194028824758059e-04
1.549160713404043469e-04
1.549133711014860605e-04
1.549114895427204154e-04
1.549096099598080349e-04
1.549064926097337225e-04
1.548999985250785485e-04
1.548921101073568330e-04
1.548891592069593975e-04
1.548827210824203218e-04
1.548769787966809664e-04
