4.014376414689482536e-06
2.810063490282640672e-04
5.579983216418373838e-04
8.349902942554086405e-04
1.111982266868985752e-03
1.388974239482564056e-03
1.665966212096141926e-03
1.942958184709711340e-03
2.219950157323275983e-03
2.496942129936840192e-03
2.773934102550404835e-03
3.050926075163969044e-03
3.327918047777534121e-03
3.604910020391107871e-03
3.881901993004699403e-03
4.158893965618291368e-03
4.435885938231882465e-03
4.712877910845474430e-03
4.989869883459065528e-03
5.266861856072657493e-03
5.543853828686247723e-03
5.820845801299839688e-03
6.097837773913431653e-03
6.374829746527022750e-03
6.651821719140614715e-03
6.928813691754205813e-03
7.205805664367797778e-03
7.482797636981388875e-03
7.759789609594980840e-03
8.036781582208572805e-03
8.313773554822163903e-03
8.590765527435755000e-03
8.867757500049346098e-03
9.144749472662938930e-03
9.421741445276530028e-03
9.698733417890121125e-03
9.975725390503712223e-03
1.025271736311730505e-02
1.052970933573089615e-02
1.080670130834448725e-02
1.108369328095808008e-02
1.136068525357166945e-02
1.163767722618526228e-02
1.191466919879885338e-02
1.219166117141244621e-02
1.246865314402603557e-02
1.274564511663962840e-02
1.302263708925321950e-02
1.329962906186681233e-02
1.357662103448040170e-02
1.385361300709399453e-02
1.413060497970758563e-02
1.440759695232117499e-02
1.468458892493476782e-02
1.496158089754835892e-02
1.523857287016195175e-02
1.551556484277554111e-02
1.579255681538913395e-02
1.606954878800272504e-02
1.634654076061631614e-02
1.662353273322990724e-02
1.690052470584350180e-02
1.717751667845708943e-02
1.745450865107068400e-02
1.773150062368427510e-02
1.800849259629786620e-02
1.828548456891145729e-02
1.856247654152504839e-02
1.883946851413863949e-02
1.911646048675223405e-02
1.939345245936582515e-02
1.967044443197941625e-02
1.994743640459300735e-02
2.022442837720659845e-02
2.050142034982018954e-02
2.077841232243378411e-02
2.105540429504737174e-02
2.133239626766096284e-02
2.160938824027455740e-02
2.188638021288814850e-02
2.216337218550173960e-02
2.244036415811533069e-02
2.271735613072892526e-02
2.299434810334251636e-02
2.327134007595610399e-02
2.354833204856969509e-02
2.382532402118328965e-02
2.410231599379688075e-02
2.437930796641047185e-02
2.465629993902406294e-02
2.493329191163765751e-02
2.521028388425124861e-02
2.548727585686483624e-02
2.576426782947842734e-02
2.604125980209202190e-02
2.631825177470561300e-02
2.659524374731920410e-02
2.687223571993279519e-02
2.714922769254638976e-02
2.742621966515998086e-02
2.770321163777357196e-02
2.798020361038715959e-02
2.825719558300075415e-02
2.853418755561434525e-02
2.881117952822793635e-02
2.908817150084152744e-02
2.936516347345512201e-02
2.964215544606871311e-02
2.991914741868230421e-02
3.019613939129589184e-02
3.047313136390948987e-02
3.075012333652307750e-02
3.102711530913666860e-02
3.130410728175025969e-02
3.158109925436385773e-02
3.185809122697744189e-02
3.213508319959103299e-02
3.241207517220462409e-02
3.268906714481822212e-02
3.296605911743181322e-02
3.324305109004540432e-02
3.352004306265898848e-02
3.379703503527257957e-02
3.407402700788617761e-02
3.435101898049976871e-02
3.462801095311335980e-02
3.490500292572695090e-02
3.518199489834054200e-02
3.545898687095413310e-02
3.573597884356772419e-02
3.601297081618131529e-02
3.628996278879490639e-02
3.656695476140849749e-02
3.684394673402208858e-02
3.712093870663567968e-02
3.739793067924927772e-02
3.767492265186286882e-02
3.795191462447645991e-02
3.822890659709004407e-02
3.850589856970364211e-02
3.878289054231723321e-02
3.905988251493082430e-02
3.933687448754441540e-02
3.961386646015800650e-02
3.989085843277159760e-02
4.016785040538518869e-02
4.044484237799877979e-02
4.072183435061237783e-02
4.099882632322596199e-02
4.127581829583955308e-02
4.155281026845314418e-02
4.182980224106674222e-02
4.210679421368033332e-02
4.238378618629392441e-02
4.266077815890750857e-02
4.293777013152110661e-02
4.321476210413469771e-02
4.349175407674828880e-02
4.376874604936187990e-02
4.404573802197547100e-02
4.432272999458906210e-02
4.459972196720266013e-02
4.487671393981625123e-02
4.515370591242984233e-02
4.543069788504342649e-02
4.570768985765701758e-02
4.598468183027060868e-02
4.626167380288419978e-02
4.653866577549779088e-02
4.681565774811138891e-02
4.709264972072498001e-02
4.736964169333857111e-02
4.764663366595216221e-02
4.792362563856575330e-02
4.820061761117934440e-02
4.847760958379293550e-02
4.875460155640652660e-02
4.903159352902012463e-02
4.930858550163371573e-02
4.958557747424730683e-02
4.986256944686089793e-02
5.013956141947448208e-02
5.041655339208807318e-02
5.069354536470166428e-02
5.097053733731525538e-02
5.124752930992885341e-02
5.152452128254244451e-02
5.180151325515603561e-02
5.207850522776962671e-02
5.235549720038321780e-02
5.263248917299680890e-02
5.290948114561040000e-02
5.318647311822399110e-02
5.346346509083758913e-02
5.374045706345118023e-02
5.401744903606477133e-02
5.429444100867836243e-02
5.457143298129194658e-02
5.484842495390553768e-02
5.512541692651912878e-02
5.540240889913271988e-02
5.567940087174631791e-02
5.595639284435990901e-02
5.623338481697347235e-02
5.651037678958664018e-02
5.678736876219980106e-02
5.706436073481295501e-02
5.734135270742612284e-02
5.761834468003928372e-02
5.789533665265243767e-02
5.817232862526560550e-02
5.844932059787876638e-02
5.872631257049192033e-02
5.900330454310508815e-02
5.928029651571824904e-02
5.955728848833140299e-02
5.983428046094457081e-02
6.011127243355773170e-02
6.038826440617088565e-02
6.066525637878405347e-02
6.094224835139721436e-02
6.121924032401036830e-02
6.149623229662353613e-02
6.177322426923669008e-02
6.205021624184985096e-02
6.232720821446301879e-02
6.260420018707617273e-02
6.288119215968933362e-02
6.315818413230249451e-02
6.343517610491565539e-02
6.371216807752881628e-02
6.398916005014197717e-02
6.426615202275513805e-02
6.454314399536829894e-02
6.482013596798145982e-02
6.509712794059462071e-02
6.537411991320778160e-02
6.565111188582094248e-02
6.592810385843410337e-02
6.620509583104726425e-02
6.648208780366042514e-02
6.675907977627358603e-02
6.703607174888674691e-02
6.731306372149990780e-02
6.759005569411306868e-02
6.786704766672622957e-02
6.814403963933939046e-02
6.842103161195255134e-02
6.869802358456571223e-02
6.897501555717887312e-02
6.925200752979203400e-02
6.952899950240519489e-02
6.980599147501835577e-02
7.008298344763151666e-02
7.035997542024467755e-02
7.063696739285783843e-02
7.091395936547099932e-02
7.119095133808416020e-02
7.146794331069732109e-02
7.174493528331048198e-02
7.202192725592364286e-02
7.229891922853680375e-02
7.257591120114996464e-02
7.285290317376312552e-02
7.312989514637630029e-02
7.340688711898944729e-02
7.368387909160260818e-02
7.396087106421578294e-02
7.423786303682892995e-02
7.451485500944209084e-02
7.479184698205526560e-02
7.506883895466841261e-02
7.534583092728157350e-02
7.562282289989474826e-02
7.589981487250789527e-02
7.617680684512105616e-02
7.645379881773423092e-02
7.673079079034737793e-02
7.700778276296053881e-02
7.728477473557371358e-02
7.756176670818686059e-02
7.783875868080002147e-02
7.811575065341319624e-02
7.839274262602634324e-02
7.866973459863950413e-02
7.894672657125267889e-02
7.922371854386582590e-02
7.950071051647898679e-02
7.977770248909216155e-02
8.005469446170530856e-02
8.033168643431846945e-02
8.060867840693164421e-02
8.088567037954479122e-02
8.116266235215795211e-02
8.143965432477112687e-02
8.171664629738427388e-02
8.199363826999743476e-02
8.227063024261060953e-02
8.254762221522375654e-02
8.282461418783691742e-02
8.310160616045009219e-02
8.337859813306323920e-02
8.365559010567640008e-02
8.393258207828957485e-02
8.420957405090272185e-02
8.448656602351588274e-02
8.476355799612905750e-02
8.504054996874220451e-02
8.531754194135536540e-02
8.559453391396854016e-02
8.587152588658168717e-02
8.614851785919484806e-02
8.642550983180802282e-02
8.670250180442116983e-02
8.697949377703433071e-02
8.725648574964750548e-02
8.753347772226065249e-02
8.781046969487381337e-02
8.808746166748698814e-02
8.836445364010013515e-02
8.864144561271329603e-02
8.891843758532647080e-02
8.919542955793961780e-02
8.947242153055277869e-02
8.974941350316595345e-02
9.002640547577910046e-02
9.030339744839226135e-02
9.058038942100543611e-02
9.085738139361858312e-02
9.113437336623174401e-02
9.141136533884491877e-02
9.168835731145806578e-02
9.196534928407122667e-02
9.224234125668440143e-02
9.251933322929754844e-02
9.279632520191070932e-02
9.307331717452388409e-02
9.335030914713703110e-02
9.362730111975019198e-02
9.390429309236336675e-02
9.418128506497651375e-02
9.445827703758967464e-02
9.473526901020284940e-02
9.501226098281599641e-02
9.528925295542915730e-02
9.556624492804233206e-02
9.584323690065547907e-02
9.612022887326863996e-02
9.639722084588181472e-02
9.667421281849496173e-02
9.695120479110812262e-02
9.722819676372129738e-02
9.750518873633444439e-02
9.778218070894760527e-02
9.805917268156078004e-02
9.833616465417392705e-02
9.861315662678708793e-02
9.889014859940026270e-02
9.916714057201340971e-02
9.944413254462657059e-02
9.972112451723974536e-02
9.999811648985289236e-02
1.002751084624660532e-01
1.005521004350792280e-01
1.008290924076923750e-01
1.011060843803055359e-01
1.013830763529187107e-01
1.016600683255318577e-01
1.019370602981450186e-01
1.022140522707581933e-01
1.024910442433713403e-01
1.027680362159845012e-01
1.030450281885976760e-01
1.033220201612108230e-01
1.035990121338239839e-01
1.038760041064371586e-01
1.041529960790503057e-01
1.044299880516634665e-01
1.047069800242766413e-01
1.049839719968897883e-01
1.052609639695029492e-01
1.055379559421161240e-01
1.058149479147292710e-01
1.060919398873424319e-01
1.063689318599556066e-01
1.066459238325687536e-01
1.069229158051819145e-01
1.071999077777950893e-01
1.074768997504082363e-01
1.077538917230213972e-01
1.080308836956345719e-01
1.083078756682477189e-01
1.085848676408608798e-01
1.088618596134740546e-01
1.091388515860872155e-01
1.094158435587003625e-01
1.096928355313135373e-01
1.099698275039266981e-01
1.102468194765398452e-01
1.105238114491530199e-01
1.107967890453514931e-01
