2.495123924027788445e-03
2.110030308712245155e-03
1.897672704749946973e-03
1.741169018068420334e-03
1.613592120997284522e-03
1.504773434700223348e-03
1.409681662419491740e-03
1.325375497417378935e-03
1.249363295094994310e-03
1.180220477993601134e-03
1.117253793311215456e-03
1.059477832566691662e-03
1.006000288679448351e-03
9.563055356110956905e-04
9.099344207780014643e-04
8.665119403401011803e-04
8.256669467412477547e-04
7.872656676301972118e-04
7.509830692699870879e-04
7.166541901388259620e-04
6.841426083690990180e-04
6.533118524740675259e-04
6.240493715752357508e-04
5.961473795886467527e-04
5.695166406135292918e-04
5.440945072507611009e-04
5.197921579099552261e-04
4.965549563249963688e-04
4.742939726283771241e-04
4.529507637406862317e-04
4.325149927251301270e-04
4.129062696052401989e-04
3.940829045769466852e-04
3.760295409513407430e-04
3.587025043110964864e-04
3.420502494296565011e-04
3.260774142363917450e-04
3.107218467095951460e-04
2.959771181331810825e-04
2.818216670465684506e-04
2.682155964288648799e-04
2.551675591983917392e-04
2.426441730935045393e-04
2.306133411765261406e-04
2.190694314786393161e-04
2.079459569338267910e-04
1.972579692748237321e-04
1.870088123453378165e-04
1.771872105306409987e-04
1.677586295613155707e-04
1.587267661915055706e-04
1.500732650352235562e-04
1.417838401627407642e-04
1.338421051796401273e-04
1.262267234232871565e-04
1.189591412763088996e-04
1.120246743002078436e-04
1.054129688167427723e-04
9.909111079517832004e-05
9.307535590289696924e-05
8.734513218515919236e-05
8.190225703488899492e-05
7.673874987031157940e-05
7.185515037729657518e-05
6.723235290073929381e-05
6.285531677283420771e-05
5.872106731155328594e-05
5.481694678156211100e-05
5.115043477235643255e-05
4.769360742931351904e-05
4.445290091087808536e-05
4.139554902244513409e-05
3.851655989274887837e-05
3.585368406279136708e-05
3.338804967541363690e-05
3.110154811128581603e-05
2.898902632843587085e-05
2.699266800638116579e-05
2.517599789277783162e-05
2.349049237345267896e-05
2.192620757104044398e-05
2.046320770402719908e-05
1.913997497972252725e-05
1.792682242359953983e-05
1.680988681891205461e-05
1.577450468722994665e-05
1.483757238502079648e-05
1.397208159846072999e-05
1.318665930215364866e-05
1.245695376101820422e-05
1.179632923420226892e-05
1.118053710033548968e-05
1.062586249500731857e-05
1.011487267776214269e-05
9.653418247308921804e-06
9.227669018902714168e-06
8.804955383940837630e-06
8.444753796414692637e-06
8.103763425865225537e-06
7.794017450092559341e-06
7.503791423479356235e-06
7.240912502051360930e-06
6.974547690050578752e-06
6.742407419272919882e-06
6.539036563345806449e-06
6.329571070779602152e-06
6.147578392970313284e-06
5.982579458086344771e-06
5.803391086068885223e-06
5.649970796254582162e-06
5.501388388629964852e-06
5.374934563310440226e-06
5.246003326381547512e-06
5.125619845974961592e-06
5.012529763790671739e-06
4.907707374052906843e-06
4.814803080032215413e-06
4.725777463547798036e-06
4.640564914635992653e-06
4.559355830805960312e-06
4.482971518545245611e-06
4.403110786498450287e-06
4.334661767627313542e-06
4.267807332555676432e-06
4.197509717727708488e-06
4.134917355756888695e-06
4.073629902002889757e-06
4.019092957187333147e-06
3.963664310315297190e-06
3.913564497092288859e-06
3.867013115909884300e-06
3.819459291686938055e-06
3.775136891476121203e-06
3.722650309222189879e-06
3.684663666500263771e-06
3.640233108252238501e-06
3.602706640678209314e-06
3.559657267284980932e-06
3.519552210031457331e-06
3.488765058977573898e-06
3.459581310643269061e-06
3.431136096050739528e-06
3.402399832027705229e-06
3.378309868238453881e-06
3.354427651680833281e-06
3.322882963770265625e-06
3.295398531612149969e-06
3.275183116305051879e-06
3.252595292653461213e-06
3.235007369063107230e-06
3.217831591098876972e-06
3.194243067294299800e-06
3.179928505227644125e-06
3.166493474914472363e-06
3.154416016309005983e-06
3.141301015339430958e-06
3.130416249520809319e-06
3.114672792672691538e-06
3.105407475312288830e-06
3.098200130227200585e-06
3.091058984374936394e-06
3.076803784054679032e-06
3.070239587869735104e-06
3.056640181581712636e-06
3.051612837365667949e-06
3.045970677965292694e-06
3.041878483661462032e-06
3.037450281278496907e-06
3.033447946947608483e-06
3.029218498573369010e-06
3.025133740003156520e-06
3.022697583029757646e-06
3.019698271441359907e-06
3.012368762948385657e-06
3.008483373968150834e-06
3.002685549842567446e-06
3.001529324112644417e-06
3.000446411295947814e-06
3.000205150947820900e-06
2.999392801880968968e-06
2.998164028200211379e-06
2.997994139452392621e-06
2.997906399334591298e-06
2.997674242161690606e-06
2.997590168766343547e-06
2.997525497648286565e-06
2.997398052105364136e-06
2.997266395148089573e-06
2.989590173342303765e-06
2.989191516508620244e-06
2.988855950833158511e-06
2.988648652841128226e-06
2.988580111729463103e-06
2.988409627970512491e-06
2.988187108466019174e-06
2.987882010590587770e-06
2.987846611159265698e-06
2.987809133928980840e-06
2.987764594720538850e-06
2.987735459594560149e-06
2.987666285577840995e-06
2.987648651433298406e-06
2.987592309942237695e-06
2.987542337481060011e-06
2.987342350675111374e-06
2.987303246297812434e-06
2.987136141005257404e-06
2.986384733612429703e-06
2.985943082542518963e-06
2.985889447094192198e-06
2.985428992510664268e-06
2.985059091291785865e-06
2.984977442586175516e-06
2.984691547206002569e-06
2.984616626862764192e-06
2.984491658604041209e-06
2.984472498099789744e-06
2.984407001017113084e-06
2.984365969733445270e-06
2.984321087562761812e-06
2.984298483072494226e-06
2.984123011312438353e-06
2.984034920509742072e-06
2.984015961874823590e-06
2.983873314243013648e-06
2.983844788415343844e-06
2.983790110370178003e-06
2.983627192641673695e-06
2.983444171102668786e-06
2.983301572291376023e-06
2.983242069249537718e-06
2.983208680490347180e-06
2.983137775332923116e-06
2.983039751182378005e-06
2.982916168727808879e-06
2.982897395935785307e-06
2.982832218469337391e-06
2.982804509351052593e-06
2.982732410703280745e-06
2.982600062017213456e-06
2.982526372909198159e-06
2.982505336653985786e-06
2.982477776766220169e-06
2.982290230200695291e-06
2.982232068861234170e-06
2.982143583594015757e-06
2.982086377784059677e-06
2.981428335901734684e-06
2.981387631277068368e-06
2.981356534763145805e-06
2.980971606966387983e-06
2.980876610922514786e-06
2.980815377300857730e-06
2.980664443768449870e-06
2.980638581585091372e-06
2.980580495203316674e-06
2.980563056147685406e-06
2.978804752448581924e-06
2.978732505874871558e-06
2.978666243932282162e-06
2.978300938945167798e-06
2.978001508036147636e-06
2.977963405582175733e-06
2.977887840126549520e-06
2.977806330444120956e-06
2.977682169250791102e-06
2.977566242942262135e-06
2.977505332399203391e-06
2.977431530849047501e-06
2.977284479662164179e-06
2.977265894317957969e-06
2.977195737269652673e-06
2.976655779661434067e-06
2.976607120905462132e-06
2.976593708440114989e-06
2.976580982898527314e-06
2.976571436098359318e-06
2.976419809210818204e-06
2.976304887051382536e-06
2.976200743521549344e-06
2.976150369439408340e-06
2.976031514225428648e-06
2.975361207081542505e-06
2.975201688888194614e-06
2.975118595140069087e-06
2.974830091518102396e-06
2.974806549993408098e-06
2.974666301322986073e-06
2.974344356872067022e-06
2.973222764674925764e-06
2.972858349227028917e-06
2.972463619908642499e-06
2.971809404596964140e-06
2.971745779362954471e-06
2.971612519637095670e-06
2.971214972762541118e-06
2.970324752717119445e-06
2.970204937284558995e-06
2.969632227737540415e-06
2.969577915527023423e-06
2.969427374476785831e-06
2.969213260213565928e-06
2.968749373664805144e-06
2.968246149785530123e-06
2.967935028064343166e-06
2.967738723653020842e-06
2.967439490700754226e-06
2.960477102917395994e-06
2.960238758056811596e-06
2.958895812029404544e-06
2.957888023348468878e-06
2.956318269579701368e-06
2.956054852915236545e-06
2.955817059912765966e-06
2.955447802274110958e-06
2.954852520918475943e-06
2.953325497230387258e-06
2.950922026989042309e-06
2.949905353888515281e-06
2.949217984483473364e-06
2.948958657329399158e-06
2.947831013484808752e-06
2.947535403601863432e-06
2.945425540628592996e-06
2.945222379240318658e-06
2.944097031914396030e-06
2.943579498444093475e-06
2.942249425390462288e-06
2.940839579718306356e-06
2.938385291119505556e-06
2.937520719756881665e-06
2.937118191871567502e-06
2.936903337293274069e-06
2.936667813962596834e-06
2.935243326514388404e-06
2.932502995533136771e-06
2.931402804066987612e-06
2.930186137171104809e-06
2.928192997190023037e-06
2.927576864558127870e-06
2.926359818050579919e-06
2.924823856849173472e-06
2.922455549339726683e-06
2.921833017894807661e-06
2.920700895558109809e-06
2.919749006867684745e-06
2.918027931285532739e-06
2.917398278777952446e-06
2.916302234821746670e-06
2.914516862600220438e-06
2.912976360152413103e-06
2.909398662191226644e-06
2.908037810700575110e-06
2.906845169845995026e-06
2.905454006908532397e-06
2.904252926951114241e-06
2.900665946132279393e-06
2.894989741144161803e-06
2.892536833963771384e-06
2.888705413144173499e-06
2.885946504138627426e-06
2.884401783836502293e-06
2.881258617730249093e-06
2.872330156289025987e-06
2.869381634345199470e-06
2.867905600477808834e-06
2.860261727989522665e-06
2.858936885862449508e-06
2.858039617921950075e-06
2.856482667166918012e-06
2.854255512449291172e-06
2.852921162848365051e-06
2.852282330972909511e-06
2.847559335773618947e-06
2.845644889579700041e-06
2.837597683387111749e-06
2.833197913686705477e-06
2.827750195111937222e-06
2.813887719429327428e-06
2.803141439404103297e-06
2.802115688523855549e-06
2.800110778431534502e-06
2.798922371923226469e-06
2.796915907734484354e-06
2.795594292619302646e-06
2.793707277038162291e-06
2.787267800149746594e-06
2.786490730933114749e-06
2.783346475446645790e-06
2.778317568592193693e-06
2.775104138452662338e-06
2.774247883414303508e-06
2.767091318330367626e-06
2.765718727813064710e-06
2.760785858594232626e-06
2.758959666560612339e-06
2.758677106580054211e-06
2.755370769187851228e-06
2.740266717713098525e-06
2.738889972288159114e-06
2.740742771696118050e-06
