1.740873469109681104e-01
1.741876933563826502e-01
1.743888211231399976e-01
1.746915966484212934e-01
1.750973111052938902e-01
1.756076696878014765e-01
1.762247764705884845e-01
1.769511141871882853e-01
1.777895181979329831e-01
1.787431438994357136e-01
1.798154268675173084e-01
1.810100351261406948e-01
1.823308130950150041e-01
1.837817169835213593e-01
1.853667416607979179e-01
1.870898393305701068e-01
1.889548306615330964e-01
1.909653093546987146e-01
1.931245414518431847e-01
1.954353609874940334e-01
1.979000638448872862e-01
2.005203018798839276e-01
2.032969795145334602e-01
2.062301550659645932e-01
2.093189490628060700e-01
2.125614617111517279e-01
2.159547015101036804e-01
2.194945267920521692e-01
2.231756016868368941e-01
2.269913676955775950e-01
2.309340317236960871e-01
2.349945710775025176e-01
2.391627555870867172e-01
2.434271866902245063e-01
2.477753530046794828e-01
2.521937016337846837e-01
2.566677241937099230e-01
2.611820563193141265e-01
2.657205891963169142e-01
2.702665914775451150e-01
2.748028397675471024e-01
2.793117557016712160e-01
2.837755475038689634e-01
2.881763537858205160e-01
2.924963872553590361e-01
2.967180759441065963e-01
3.008241995542507152e-01
3.047980185748715987e-01
3.086233939409030458e-01
3.122848952121426991e-01
3.157678955411250543e-01
3.190586520770357648e-01
3.221443709113671061e-01
3.250132561955813570e-01
3.276545436303898162e-01
3.300585191127642926e-01
3.322165238981546476e-01
3.341209481568268025e-01
3.357652152401635615e-01
3.371437592937545635e-01
3.382519990335539628e-01
3.390863105221275098e-01
3.396440016370040893e-01
3.399232906166015922e-01
