1.176853787657750434e-05
4.297745038850799373e-04
8.612765384049957292e-04
1.302900624308471087e-03
1.751272744467653655e-03
2.195427343217020138e-03
2.664043566143323681e-03
3.103137139200910950e-03
3.555726780769912204e-03
4.026873516542099282e-03
4.482837175238947418e-03
4.937113825371871462e-03
5.395607996914608337e-03
5.871815758378576798e-03
6.342118989868803999e-03
6.836883845535968694e-03
7.308030581308163146e-03
7.811230479794965646e-03
8.315273882563733662e-03
8.820160789614462857e-03
9.320830175255373148e-03
9.858613749302675908e-03
1.037615322058285487e-02
1.093839841880709686e-02
1.135387387196971215e-02
1.194058069437088643e-02
1.245474614852322068e-02
1.299927775682623195e-02
1.354127885228335534e-02
1.409424550340599748e-02
1.459322788048298715e-02
1.510401931750746628e-02
1.564264639583673108e-02
1.614162877291371728e-02
1.663639362858089152e-02
1.716574215980855647e-02
1.767147257114124945e-02
1.819238605954927659e-02
1.870992553082945209e-02
1.922493448926373624e-02
1.975090900336354260e-02
2.030640616733206741e-02
2.081804110863849644e-02
2.136763374263327478e-02
2.192819193229358921e-02
2.245754046352125416e-02
2.299869805469640857e-02
2.357359581715009686e-02
2.411644041688916495e-02
2.459770920404492911e-02
2.516332841939701234e-02
2.573316515615890754e-02
2.628613180728154447e-02
2.684837700550578646e-02
2.737350801532362557e-02
2.794334475208552770e-02
2.847522379615905971e-02
2.900794634451459714e-02
2.953645137146030178e-02
3.010966212535008332e-02
3.063394963088596559e-02
3.118691628200860252e-02
3.175590951448854088e-02
3.229959761850963174e-02
3.282810264545531903e-02
3.337432126232224572e-02
3.393656646054647730e-02
3.445410593182663544e-02
3.500622907866732941e-02
3.558534436253085742e-02
3.613240648367976177e-02
3.667356407485493353e-02
3.722400021313169299e-02
3.778202788994612649e-02
3.834511659245235654e-02
3.889723973929303663e-02
3.937766502216679537e-02
3.992641415187964116e-02
4.047263276874660254e-02
4.100704232566607793e-02
4.153976487402159107e-02
4.206152186671158894e-02
4.261786253496208099e-02
4.319613431454360358e-02
4.373982241856465975e-02
4.431556368530031875e-02
4.484406871224597829e-02
4.534389459360493174e-02
4.569104619992851724e-02
4.608796455888793803e-02
4.656079830322405744e-02
4.702604050902248894e-02
4.750646579189627544e-02
4.793628081785224898e-02
4.827415387707421207e-02
4.857744326073566710e-02
4.883012238747935774e-02
4.907183595855751923e-02
4.930595799109802058e-02
4.957719421204489357e-02
4.983915188589016498e-02
5.008255246553226098e-02
5.034029261796771348e-02
5.063261644596368793e-02
5.089120010268110422e-02
5.119448948634257313e-02
5.149187434003029556e-02
5.179432021940979375e-02
5.208917456025163872e-02
5.246669232072587868e-02
5.275142461018414441e-02
5.304459194246205489e-02
5.332341970194658110e-02
5.361068250425075205e-02
5.387601419522387164e-02
5.418183409173125270e-02
5.476010587131276836e-02
5.512412756327561558e-02
5.548983626380239037e-02
5.581083923738507785e-02
5.613943374950546017e-02
5.647561980016350264e-02
5.677806567954304245e-02
5.710075566168965056e-02
5.754828427756691900e-02
5.820078443396119183e-02
5.853697048461922736e-02
5.908403260576812477e-02
5.953999626446497551e-02
5.982978957961503780e-02
6.013307896327650670e-02
6.047095202249849755e-02
6.078942448323536307e-02
6.120236942355206100e-02
6.187342667414962027e-02
6.253098785623580069e-02
6.317842698693834635e-02
6.363692115848114395e-02
6.400853438898168601e-02
6.442738385927206102e-02
6.496179341619155723e-02
6.543040963911786467e-02
6.580877090387410311e-02
6.611796481750924215e-02
6.646427291955091243e-02
6.682998162007766640e-02
6.738632228832816540e-02
6.807087560743711740e-02
6.862046824143189228e-02
6.923248019229204242e-02
6.982930906607674737e-02
7.023887998926559018e-02
7.065182492958232974e-02
7.115165081094126931e-02
7.174088814618835575e-02
7.243050249098918758e-02
7.317325760555347391e-02
7.381394870200035097e-02
7.432895766043461083e-02
7.505146867223190521e-02
7.569890780293446475e-02
7.635899949786645324e-02
7.705030085123107386e-02
7.745228023588233979e-02
7.779184030366827207e-02
7.822671635531601442e-02
7.861688668001977354e-02
7.933602367468922667e-02
7.993707006988370889e-02
8.028759569333522583e-02
8.089539012278547381e-02
8.170140805849709920e-02
8.237836983906833555e-02
8.282842896779149533e-02
8.328692313933423741e-02
8.398581603123653205e-02
8.457420986220171022e-02
8.521574446293046778e-02
8.555530453071635844e-02
8.591595220555132972e-02
8.631793159020265116e-02
8.684728012143029530e-02
8.754448600476866238e-02
8.805612094607515039e-02
8.846147434785417429e-02
8.898997937479991016e-02
8.963151397552865385e-02
9.012206130978597796e-02
9.043884676195884653e-02
9.079358990682011299e-02
9.133137348086739493e-02
9.202267483423207106e-02
9.277808251302591125e-02
9.356132583312457007e-02
9.436565676027229566e-02
9.498694725823399188e-02
9.560486373906787461e-02
9.593936278116195482e-02
9.651426054361571250e-02
9.717688275139362009e-02
9.773828444533586013e-02
9.818159553980330967e-02
9.878685945640769406e-02
9.955407619514908268e-02
1.002495950699234945e-01
1.009451139446979756e-01
1.015739959811972626e-01
1.021539547693428168e-01
1.028469431312713650e-01
1.032733841400994418e-01
1.036466843791639253e-01
1.040520377809430047e-01
1.045105319524858439e-01
1.050162623638184745e-01
1.055439238864822743e-01
1.061905195129028562e-01
1.069897894143588685e-01
1.076869952976973049e-01
1.083167208384785973e-01
1.087187002231297661e-01
1.093458952510652504e-01
1.101325125882917366e-01
1.107816387275582237e-01
1.113261703358612853e-01
1.119432433124131210e-01
1.124118595353394146e-01
1.130500201189402337e-01
1.136620320698003700e-01
1.144646759883842790e-01
1.151188631533424517e-01
1.156456811717243294e-01
1.163285474822692289e-01
1.170831116567812025e-01
1.178283972841914912e-01
1.182388117116622284e-01
1.186112684464447342e-01
1.190824151822170163e-01
1.194894555925599539e-01
1.202364282285341701e-01
1.206873308615393214e-01
1.210808752033708940e-01
1.217688025396075763e-01
1.224660084229459295e-01
1.230333146468620270e-01
1.235584456566797551e-01
1.240936987178811873e-01
1.247495728914033014e-01
1.253118180896276579e-01
1.258428536294191047e-01
1.264329344689480994e-01
1.271326708651324966e-01
1.277016640976123829e-01
1.281340096364141923e-01
1.285806947480094831e-01
1.290897991764700381e-01
1.295811900150093954e-01
1.301940454701513150e-01
1.306576006673859369e-01
1.311177818474926760e-01
1.317424463625821440e-01
1.324860449814284358e-01
1.332507312073238359e-01
1.339774597405309353e-01
1.346409254525907651e-01
1.352453458649132134e-01
1.358388007215700910e-01
1.364491256638662442e-01
1.369278639381760199e-01
1.374715520421970760e-01
1.380844074973391344e-01
1.385842333786980740e-01
1.392325160136825002e-01
1.397264373650677627e-01
1.402144541864792648e-01
1.408188745988016577e-01
1.414949928750909025e-01
1.419205903796372792e-01
1.424060766882028761e-01
1.429354252194303676e-01
1.435912993929525650e-01
1.440843772400559331e-01
1.445184097874216700e-01
1.449870260103480468e-01
1.454092494977664018e-01
1.461005508511309947e-01
1.467918522044956431e-01
1.473085481714937472e-01
1.477982520014690937e-01
1.484752137820401774e-01
1.490998782971297287e-01
1.494917356303975542e-01
1.499164896306616479e-01
1.505394671371871884e-01
1.511422005409455982e-01
1.515939466782326162e-01
1.520625629011589652e-01
1.527015669890419425e-01
1.534527571464258944e-01
1.540715171315415466e-01
1.547695665191621550e-01
1.554659288982184195e-01
1.561327686274060489e-01
1.566199419445356011e-01
1.571695345785303621e-01
1.577714244780070163e-01
1.584888744641125558e-01
1.591835498346048372e-01
1.597905007597730798e-01
1.603510589494334948e-01
1.609917500458803719e-01
1.615244725942358295e-01
1.620622561682830420e-01
1.625114717927241270e-01
1.629868360499061586e-01
1.635288371453632594e-01
1.641079524292267389e-01
1.646752586531428919e-01
1.652020766715247280e-01
1.658098711009750037e-01
1.665214165571067551e-01
1.671680121835273369e-01
1.677884591772069167e-01
1.682596059129790877e-01
1.687493097429545730e-01
1.694212104978340128e-01
1.700365964658220042e-01
1.706114942282756786e-01
1.710868584854576546e-01
1.715267955627972352e-01
1.721767652063458387e-01
1.727769680972584820e-01
1.732169051745979516e-01
1.737884289199236321e-01
1.743835707851444650e-01
1.750731851299451580e-01
1.756126557125564092e-01
1.760095740715158508e-01
1.765262700385139827e-01
1.769754856629551232e-01
1.774972426556450933e-01
1.780375567425383221e-01
1.786672822833194618e-01
1.792548326100026068e-01
1.798794971250923524e-01
1.806433398467056917e-01
1.812426992333364406e-01
1.818235015257637921e-01
1.824220174081124801e-01
1.831158492743229782e-01
1.836823119939568483e-01
1.841694853110864005e-01
1.846861812780845047e-01
1.852855406647150038e-01
1.857862100503557823e-01
1.863383331971964763e-01
1.867765832659721292e-01
1.873700381226289513e-01
1.879246917823155505e-01
1.884793454420020942e-01
1.890803918371966874e-01
1.896527590868045121e-01
1.902015082165172399e-01
1.907190476877973773e-01
1.912762318603298817e-01
1.919008963754194885e-01
1.925955717459119643e-01
1.931561299355722405e-01
1.937478977836651628e-01
1.944029284529054102e-01
1.949061283513921217e-01
1.954801826095637352e-01
1.961622054158267958e-01
1.968037400165556228e-01
1.974494921386942270e-01
1.979391959686694069e-01
1.985562689452213259e-01
1.990366942280951679e-01
1.995331460923262801e-01
1.999924837681509304e-01
2.005429199064276968e-01
2.012333777555103953e-01
2.019854114171764359e-01
2.025316300340433973e-01
2.031934087375390496e-01
2.038079512012449801e-01
2.044764779389965648e-01
2.050100439916341111e-01
2.055798807283958918e-01
2.061336908838004855e-01
2.067440158260966110e-01
2.072758948701702575e-01
2.078895938295941548e-01
2.085032927890180798e-01
2.091566364496942887e-01
2.097214121607644255e-01
2.102583522305297159e-01
2.107877007617572906e-01
2.113609115156469265e-01
2.119012256025400998e-01
2.125225161005017960e-01
2.131927298468171972e-01
2.138241423961624588e-01
2.144825470825305613e-01
2.149477892883290275e-01
2.154568937167896381e-01
2.159238229311519486e-01
2.164548584709436729e-01
2.170415652933447015e-01
2.175312691233200202e-01
2.181002623557999620e-01
2.186540725112045835e-01
2.193091031804448310e-01
2.198443562416460551e-01
2.204260020383554675e-01
2.210979027932348240e-01
2.217706470523962969e-01
2.223269877206467404e-01
2.230368461682144809e-01
2.236615106833040045e-01
2.242617135742165368e-01
2.248163672339031083e-01
2.254098220905597916e-01
2.259889373744234098e-01
2.265292514613165276e-01
2.270164247784464129e-01
2.275457733096742652e-01
2.280523472252887207e-01
2.286297755005883003e-01
2.292325089043464881e-01
2.298563299151542838e-01
2.305636578498763412e-01
2.312035054420409907e-01
2.318121433757732996e-01
2.323566749840761669e-01
2.328126386427731842e-01
2.334280246107611756e-01
2.340181054502901981e-01
2.345896291956158231e-01
2.351729620008893573e-01
2.357799129260575444e-01
2.364627792366026937e-01
2.370461120418757284e-01
2.375771475816672862e-01
2.381360187627636349e-01
2.387109165252169485e-01
2.392917188176447163e-01
2.399779591453177763e-01
2.405739445148206701e-01
2.411867999699625897e-01
2.418274910664091060e-01
2.424293809658858712e-01
2.430675415494870095e-01
2.436171341834817983e-01
2.442198675872400970e-01
2.448141659481786747e-01
2.453333924280231559e-01
2.460407203627451855e-01
2.466561063307331769e-01
2.472318475974686902e-01
2.478143368984599415e-01
2.484794896190839208e-01
2.490645094329209663e-01
2.496048235198141119e-01
2.501889998293693740e-01
2.507495580190297613e-01
2.512738455245652758e-01
2.518597088426847153e-01
2.524194235280631249e-01
2.530027563333364649e-01
2.536147682841964901e-01
2.542352152778762919e-01
2.547721553476416934e-01
2.553352440501481246e-01
2.559253248896774524e-01
2.564563604294688437e-01
2.570312581919224626e-01
2.575420496289470562e-01
2.581059818357347990e-01
2.586673835296774970e-01
2.592001060780332877e-01
2.597134280279032592e-01
2.602925433117666554e-01
2.608083957744827264e-01
2.613681104598614691e-01
2.618864934354232510e-01
2.624816353006440561e-01
2.630008617804884263e-01
2.635706985172502348e-01
2.641278826897824894e-01
2.647078414779279742e-01
2.652751477018443493e-01
2.658357058915043480e-01
2.663937335683191354e-01
2.669661008179267658e-01
2.675536511446097721e-01
2.680593815559424997e-01
2.686216267541663427e-01
2.692100205851314931e-01
2.698254065531193180e-01
2.703724686742684513e-01
2.709010142232848861e-01
