7.350170280023302777e-03
6.320029249132251732e-03
5.532245488744428480e-03
4.862762186578789385e-03
4.268558835863090969e-03
3.761716016910257501e-03
3.313646448653611177e-03
2.915460669959734318e-03
2.565293430998464089e-03
2.255466849712319411e-03
1.981385954943498846e-03
1.738610947097793446e-03
1.524095711142210924e-03
1.337316992619113276e-03
1.174019874713744900e-03
1.032084683284272431e-03
9.081582586375184672e-04
8.005347401989044379e-04
7.080434487011350551e-04
6.285397969827169170e-04
5.619338327022072380e-04
5.065094484117783425e-04
4.591617567412168126e-04
4.176127166295670341e-04
3.760774540606333827e-04
3.446608904797744417e-04
3.168174717343294412e-04
2.919568949944443409e-04
2.718294469281629512e-04
2.548910936805502789e-04
2.376812875872045421e-04
2.251705211605375641e-04
2.145188325475618646e-04
2.055107775255492371e-04
1.972866629843234953e-04
1.911918339328676458e-04
1.855437302489152470e-04
1.810611220026269071e-04
1.755912407775712817e-04
1.717010020415923334e-04
1.682010497896430144e-04
1.650969795532479425e-04
1.621857591129734287e-04
1.594993818114817219e-04
1.568997140877357232e-04
1.544051420582498576e-04
1.519600354362315607e-04
1.496124616167813430e-04
1.473942018745271506e-04
1.450902342564033463e-04
1.430228538647172678e-04
1.410819947781851596e-04
1.392202506414342959e-04
1.374447408245003173e-04
1.357225966145011694e-04
1.341070964965285499e-04
1.325119394586377064e-04
1.310001982789220213e-04
1.294729899115265256e-04
1.281129905271485533e-04
1.268120911784631271e-04
1.255155812705380843e-04
1.243553540807034623e-04
1.232210932854189587e-04
1.221068219890976371e-04
1.211482587854804304e-04
1.202248123500942897e-04
1.193347411497245388e-04
1.185245934154170304e-04
1.177851030402298432e-04
1.171089444177543455e-04
1.164422801139272190e-04
1.158575267869457151e-04
1.153348497278085195e-04
1.148376731491226638e-04
1.144023188483471866e-04
1.139442295349068341e-04
1.135710511910728658e-04
1.132671889786998203e-04
1.129875642299247120e-04
1.127234591011393595e-04
1.124637792020147302e-04
1.122972412029725925e-04
1.121570427242075984e-04
1.120453781413800813e-04
1.119660671515619040e-04
1.118922910049022554e-04
1.118308547728886240e-04
1.113701536537665217e-04
1.109602037711747739e-04
1.109080846864180100e-04
1.108281336914468596e-04
1.108192527041911203e-04
1.108035251741092272e-04
1.108011017929738423e-04
1.107933547262756236e-04
1.107932073011866006e-04
1.107929948182062119e-04
1.107929118056003216e-04
1.107927466206394242e-04
1.107907823152606965e-04
1.107904660963624215e-04
1.107901766667842441e-04
1.107898691208889316e-04
1.107896555047000934e-04
1.107895490962681009e-04
1.107894471176769071e-04
1.107891458469188376e-04
1.107882138170944523e-04
1.107880548662727092e-04
1.107874570286146416e-04
1.107871460156825721e-04
1.107859441322253392e-04
1.107855206882324027e-04
1.107845996957508642e-04
1.107841986427516770e-04
1.107831791735768132e-04
1.107822810600914170e-04
1.107811066867992150e-04
1.107800001595248115e-04
1.107793236903606660e-04
1.107788584956575405e-04
1.107767736049713808e-04
1.107643660558316819e-04
1.107640718169191637e-04
1.107640448441939222e-04
1.107638090143285206e-04
1.107633981146963979e-04
1.107633450897165103e-04
1.107614503495661570e-04
1.107530189971677863e-04
1.107517734088294358e-04
1.107493127351292085e-04
1.107478868481716431e-04
1.107477958263265933e-04
1.107477154045257692e-04
1.107463042703595859e-04
1.107452521418734586e-04
1.107414608311283458e-04
1.107396344555482907e-04
1.107394987453363424e-04
1.107389895926784142e-04
1.107376349408467739e-04
1.107367104107716233e-04
1.107354373140573517e-04
1.107322337488229332e-04
1.107310811705411620e-04
1.107307753522343807e-04
1.107300275251054913e-04
1.107295685101768179e-04
1.107289252363884824e-04
1.107282362427658564e-04
1.107016377567148662e-04
1.107008401228923495e-04
1.106997550570435460e-04
1.106996959641825840e-04
1.106993600184781964e-04
1.106985576823090676e-04
1.106972801388090286e-04
1.106970677025733254e-04
1.106969076915581318e-04
1.106966895652293785e-04
1.106966910838594624e-04
1.106966507593330296e-04
1.106936560195944199e-04
1.106928960551317086e-04
1.106888070038935281e-04
1.106871475062696153e-04
1.106865109081662683e-04
1.106837315457903995e-04
1.106825126042589209e-04
1.106820783311815155e-04
1.106807479447039107e-04
1.106803176161716217e-04
1.106779279497597412e-04
1.106776418777475929e-04
1.106756738055800774e-04
1.106748924195295552e-04
1.106729144008120405e-04
1.106712166787960380e-04
1.106662609274552072e-04
1.106658402439271416e-04
1.106657476991869735e-04
1.106658465522687403e-04
1.106637103257604313e-04
1.106631140308540892e-04
1.106632247467668995e-04
1.106624536953424223e-04
1.106587416986134527e-04
1.106418464387737673e-04
1.106411927768552835e-04
1.106409191178445075e-04
1.106410847950616244e-04
1.106409130473193621e-04
1.106402241343620282e-04
1.106389502974005376e-04
1.106379891904827310e-04
1.106219037067051686e-04
1.106203078686843303e-04
1.106193932356662577e-04
1.106191088889692449e-04
1.106173660889177133e-04
1.106162198249376034e-04
1.106153919293182883e-04
1.106148946809773427e-04
1.106145881666608781e-04
1.106142329048419868e-04
1.106137673265004278e-04
1.106131507595856756e-04
1.106113791654549626e-04
1.106087588731894761e-04
1.106039946116373789e-04
1.106024234407239137e-04
1.105977502679727744e-04
1.105950443935322199e-04
1.105931342140765961e-04
1.105923354226113044e-04
1.105917468004713830e-04
1.105912096092004923e-04
1.105899101393689347e-04
1.105892267156431609e-04
1.105876285141028947e-04
1.105867414534558848e-04
1.105857959082486627e-04
1.105857010688524928e-04
1.105839092243404519e-04
1.105829302015741666e-04
1.105827083491474377e-04
1.105823927430222870e-04
1.105818017777639498e-04
1.105817155154651863e-04
1.105812798851066043e-04
1.105806422489373974e-04
1.105805239775962853e-04
1.105786138325326522e-04
1.105762822631581522e-04
1.105740979223606926e-04
1.105706754821123765e-04
1.105703389755800884e-04
1.105664022491049676e-04
1.105422238239582008e-04
1.105414140094235838e-04
1.105389352591620313e-04
1.105352104214280554e-04
1.105303569361884379e-04
1.105205179935459978e-04
1.105193442595387533e-04
1.105192141400763208e-04
1.105177194455901922e-04
1.105162497516623549e-04
1.105151813895048380e-04
1.105148564927346111e-04
1.104916895897457352e-04
1.104811599849291959e-04
1.104791806158575944e-04
1.104742426234231153e-04
1.104710244024578714e-04
1.104668089731271162e-04
1.104612046583811150e-04
1.104597292939868349e-04
1.104524744191608088e-04
1.104510021010013425e-04
1.104484645968027988e-04
1.104474486496356800e-04
1.104461334362447935e-04
1.104418000282155588e-04
1.104400070735160280e-04
1.104181792751711096e-04
1.104181470718616190e-04
1.104163933207225707e-04
1.104131410662489749e-04
1.104107743551977562e-04
1.104092080196484151e-04
1.104082107066720986e-04
1.104041883377269333e-04
1.104014295580057179e-04
1.104004379792001216e-04
1.103881709249765253e-04
1.103877971921558604e-04
1.103854706495089840e-04
1.103820844180387228e-04
1.103762060826966044e-04
1.103738429878850042e-04
1.103691254412500928e-04
1.103685826023299431e-04
1.103665455851850420e-04
1.103629875220499170e-04
1.103466774796216818e-04
1.103291780986243969e-04
1.103243954434518921e-04
1.102782715764196814e-04
1.102637060762365253e-04
1.102631919578014722e-04
1.102572023804609665e-04
1.102459313758233069e-04
1.102391202931885634e-04
1.102348979384438034e-04
1.102339686757736675e-04
1.102328155296926300e-04
1.102275889451420990e-04
1.102268220774720931e-04
1.102221806156663468e-04
1.102180892496892845e-04
1.102138998747480237e-04
1.102117472839141707e-04
1.102100403462368124e-04
1.102011644084356477e-04
1.101988325209878213e-04
1.101574033126402114e-04
1.101513575574710407e-04
1.101492482018898324e-04
1.101417156431629086e-04
1.101249423142595588e-04
1.101083088367109082e-04
1.101021284965672656e-04
1.100868574015485661e-04
1.098199966076200787e-04
1.097843696626045408e-04
1.097785294290219357e-04
1.097723157097643264e-04
1.097722376436840606e-04
1.097634758371683730e-04
1.097599742377386770e-04
1.097535185751982224e-04
1.097423664179138946e-04
1.097368548794414278e-04
1.097234780127491542e-04
1.097162654946648046e-04
1.096558689178184275e-04
1.096453099521983319e-04
1.096326749206438512e-04
1.096203558851308784e-04
1.096136526050475664e-04
1.095990205251411626e-04
1.095984176975718465e-04
1.095535824866062573e-04
1.094825441102757085e-04
1.094683758978505825e-04
1.094230123343746368e-04
1.093219684831311407e-04
1.093142993136543372e-04
1.092847534774428524e-04
1.092773721217405575e-04
1.092614491021907079e-04
1.092587850825758297e-04
1.092422537411525557e-04
1.092362593051913284e-04
1.092128752220737810e-04
1.092089718801671802e-04
1.091773744297239222e-04
1.091500363803243412e-04
1.091381212931402970e-04
1.091182644578836598e-04
1.091026531605805260e-04
1.090774807856149194e-04
1.090375809795618835e-04
1.088954300087226061e-04
1.088398829792131895e-04
1.087381365555590711e-04
1.087190351298711533e-04
1.087055018380537211e-04
1.087073484944539446e-04
1.086828882090860610e-04
1.086479418510343436e-04
1.086265269654992178e-04
1.086336798365073353e-04
1.086048899046200382e-04
1.085846355887560400e-04
1.085615356877656367e-04
1.085320642471479226e-04
1.084714174465258453e-04
1.084569853313958952e-04
1.084338971497322406e-04
1.084162866013369962e-04
1.083838157227031524e-04
1.083787751229344502e-04
1.082640459704163356e-04
1.082450694856005056e-04
1.081440895241129628e-04
1.079699646877712167e-04
1.079637426540546634e-04
1.079412309536033847e-04
1.078972214393132705e-04
1.078691609594312152e-04
1.078699423530289230e-04
1.078413104033993812e-04
1.078291652019603206e-04
1.078206173520600649e-04
1.076666827185385043e-04
1.075518003300096495e-04
1.074556146704858361e-04
1.074497839999332999e-04
1.074167840326210015e-04
1.074245347748437317e-04
1.073293193785116085e-04
1.071679865956423399e-04
1.071103339281448429e-04
1.070954102683091026e-04
1.069197022032825246e-04
1.068892583597287789e-04
1.068955784493565148e-04
1.068623209372187303e-04
1.068170806976624101e-04
1.067128399384010488e-04
1.063723243502427945e-04
1.059185825130867689e-04
1.057931277743182205e-04
1.057854656921891341e-04
1.057402794865219256e-04
1.056686014449695847e-04
1.055993042981039434e-04
1.055712780392069290e-04
1.053398111509179616e-04
1.052736106050319837e-04
1.052902873156862063e-04
1.052812446348872009e-04
1.049779628210478869e-04
1.049770792315084337e-04
1.049869436306606851e-04
1.049598584311175266e-04
1.048112578676817669e-04
1.047437623704568807e-04
1.045072590189869305e-04
1.043773481055473515e-04
1.043495198882044131e-04
1.043793328120685380e-04
1.043196207571902813e-04
1.041666157229324027e-04
1.041476326832972363e-04
1.041598067926170789e-04
1.042576849320991575e-04
1.043224922024429691e-04
1.042737230080677995e-04
1.042805531048125858e-04
1.044478862883098846e-04
1.045067365684394659e-04
1.043957420140843780e-04
1.044241538748943141e-04
1.037793164274150695e-04
1.040709799038339224e-04
1.044123631830844390e-04
1.044925966659900822e-04
1.042480424122788302e-04
1.046114748918626150e-04
1.051851908211182688e-04
1.063492564315132927e-04
1.068895494858978628e-04
1.083850380154809676e-04
1.090381392877454631e-04
1.101876213803486856e-04
1.114044969077258829e-04
1.123404143218810014e-04
1.141576922706813430e-04
1.160971347189694293e-04
1.184562795776412762e-04
1.203290776605184980e-04
1.216754644776579715e-04
1.253660723052737937e-04
1.293411629058382811e-04
1.356645067164175174e-04
1.390014094222699376e-04
1.483639392263668083e-04
1.576160208696520792e-04
1.710456970043747215e-04
1.785544239613941881e-04
1.944426104024184632e-04
2.147009257078808073e-04
2.252429853933394989e-04
2.485879868634485821e-04
2.695669120787659752e-04
2.948342334282841922e-04
3.317847268532078371e-04
3.760602354035969528e-04
4.246853660449491840e-04
4.854421350772277692e-04
5.456262279818776357e-04
6.158985829712456360e-04
6.862335893919242237e-04
7.857322047421835256e-04
8.767951985954666608e-04
1.032171480508829904e-03
1.207456092677572628e-03
1.393304485297355193e-03
1.650145231993360934e-03
1.948766561600081323e-03
2.307141493491127269e-03
2.676219667701494002e-03
3.036463049882501004e-03
3.366038131451754446e-03
4.015646104517454906e-03
4.792026816936678472e-03
5.586618818099159389e-03
6.596266462850353465e-03
7.861335608696862556e-03
9.509405420008189974e-03
1.138512841325645814e-02
1.367494569303659077e-02
1.609642840119159327e-02
1.911136470671500123e-02
2.333022305586031353e-02
2.806964429472309092e-02
