5.427429050753861395e-01
5.430557498758170620e-01
5.436827952663380037e-01
5.446267424922774936e-01
5.458916169755507752e-01
5.474827349093521756e-01
5.494066560558071854e-01
5.516711207018131224e-01
5.542849685001683957e-01
5.572580368638416770e-01
5.606010367056842858e-01
5.643254036298143150e-01
5.684431231800283202e-01
5.729665294208650117e-01
5.779080769443414312e-01
5.832800873267750541e-01
5.890944720646842381e-01
5.953624350494554074e-01
6.020941586466238560e-01
6.092984783755968081e-01
6.169825519899898580e-01
6.251515293933670447e-01
6.338082302544691959e-01
6.429528363855185891e-01
6.525826059051801353e-01
6.626916159265681117e-01
6.732705400057057421e-01
6.843064658847496373e-01
6.957827582037880987e-01
7.076789698780757698e-01
7.199708047892223739e-01
7.326301333627830425e-01
7.456250615396272652e-01
7.589200526257621204e-01
7.724761005471576514e-01
7.862509521553829872e-01
8.001993754302633155e-01
8.142734697040073799e-01
8.284230133791546935e-01
8.425958440204024402e-01
8.567382651595801812e-01
8.707954736598346734e-01
8.847120010428997094e-01
8.984321618040147506e-01
9.119005014440745294e-01
9.250622367675492841e-01
9.378636809636141658e-01
9.502526461452862616e-01
9.621788164038314051e-01
9.735940850727385909e-01
9.844528508040284454e-01
9.947122682392821602e-01
1.004332450487270378e+00
1.013276622255495418e+00
1.021511224257940720e+00
1.029005971349872040e+00
1.035733868621811160e+00
1.041671191310470368e+00
1.046797435746632088e+00
1.051095249560664913e+00
1.054550349925837960e+00
1.057151438684268641e+00
1.058890122748253004e+00
1.059760847214035850e+00
