1.429905072246752809e-05
4.314615124490067395e-04
8.503109827394716774e-04
1.269160453029936995e-03
1.716689068907155998e-03
2.186148796115423322e-03
2.620181343481230510e-03
3.071927480768267549e-03
3.524517122337267501e-03
3.977106763906263984e-03
4.438131448294895670e-03
4.894938611273709321e-03
5.366085347045898568e-03
5.801804902975626378e-03
6.256081553108548687e-03
6.694331621884167839e-03
7.168852374784210474e-03
7.614693982097505386e-03
8.075718666486144878e-03
8.553613436514050442e-03
8.992707009571637711e-03
9.458792719652057285e-03
9.927408942578364731e-03
1.039180764409485327e-02
1.085367583276545048e-02
1.129951744007874626e-02
1.175885511590345038e-02
1.222747133882976477e-02
1.268933952750036023e-02
1.316470378468237272e-02
1.363500701617260252e-02
1.409856221340713076e-02
1.455705638494987110e-02
1.501302004364672531e-02
1.550019336077622899e-02
1.596290505372878130e-02
1.644923486657631773e-02
1.692881664516814391e-02
1.740755491947800979e-02
1.789725874945339787e-02
1.837599702376325680e-02
1.885557880235508646e-02
1.932166451243549216e-02
1.982149039379444214e-02
2.031035071948786991e-02
2.081776813938449044e-02
2.129988043082220103e-02
2.178621024366974093e-02
2.227675757792708933e-02
2.273693875803376244e-02
2.322664258800915746e-02
2.372393795652221610e-02
2.422545084644509364e-02
2.469828459078121305e-02
2.520485850639586980e-02
2.568022276357788403e-02
2.617161360211718926e-02
2.667228298775810302e-02
2.715945630488759630e-02
2.766603022050225305e-02
2.816838661470710478e-02
2.864796839329889974e-02
2.916382085601518584e-02
2.966870776306589769e-02
3.016684663586093745e-02
3.066582901293793406e-02
3.115300233006743080e-02
3.170934299831795755e-02
3.224037853810952925e-02
3.273092587236691581e-02
3.325352636933884970e-02
3.376769182349118742e-02
3.427426573910580948e-02
3.479770974035974185e-02
3.526210844187620957e-02
3.579567449451370037e-02
3.628875234161696439e-02
3.681135283858889828e-02
3.729515213859056072e-02
3.779497801994949335e-02
3.831251749122970007e-02
3.882752644966393912e-02
3.938302361363249515e-02
3.987188393932590558e-02
4.043497264183212175e-02
4.094407707029263516e-02
4.147679961864818993e-02
4.197325148287925356e-02
4.247645138136606907e-02
4.298133828841678439e-02
4.351321733249035456e-02
4.400039064961983049e-02
4.449431200100507910e-02
4.498317232669850341e-02
4.550661632795247047e-02
4.601572075641299081e-02
4.654085176623083686e-02
4.700187645061950498e-02
4.750338934054237211e-02
4.797706658916047612e-02
4.845917888059816242e-02
4.899696245464546518e-02
4.944196055767680065e-02
4.994937797757341424e-02
5.044414283324059889e-02
5.093047264608811103e-02
5.143282904029296970e-02
5.192337637455031463e-02
5.241223670024375281e-02
5.290362753878304070e-02
5.338320931737491198e-02
5.381133733476697878e-02
5.432128526750950454e-02
5.478905798615384126e-02
5.525008267054247468e-02
5.577521368036034849e-02
5.621177674057201840e-02
5.669979356198353443e-02
5.721564602469981359e-02
5.770450635039323095e-02
5.816806154762783204e-02
5.862739922345253096e-02
5.909601544637886616e-02
5.960005884914762464e-02
6.007964062773950981e-02
6.054994385922978645e-02
6.105230025343457573e-02
6.155634365620342441e-02
6.203508193051324865e-02
6.251719422195090026e-02
6.303135967610327961e-02
6.351009795041316630e-02
6.401751537030977990e-02
6.450384518315736837e-02
6.503235021010304873e-02
6.554398515140953674e-02
6.604549804133243163e-02
6.654532392269134344e-02
6.704683681261425221e-02
6.752304457407824756e-02
6.806588917381732606e-02
6.856487155089437124e-02
6.907566298791879833e-02
6.951138254384850446e-02
7.001795645946323754e-02
7.052537387935982338e-02
7.110701967606920804e-02
7.154189572771701977e-02
7.207124425894466391e-02
7.256853962745772602e-02
7.308270508161010537e-02
7.358168745868699789e-02
7.413549761409159167e-02
7.464628905111617141e-02
7.516045450526845362e-02
7.565859337806345175e-02
7.616348028511421564e-02
7.672319497049250037e-02
7.720530726193026994e-02
7.772453374177439034e-02
7.823869919592670030e-02
7.873346405159385719e-02
7.929233523269017814e-02
7.976685598559021817e-02
8.028523896115243030e-02
8.081880501378986559e-02
8.133971850219791355e-02
8.184123139212076681e-02
8.236383188909267294e-02
8.286450127473359017e-02
8.339131929311532909e-02
8.388692765306447752e-02
8.441711968857412707e-02
8.495659027118528106e-02
8.545725965682617054e-02
8.597058160669651672e-02
8.650752167646176549e-02
8.701662610492237604e-02
8.752741754194680313e-02
8.807110564596777602e-02
8.861395024570686840e-02
8.909184501573473580e-02
8.958829687996577862e-02
9.009571429986243385e-02
9.059385317265747362e-02
9.112573221673102297e-02
9.161290553386049196e-02
9.214309756937019702e-02
9.267666362200760455e-02
9.320010762326144671e-02
9.373367367589893751e-02
9.426049169428069030e-02
9.477381364415105036e-02
9.527448302979191208e-02
9.578527446681640856e-02
9.631377949376213055e-02
9.681950990509477495e-02
9.736066749626991201e-02
9.783603175345191583e-02
9.837465883178124482e-02
9.889894633731706464e-02
9.941226828718745245e-02
9.993486878415934471e-02
1.004591562896952756e-01
1.009640431967460117e-01
1.014891742065637814e-01
1.020210532506373585e-01
1.025183486191503790e-01
1.030552886889157665e-01
1.035795761944516280e-01
1.040701235287089244e-01
1.045800714614514848e-01
1.050900193941939481e-01
1.056278029682412578e-01
1.061419684223936510e-01
1.066586643893918662e-01
1.071643948007244551e-01
1.076802472634407204e-01
1.082298398974354536e-01
1.087229177445387246e-01
1.092573273014582624e-01
1.097588401913811157e-01
1.102831276969168939e-01
1.107804230654300393e-01
1.112869969810446752e-01
1.118399636321673191e-01
1.123212324193230832e-01
1.128598594976523983e-01
1.133563113618835105e-01
1.138746943374453896e-01
1.144166954329025598e-01
1.149586965283596190e-01
1.154821405296135445e-01
1.159920884623559523e-01
1.164919143437149474e-01
1.170271674049162547e-01
1.175354283290947766e-01
1.180546548089387859e-01
1.185662897502452601e-01
1.190593675973483923e-01
1.195988381799596156e-01
1.200851679928070237e-01
1.205790893441923001e-01
1.211362735167246379e-01
1.216301948681098588e-01
1.221308642537507066e-01
1.226568387678505651e-01
1.231271419993407168e-01
1.236649255733879710e-01
1.241478813691077737e-01
1.246628903275419642e-01
1.251559681746452768e-01
1.256870037144368346e-01
1.261834555786680023e-01
1.266824379557449087e-01
1.271940728970513412e-01
1.276618456156956571e-01
1.281557669670807531e-01
1.286749934469249290e-01
1.291503577041068773e-01
1.296316264912627525e-01
1.301432614325691572e-01
1.306802015023343921e-01
1.311572527680803790e-01
1.316486436066195975e-01
1.322260718819192604e-01
1.327081841733568357e-01
1.332147580889715410e-01
1.336690347391044642e-01
1.342236883987911189e-01
1.347066441945107829e-01
1.351761039217189986e-01
1.356894258715893864e-01
1.361411720088764044e-01
1.366241278045960406e-01
1.371214231731091582e-01
1.376077529859567050e-01
1.381269794658007699e-01
1.386217443214678713e-01
1.390836125101383158e-01
1.395733163401138566e-01
1.400976038456497319e-01
1.405695940857038806e-01
1.411031601383413159e-01
1.415608108056021774e-01
1.420302705328102821e-01
1.425469664998083585e-01
1.429514763973055436e-01
1.434555198000742882e-01
1.439232925187186041e-01
1.444593890842020278e-01
1.449355968456660093e-01
1.453991520429006035e-01
1.458888558728759222e-01
1.463287929502154194e-01
1.467324593434305713e-01
1.471943275321012934e-01
1.477388591404042162e-01
1.482496505774287821e-01
1.487461024416598387e-01
1.491700129376420103e-01
1.496521252290798354e-01
1.501460465804649036e-01
1.505421214351423398e-01
1.510562868892947053e-01
1.515350251636044809e-01
1.518644631800069034e-01
1.523398274371891015e-01
1.527131276762535572e-01
1.531825874034617452e-01
1.536098719165718551e-01
1.540067902755313800e-01
1.544534753871266985e-01
1.549246221228987863e-01
1.554168564657202323e-01
1.559048732871316234e-01
1.562629904491207034e-01
1.567358241934567742e-01
1.572752947760680808e-01
1.576663086050537899e-01
1.580851580753442343e-01
1.584753284000479656e-01
1.589000824003122536e-01
1.592868787078882409e-01
1.596829535625657048e-01
1.601338561955710227e-01
1.607062234451787364e-01
1.611208553940595700e-01
1.615827235827301256e-01
1.619509627961029652e-01
1.624415101303602060e-01
1.629016913104668618e-01
1.632724610366855511e-01
1.637233636696905636e-01
1.642189720296396704e-01
1.646816837225922037e-01
1.652169367837934832e-01
1.656155421513168247e-01
1.660149910231221715e-01
1.665030078445334794e-01
1.668712470579061524e-01
1.672529823397902460e-01
1.677072589899230304e-01
1.682585386324818022e-01
1.688663330619320502e-01
1.694884670641756408e-01
1.700439642281441899e-01
1.705092064339426006e-01
1.709331169299248276e-01
1.712288147750485323e-01
1.716982745022566925e-01
1.721576121780814539e-01
1.725764616483720093e-01
1.729826585544329831e-01
1.734217521274906970e-01
1.738557846748564895e-01
1.743235573935009441e-01
1.748267572919875723e-01
1.752700683864549525e-01
1.758466531574726099e-01
1.763852802358018279e-01
1.769677695367930514e-01
1.776017125989843293e-01
1.781673318143362494e-01
1.788004313722454941e-01
1.793635200747518421e-01
1.800227682654018113e-01
1.805782654293702771e-01
1.811801553288469313e-01
1.818031328353724718e-01
1.823940571791834997e-01
1.829891990444042771e-01
1.836391686879527418e-01
1.842435891002750237e-01
1.848944022481052996e-01
1.855578679601651848e-01
1.862145856379693043e-01
1.868856428885668775e-01
1.875491086006268737e-01
1.882741501252699623e-01
1.889367723330478976e-01
1.896930235161236877e-01
1.903708288009769434e-01
1.910992443427479148e-01
1.917576490291160174e-01
1.925105261950639524e-01
1.932836474637788238e-01
1.940280895869071764e-01
1.947581921372421587e-01
1.954638330634000110e-01
1.962032141608365254e-01
1.969501867968107833e-01
1.977249950740899154e-01
1.985166734370079622e-01
1.992703941072379581e-01
1.999465123835272584e-01
2.006732409167344133e-01
2.013771948343285323e-01
2.021435680687877212e-01
2.027142483098315351e-01
2.034443508601664896e-01
2.042259071717011931e-01
2.049770973290852560e-01
2.057215394522133589e-01
2.064465809768565030e-01
2.072213892541354963e-01
2.079126906075002279e-01
2.086174880293762968e-01
2.093602431439407219e-01
2.100447964630496045e-01
2.107580289277452834e-01
2.114299296826248342e-01
2.121819633442905417e-01
2.129525541001598965e-01
2.137408584459503380e-01
2.145283192874588296e-01
2.152820399576886867e-01
2.159581582339780981e-01
2.166410245445229976e-01
2.173812491462414342e-01
2.181307522950615696e-01
2.188802554438817882e-01
2.196187930370362973e-01
2.203438345616793859e-01
2.210705630948863465e-01
2.217745170124805487e-01
2.224067730661076769e-01
2.231680852748752220e-01
2.238248029526793415e-01
2.245262263574276107e-01
2.252394588221233729e-01
2.259636568424844283e-01
2.266988204185111100e-01
2.274196444217444768e-01
2.281775826133842777e-01
2.288165867012672827e-01
2.294690868576611809e-01
2.301536401767704243e-01
2.308373499915976346e-01
2.316037232260570178e-01
2.323793750076178222e-01
2.331491222592049495e-01
2.338176489969568672e-01
2.344431570163282574e-01
2.351884426437384767e-01
2.358974575870242396e-01
2.365997244960547641e-01
2.373407926020553727e-01
2.380869217337472921e-01
2.388372683868495716e-01
2.395530313643911835e-01
2.403033780174934353e-01
2.410275760378543797e-01
2.416691106385829568e-01
2.423688470347668544e-01
2.430626789009776301e-01
2.437919379470310233e-01
2.444461251119890433e-01
2.451070603112030788e-01
2.457831785874919905e-01
2.464415832738606482e-01
2.470940834302548794e-01
2.477845412793371616e-01
2.484606595556265174e-01
2.491317168062238407e-01
2.497960260225662310e-01
2.504282820761929984e-01
2.510875302668429954e-01
2.517332823889819049e-01
2.524009656224515119e-01
2.530551527874098650e-01
2.537439236279283583e-01
2.544099198528338435e-01
2.550531414621267645e-01
2.556862410200360092e-01
2.563168100650995429e-01
2.569372570587790117e-01
2.575695131124063342e-01
2.581739335247290046e-01
2.587758234242051314e-01
2.593456601609671064e-01
2.599458630518798330e-01
2.605376308999727275e-01
2.611454253294227534e-01
2.617338191603880149e-01
2.622800377772547820e-01
2.628802406681675086e-01
2.634694780034144146e-01
2.640941425185039937e-01
2.646336131011152171e-01
2.652186329149526234e-01
2.657673820446653790e-01
2.662874520287916158e-01
2.668362011585045934e-01
2.674060378952664019e-01
2.680298589060738923e-01
2.686140352156288214e-01
2.692083335765675933e-01
2.697613002276900707e-01
2.703252324344786461e-01
2.708487169578035481e-01
