7.153459428179911872e-02
6.579587513933088383e-02
6.220473578204888804e-02
5.922892049939600112e-02
5.657953631016414409e-02
5.399852108075534757e-02
5.171927031951580739e-02
4.951499108849321401e-02
4.751213439981923081e-02
4.561416560899213268e-02
4.382818731132901574e-02
4.214424471958172491e-02
4.054586245735418426e-02
3.901429392390749762e-02
3.749682527284811662e-02
3.611770587777684421e-02
3.481038151120332408e-02
3.356936431189946890e-02
3.238266067678571142e-02
3.125374380512718070e-02
3.016449082326728634e-02
2.912942819118718302e-02
2.814334660733521648e-02
2.719661604445708716e-02
2.629467469359260401e-02
2.543169148956520020e-02
2.461148162154403601e-02
2.381824980778938020e-02
2.305883552184535834e-02
2.233362481855823839e-02
2.163500008470607347e-02
2.096745144060483193e-02
2.032957329503094421e-02
1.971675723573717079e-02
1.912391455863760026e-02
1.855670646880103192e-02
1.800838090010033199e-02
1.748435501060489547e-02
1.697887690079329798e-02
1.649225476775527388e-02
1.602495375604120337e-02
1.557731565854275982e-02
1.514724740535872312e-02
1.473307416224540860e-02
1.433567506789877599e-02
1.393848010191714275e-02
1.356592016222122297e-02
1.320905716465463169e-02
1.286567611996189582e-02
1.253807474138904018e-02
1.222450869100037696e-02
1.192054731288299911e-02
1.163064609493824446e-02
1.135145915218414327e-02
1.108537576994435454e-02
1.083006657363309866e-02
1.058485641784313522e-02
1.035018037037325339e-02
1.012650999814901712e-02
9.910338200779130607e-03
9.703490017395375450e-03
9.506671277720899621e-03
9.317298519143918725e-03
9.136022682984513282e-03
8.963785152543927298e-03
8.797981188037217598e-03
8.639610620488267362e-03
8.482292420778130004e-03
8.333773720215860090e-03
8.191925564573092344e-03
8.057001484577065373e-03
7.927290001243024811e-03
7.803293631456303253e-03
7.684032612763029048e-03
7.568036713369491290e-03
7.456320711936137435e-03
7.348070389581590027e-03
7.245021577892633846e-03
7.147081055309828339e-03
7.053531218175034499e-03
6.963530597786279572e-03
6.877602893782646006e-03
6.794996882661492703e-03
6.717151830740397678e-03
6.641345857412615621e-03
6.569804296246806001e-03
6.500603328249133367e-03
6.434569997930583880e-03
6.372111831217902415e-03
6.312899279504979345e-03
6.255310087342906382e-03
6.200386196550305984e-03
6.148323590788433608e-03
6.092592357181229011e-03
6.044835053266994253e-03
5.998636035577644895e-03
5.954526649007247166e-03
5.912928359069619978e-03
5.868690635537426696e-03
5.830137213067019750e-03
5.793488610204101073e-03
5.758292210060128070e-03
5.725088680085639418e-03
5.693571233429041423e-03
5.662985215084877580e-03
5.633800911182031308e-03
5.605390124973566243e-03
5.578745893676379831e-03
5.553446209413653162e-03
5.529238117176482614e-03
5.504893916912923478e-03
5.482926558987550637e-03
5.461662710031385190e-03
5.441536747103063731e-03
5.422344422841752012e-03
5.403944921628964053e-03
5.386431064840290807e-03
5.369722166225611784e-03
5.351003023356460872e-03
5.335204690395923231e-03
5.320092667177782862e-03
5.305662426518714496e-03
5.291812779482264230e-03
5.278289311497990841e-03
5.264950941636005292e-03
5.252104668157337244e-03
5.239646213398081905e-03
5.227449216058855166e-03
5.215612842244744113e-03
5.204070152258475669e-03
5.192770227147660254e-03
5.181707861479016401e-03
5.170871028402058978e-03
5.160229589529724201e-03
5.149788935313702985e-03
5.139557462001452179e-03
5.129506377151295260e-03
5.119654699996617486e-03
5.109872305555092191e-03
5.100445887267658976e-03
5.090945657662322536e-03
5.081570926186726803e-03
5.072436277660441993e-03
5.062486250140784544e-03
5.053568463909410488e-03
5.044679683492676349e-03
5.035879387637916607e-03
5.026396711353292059e-03
5.017549208906527114e-03
5.009023904501254745e-03
5.000699049163449296e-03
4.992546899029984622e-03
4.984020197627966539e-03
4.975917922068743247e-03
4.967959761052963795e-03
4.960166679945881944e-03
4.952357573083818361e-03
4.944609226938160088e-03
4.937011643955295168e-03
4.929492269549857857e-03
4.922200510456780850e-03
4.915034247071669964e-03
4.907788094736627131e-03
4.900076933279774380e-03
4.893062394910940860e-03
4.886004534437919482e-03
4.879052127612928079e-03
4.872195109821052597e-03
4.865481953231537600e-03
4.858894947521891564e-03
4.852294916499192562e-03
4.845845529119784112e-03
4.839455486385104387e-03
4.833066781210728496e-03
4.826802940024353325e-03
4.820630421983012129e-03
4.814374163766586834e-03
4.808294584436681625e-03
4.802260734691107466e-03
4.795988692125227083e-03
4.790019634779600806e-03
4.784188241242518132e-03
4.778441726037566464e-03
4.772805249564825159e-03
4.767184783392738531e-03
4.761638577833952890e-03
4.756146665830802110e-03
4.750763318786867424e-03
4.745408175496720893e-03
4.740113340309594532e-03
4.734835604664469275e-03
4.728609147464080814e-03
4.723375064880739813e-03
4.718314741006825706e-03
4.713312232932349508e-03
4.708205542313698318e-03
4.703215510384554238e-03
4.698237095958168567e-03
4.693412346797859631e-03
4.688649880936700785e-03
4.683949389501222693e-03
4.679355041425772160e-03
4.674840942179194457e-03
4.670274830282498436e-03
4.665852254662191355e-03
4.661436933275356007e-03
4.657122329854032627e-03
4.652826423786177688e-03
4.648586033304101355e-03
4.644377453597998452e-03
4.640225902230990865e-03
4.636154805328166970e-03
4.632026100993105397e-03
4.628061789947546766e-03
4.624169892526784273e-03
4.620291535005611322e-03
4.616443462072879547e-03
4.612638202064854934e-03
4.608878581059181953e-03
4.605202664577829480e-03
4.601577081383069479e-03
4.598052867224190939e-03
4.594540469355756773e-03
4.591083877183366885e-03
4.587676627523074036e-03
4.584253086138175524e-03
4.580933526758015385e-03
4.577509608640325210e-03
4.574219361501217010e-03
4.571029403911753761e-03
4.567809371086415000e-03
4.564669934304451879e-03
4.561549870235129429e-03
4.558503069813818129e-03
4.555499261654256601e-03
4.552494618461977623e-03
4.549583047900540578e-03
4.546643016271637201e-03
4.543826878606208562e-03
4.541073931627091949e-03
4.538322001193990235e-03
4.535628361620991714e-03
4.532445959205068202e-03
4.529560228585129307e-03
4.526792739998136521e-03
4.524186069154952083e-03
4.521638666617716455e-03
4.519115946850850093e-03
4.516652865812903483e-03
4.514235261480036530e-03
4.511855689728386763e-03
4.509517278346338379e-03
4.507132110561835360e-03
4.504750513530111737e-03
4.502498754944444376e-03
4.500274459334627046e-03
4.498118735151982427e-03
4.495939845118071022e-03
4.493837628684091423e-03
4.491783390152623810e-03
4.489772724148332825e-03
4.487774769580678627e-03
4.485756702207558191e-03
4.483772524599251644e-03
4.481273399102800314e-03
4.479287446681564332e-03
4.477450552728094203e-03
4.475559842334942730e-03
4.473745058728525840e-03
4.471792890791196490e-03
4.470039111034794510e-03
4.468374470842681467e-03
4.466685593661082719e-03
4.465113242197120587e-03
4.463549719767187507e-03
4.461995532192338659e-03
4.460523604320820908e-03
4.459071540008599684e-03
4.457620620780924740e-03
4.456083536741503245e-03
4.454618100349358630e-03
4.453292284061331069e-03
4.451976172756486917e-03
4.450732579980650958e-03
4.449560933078169390e-03
4.448348737997931401e-03
4.447192168395576115e-03
4.446129833406548687e-03
4.444998725102413360e-03
4.443984375077454120e-03
4.442939394394988806e-03
4.441678644287070862e-03
4.440636189996246576e-03
4.439565205197604052e-03
4.438736101075501685e-03
4.437951615093499447e-03
4.437198635569032136e-03
4.436361265039829270e-03
4.435668312906019921e-03
4.434893284688980371e-03
4.434137182753113311e-03
4.433018704630563474e-03
4.432394894661068410e-03
4.431823501914000478e-03
4.431163416677520728e-03
4.430619881611837577e-03
4.430128193758939639e-03
4.429646129031634093e-03
4.429175457951991905e-03
4.428730985898726887e-03
4.428278248023219052e-03
4.427869464592929308e-03
4.427378444086229638e-03
4.426988643027627429e-03
4.423808367865334976e-03
4.423159326862326560e-03
4.422823048824508010e-03
4.422462690950554852e-03
4.421986888085921788e-03
4.421681654401125525e-03
4.421384294018192163e-03
4.421086070082434934e-03
4.420818208171724620e-03
4.420561388082226012e-03
4.420324309474364319e-03
4.419825939071085272e-03
4.419444980078936214e-03
4.419102105244413284e-03
4.418874767769411134e-03
4.418651880086486329e-03
4.418442903566587726e-03
4.418251458485577404e-03
4.418074854908966669e-03
4.417904537640814089e-03
4.417720700170318406e-03
4.417405383966944293e-03
4.417223716776956868e-03
4.417080760894439781e-03
4.416945615621432550e-03
4.416810149057729014e-03
4.416692985611721418e-03
4.416581499889858826e-03
4.416469290479110507e-03
4.416323788545666908e-03
4.415330023965958854e-03
4.415160280577863465e-03
4.414986698197331631e-03
4.414868286387227912e-03
4.414769733841369427e-03
4.414681443860271615e-03
4.414585043638118676e-03
4.414478714083927731e-03
4.414390911530424733e-03
4.414315206491033726e-03
4.414244791098618365e-03
4.414179767808472030e-03
4.414113390661050275e-03
4.414054880032101599e-03
4.414001285228666936e-03
4.413869835780940935e-03
4.413819138285485742e-03
4.413768929797384256e-03
4.413718344636895913e-03
4.413672957004903703e-03
4.413626668496695854e-03
4.413579442959112038e-03
4.413543267283731412e-03
4.413499245099622437e-03
4.413469790327691038e-03
4.413438627645628609e-03
4.413414362256164354e-03
4.413384732850147117e-03
4.413328286830334873e-03
4.413304897368420729e-03
4.413265529721887431e-03
4.413230124631937340e-03
4.413214212288531745e-03
4.413199756734637220e-03
4.413187125475732074e-03
4.413182807165258112e-03
4.413172508098193655e-03
4.413166302978156937e-03
4.413160307221812399e-03
4.413158325627048253e-03
4.413149442521318959e-03
4.413146497602628109e-03
4.413145876828897078e-03
4.413141951793098962e-03
4.413137266552670697e-03
4.413135241615287994e-03
4.413130638188778217e-03
4.413128342134183500e-03
4.413127877159143259e-03
4.413127688247450546e-03
4.413127094202987620e-03
4.413122932981799681e-03
4.413118967628166557e-03
4.413116593608958776e-03
4.413115152606784421e-03
4.413113271556856620e-03
4.413111275414502779e-03
4.413110883790576783e-03
4.413109687058506571e-03
4.413109824248888022e-03
4.413098658898479895e-03
4.413096440111573954e-03
4.413090972349376084e-03
4.413085437607726716e-03
4.413085678850521554e-03
4.413082594081875303e-03
4.413081382700335085e-03
4.413079835222814828e-03
4.413077873087799599e-03
4.413076448304913309e-03
4.413073701872439504e-03
4.413072062214837971e-03
4.413069981731914011e-03
4.413069156811689868e-03
4.413069556578497199e-03
4.413069213359556951e-03
4.413066286379902642e-03
4.413063933818469654e-03
4.413062476341498078e-03
4.413059510424098379e-03
4.413056916538691567e-03
4.413047585956663202e-03
4.413044097537731011e-03
4.413041665096104418e-03
4.413033892616594588e-03
4.413029748960678803e-03
4.413028562762450618e-03
4.413024180063177676e-03
4.413022120714885956e-03
4.413016228557456455e-03
4.413009770196041348e-03
4.413006218538082295e-03
4.412979138618015537e-03
4.412977032264065770e-03
4.412967181070761961e-03
4.412961995405979831e-03
4.412958747123178239e-03
4.412951563644064608e-03
4.412864979562279230e-03
4.412849088208441357e-03
4.412844212646850617e-03
4.412803268963453804e-03
4.412774279235388668e-03
4.412755135911793081e-03
4.412742278118063181e-03
4.412501589441938064e-03
4.412470865733158706e-03
4.412425112700965948e-03
4.412408586335315845e-03
4.412325959989285042e-03
4.412247683804089958e-03
4.412223212258865705e-03
4.412151246879513801e-03
4.412052319206481200e-03
4.411981361185841367e-03
4.411627944397775690e-03
4.411307134342663458e-03
4.411061585315549476e-03
4.410989848122453053e-03
4.411119335662119431e-03
4.410846856314736518e-03
4.411299498289955774e-03
4.411990789811399624e-03
4.411789419660533916e-03
4.412703541191971904e-03
4.415171235830497344e-03
4.417362018662701791e-03
4.422576622887359858e-03
4.426665451407252490e-03
4.435989220864641237e-03
4.449583570195226115e-03
4.470283485867821045e-03
4.490195381193671890e-03
4.513912076735842639e-03
4.549082923079230539e-03
4.619716884953175250e-03
4.693278638145207196e-03
4.786213041136768570e-03
4.919169525404296604e-03
5.073632575206207113e-03
5.292084001730819331e-03
5.586485821231568401e-03
5.910262874424677959e-03
6.259618204580223201e-03
6.509846313990713326e-03
6.962038351483281103e-03
7.570366044795053331e-03
8.287987989022142093e-03
9.105904177749764294e-03
1.016463884277759265e-02
1.166894558324064329e-02
1.304023310299218426e-02
1.470996136266942284e-02
1.718448266890180293e-02
2.035552318602001573e-02
2.416867676387459557e-02
2.875023073995407186e-02
