8.192345736993204841e-02
8.197067922659774519e-02
8.206532758742479672e-02
8.220781018755730918e-02
8.239873463785044039e-02
8.263890338256009438e-02
8.292930657446009879e-02
8.327111255874262985e-02
8.366565562262279210e-02
8.411442065862445583e-02
8.461902440831027550e-02
8.518119300060413013e-02
8.580273557419250408e-02
8.648551387466663076e-02
8.723140784044443319e-02
8.804227733210255591e-02
8.891992031137999075e-02
8.986602793169397307e-02
9.088213715388039626e-02
9.196958164124635626e-02
9.312944180943234784e-02
9.436249500237289811e-02
9.566916683044435210e-02
9.704948473700121536e-02
9.850303485316305729e-02
1.000289231582681265e-01
1.016257418871879814e-01
1.032915420198709383e-01
1.050238125585945398e-01
1.068194671509444943e-01
1.086748384582958554e-01
1.105856805071474408e-01
1.125471790998945204e-01
1.145539702072550237e-01
1.166001661199413397e-01
1.186793890042278088e-01
1.207848113853707828e-01
1.229092029738920316e-01
1.250449831513067711e-01
1.271842783424746992e-01
1.293189834201243504e-01
1.314408262126550153e-01
1.335414341195732546e-01
1.356124017816697225e-01
1.376453587085129937e-01
1.396320357385134325e-01
1.415643292021121491e-01
1.434343616824058365e-01
1.452345383252455213e-01
1.469575977470067574e-01
1.485966567253526327e-01
1.501452480363707209e-01
1.515973510172336502e-01
1.529474146803943280e-01
1.541903734732463782e-01
1.553216560531882062e-01
1.563371877169020818e-01
1.572333873680426541e-01
1.580071601131428916e-01
1.586558867265980000e-01
1.591774113100334065e-01
1.595700284811271685e-01
1.598324713587163382e-01
1.599639014667623427e-01
