1.176853787657750434e-05
4.365225381407866583e-04
8.756161111983725180e-04
1.330736265613261318e-03
1.767299325824957029e-03
2.224106488803773932e-03
2.700314250267748465e-03
3.187487567397245206e-03
3.687313448756190416e-03
4.182078304423353377e-03
4.693713245729781540e-03
5.226435794085292942e-03
5.784463470899704751e-03
6.344178156278043254e-03
6.862561131840175591e-03
7.386005133094100152e-03
7.920414690013552125e-03
8.399996468605385250e-03
8.937780042652689744e-03
9.473033103854104631e-03
9.988042062288393988e-03
1.055197426907656007e-02
1.108891433884190078e-02
1.164356799852846701e-02
1.214086336704153085e-02
1.266430736829545801e-02
1.322064803654595701e-02
1.377024067054074923e-02
1.432995535591908599e-02
1.488039149419583332e-02
1.542661011106276001e-02
1.597367223221166782e-02
1.654350896897356996e-02
1.709816262866013098e-02
1.765281628834669547e-02
1.821168746944308234e-02
1.875959309487394006e-02
1.931930778025228029e-02
1.988155297847651187e-02
2.043620663816307637e-02
2.100519987064301472e-02
2.155479250463779653e-02
2.210522864291454906e-02
2.266578683257486002e-02
2.325924168923173760e-02
2.378774671617744224e-02
2.429685114463798687e-02
2.465328129806316701e-02
2.500465042579656100e-02
2.524045946690098643e-02
2.550073013218234416e-02
2.582679413145683861e-02
2.606175966827930027e-02
2.631275178645907376e-02
2.657302245174041413e-02
2.682991909989390286e-02
2.710705985081451191e-02
2.742300179870545834e-02
2.778027545641261614e-02
2.813501860127386525e-02
2.840035029224699178e-02
2.867243001747582509e-02
2.892679615278341901e-02
2.924105109211041012e-02
2.955193201430956346e-02
2.981642020100070539e-02
3.011549206325235539e-02
3.049132281516267820e-02
3.077942912174884763e-02
3.112658072807241924e-02
3.146698430014029796e-02
3.178376975231318735e-02
3.207693708459111170e-02
3.234817330553795001e-02
3.272822157885810213e-02
3.311670489499788511e-02
3.344614291140024509e-02
3.375027579934367084e-02
3.412948056838185917e-02
3.451627687595772154e-02
3.501019822734292852e-02
3.531939214097812307e-02
3.568425733722294796e-02
3.600526031080567707e-02
3.639458713122740996e-02
3.696442386798929475e-02
3.770970949539959038e-02
3.815808161555876016e-02
3.863513288130468459e-02
3.927160645634168029e-02
4.000255251095857778e-02
4.052684001649446005e-02
4.107811965905315554e-02
4.162265126735616161e-02
4.197402039508957294e-02
4.232623302710493418e-02
4.302428241472527198e-02
4.359580616005107045e-02
4.415130332401962648e-02
4.471692253937170625e-02
4.510034482981973430e-02
4.542219130768437169e-02
4.573222872560155777e-02
4.608781537474476026e-02
4.652522193923842864e-02
4.699468166644669986e-02
4.770285310545054752e-02
4.844307770716899803e-02
4.911497846204845863e-02
4.979362725118361560e-02
5.045456245039754706e-02
5.097294542595968286e-02
5.137576831489284318e-02
5.187222017912393457e-02
5.231974879500115444e-02
5.299418006272647863e-02
5.363487115917330711e-02
5.428652781128563698e-02
5.500482130167308470e-02
5.570624470642127068e-02
5.629463853738638640e-02
5.691592903534804793e-02
5.722596645326526871e-02
5.775615848877484887e-02
5.830996864417951203e-02
5.885534375676446800e-02
5.915525912329808178e-02
5.957495209787060791e-02
5.992969524273181886e-02
6.036204078153365599e-02
6.081884794451253989e-02
6.151942784497872740e-02
6.200997517923610008e-02
6.240183251250377289e-02
6.297335625782951585e-02
6.365622256837456805e-02
6.442343930711594280e-02
6.507425245494631583e-02
6.556395628492174554e-02
6.591279489980919615e-02
6.655517300481998688e-02
6.695293486806136452e-02
6.747384835646945411e-02
6.808501680304764048e-02
6.886319909745443335e-02
6.961017173342870512e-02
7.036389240365863162e-02
7.090420649055183266e-02
7.150019186005457383e-02
7.214763099075724440e-02
7.295702294359665552e-02
7.355047780025361637e-02
7.413381060552694246e-02
7.463110597404004620e-02
7.522371732641496000e-02
7.584585132865862001e-02
7.641653156970251715e-02
7.710024138452956088e-02
7.771900136964528250e-02
7.825341092656483422e-02
7.887554492880842483e-02
7.958709038494014842e-02
8.029526182394407241e-02
8.101608582717741147e-02
8.173690983041087543e-02
8.215491579641936992e-02
8.249784988133317121e-02
8.292850841157120567e-02
8.336085395037305668e-02
8.379657350630277668e-02
8.416143870254760850e-02
8.485020954306626839e-02
8.555163294781455152e-02
8.622775122410381021e-02
8.689290394472770629e-02
8.726789119235607572e-02
8.795413152002888590e-02
8.858048304368237869e-02
8.932998619250241690e-02
8.991922352774962823e-02
9.031108086101728716e-02
9.093152785469699184e-02
9.152160869422604206e-02
9.226605081735433922e-02
9.279792986142795796e-02
9.337788864957335955e-02
9.378577256419830255e-02
9.418775194884949908e-02
9.477277176268678049e-02
9.537044414075344922e-02
9.604487540847882199e-02
9.642492368179907125e-02
9.697957734148568432e-02
9.762532946362431630e-02
9.820950577317968944e-02
9.895563490487199743e-02
9.962753565975147885e-02
1.000944648741139004e-01
1.006583970809020734e-01
1.012940271516571261e-01
1.018200016657569151e-01
1.025188945576592098e-01
1.031764557397452930e-01
1.038761921359295515e-01
1.044300022913342424e-01
1.049492287711783767e-01
1.054423066182816476e-01
1.058088588230904070e-01
1.063230242772427170e-01
1.068026060558345813e-01
1.072290470646627414e-01
1.078309369641392290e-01
1.084302963507698253e-01
1.089562708648696698e-01
1.092949874283736383e-01
1.097863782669129679e-01
1.102676470540687320e-01
1.108982160991320021e-01
1.114300951432056069e-01
1.121180224794424141e-01
1.128810216967739699e-01
1.136102807428269468e-01
1.140940800428285468e-01
1.146327071211578896e-01
1.152582151405294603e-01
1.157116482863804335e-01
1.161777339964609468e-01
1.168361386828289661e-01
1.176244430286192827e-01
1.182659776293480541e-01
1.188957031701294437e-01
1.195094021295534520e-01
1.200328461308073497e-01
1.207604181682964406e-01
1.213454379821336665e-01
1.218014016408305589e-01
1.221983199997900837e-01
1.227538171637585079e-01
1.233573940717989786e-01
1.239769975611967889e-01
1.244979110496046842e-01
1.249437526569179974e-01
1.253297054602118543e-01
1.259670225395307097e-01
1.266178356873611799e-01
1.270763298589039636e-01
1.277482306137833201e-01
1.281991332467884159e-01
1.286846195553540406e-01
1.293700163787450119e-01
1.300495086721620841e-01
1.305923532719011904e-01
1.311739990686105195e-01
1.318357777721063939e-01
1.323980229703305977e-01
1.330673932123641046e-01
1.336102378121031831e-01
1.343605844652051295e-01
1.350476682971599729e-01
1.356419666580986338e-01
1.361350445052019187e-01
1.368803301326123045e-01
1.373438853298467599e-01
1.377838224071863404e-01
1.383367890583090121e-01
1.388905992137135503e-01
1.394342873177345787e-01
1.400328032000833500e-01
1.404305650633248248e-01
1.408662846192546281e-01
1.413652669963315345e-01
1.419958360413948184e-01
1.426095350008187712e-01
1.432350430201902725e-01
1.436471444562251731e-01
1.441267262348168987e-01
1.448391151952306000e-01
1.455599391984640500e-01
1.462723281588776680e-01
1.469804995978815088e-01
1.476718009512462404e-01
1.482517597393916142e-01
1.488131614333338681e-01
1.493846851786596874e-01
1.498895720857105485e-01
1.504475997625249750e-01
1.509398341053462544e-01
1.514278509267577566e-01
1.521107172373027949e-01
1.527522518380315386e-01
1.532352076337510915e-01
1.537139459080610060e-01
1.540568799929747656e-01
1.545659844214351819e-01
1.550270091058238708e-01
1.556752917408084913e-01
1.561759611264493253e-01
1.566024021352774021e-01
1.570474002383087653e-01
1.573979258617602406e-01
1.580470520010267554e-01
1.587510059186208466e-01
1.594861694946475561e-01
1.600425101628980273e-01
1.606671746779873566e-01
1.612817171416933704e-01
1.618178137071767664e-01
1.623184830928177391e-01
1.629423041036253961e-01
1.633738061381452833e-01
1.639706350119299050e-01
1.646914590151632718e-01
1.653152800259708732e-01
1.658049838559462474e-01
1.663250538400723177e-01
1.668948905768341817e-01
1.673820638939637617e-01
1.679561181521355695e-01
1.685588515558938683e-01
1.690957916256590476e-01
1.696302011825784883e-01
1.702329345863369259e-01
1.707352909805418539e-01
1.713903216497820736e-01
1.720824665074286719e-01
1.726168760643480571e-01
1.731555031426773861e-01
1.738071597947896674e-01
1.743365083260173254e-01
1.748506737801696076e-01
1.753935183799087139e-01
1.758629781071168463e-01
1.762464003975648119e-01
1.767470697832058402e-01
1.771954419033648920e-01
1.776640581262911300e-01
1.781554489648304318e-01
1.787809569842019608e-01
1.792234245743874188e-01
1.796464915660875294e-01
1.801488479602923465e-01
1.806900055514674697e-01
1.812986434851996398e-01
1.820068149242033972e-01
1.826787156790828925e-01
1.831878201075433921e-01
1.836733064161090723e-01
1.843021884526082899e-01
1.849217919420060585e-01
1.855624830384528523e-01
1.861770255021588105e-01
1.867316791618455762e-01
1.873782747882660193e-01
1.879852257134344007e-01
1.884664945005900816e-01
1.888575083295757628e-01
1.893084109625808031e-01
1.898394465023723332e-01
1.905003817015863410e-01
1.911317942509314638e-01
1.917522412446110991e-01
1.922967728529141884e-01
1.928497395040367768e-01
1.934465683778215095e-01
1.941387132354681078e-01
1.948460411701898320e-01
1.955289074807347593e-01
1.961223623373918035e-01
1.966070051416754227e-01
1.971608152970800720e-01
1.978090979320645537e-01
1.983764041559803737e-01
1.988964741401064162e-01
1.993482202773933787e-01
1.999661367582270810e-01
2.005089813579661595e-01
2.008654115113914507e-01
2.014833279922253473e-01
2.021957169526389930e-01
2.026558981327456765e-01
2.031970557239208275e-01
2.036833855367682633e-01
2.043181721032413523e-01
2.049192184984359455e-01
2.055641271162924610e-01
2.061272158187986425e-01
2.066093281102363011e-01
2.071867563855358529e-01
2.076848952583308094e-01
2.081349543870539553e-01
2.086449023197964048e-01
2.092982459804726969e-01
2.099119449398967885e-01
2.104640680867374269e-01
2.109175012325883725e-01
2.114527542937895965e-01
2.119972859020925193e-01
2.125190428947825450e-01
2.131597339912294220e-01
2.137430667965026510e-01
2.144470207140967977e-01
2.151551921531005551e-01
2.158060053009309698e-01
2.164036776789975691e-01
2.169271216802513558e-01
2.175678127766983161e-01
2.181022223336176735e-01
2.187243563358612364e-01
2.192511743542429892e-01
2.198749953650505906e-01
2.204482061189402820e-01
2.209876767015512555e-01
2.215524524126216421e-01
2.220101030798822817e-01
2.225934358851556216e-01
2.230907312536686837e-01
2.235728435451064255e-01
2.240827914778490693e-01
2.246610632574305433e-01
2.251001568304882017e-01
2.256067307461029070e-01
2.261495753458418190e-01
2.267194120826038217e-01
2.273634771961785261e-01
2.279923592326777160e-01
2.286718515260948992e-01
2.292939855283382955e-01
2.297845328625959249e-01
2.303434040436925234e-01
2.308280468479759484e-01
2.314341542688620468e-01
2.320621928010794532e-01
2.327096319317822071e-01
2.333486360196652398e-01
2.339716135261908081e-01
2.346384532553782987e-01
2.350876688798192726e-01
2.355976168125616943e-01
2.361429919251469556e-01
2.367136721661908527e-01
2.372598907830578696e-01
2.379107039308881177e-01
2.384223388721943560e-01
2.388723980009176684e-01
2.394464522590896427e-01
2.400221935258249895e-01
2.405928737668688588e-01
2.411753630678603322e-01
2.417848445058744244e-01
2.424575887650358974e-01
2.430459825960011311e-01
2.435711136058190396e-01
2.441881865823710696e-01
2.447225961392900939e-01
2.453953403984520110e-01
2.459339674767814232e-01
2.464827166064940955e-01
2.470129086420035369e-01
2.475447876860770724e-01
2.481930703210616374e-01
2.487519415021580971e-01
2.492947861018972311e-01
2.498570313001214627e-01
2.504201200026276442e-01
2.510304449449234920e-01
2.516104037330693100e-01
2.521515613242445442e-01
2.527635732751046249e-01
2.532566511222079098e-01
2.537800951234618352e-01
2.542858255347941743e-01
2.547940864589727239e-01
2.553149999473808829e-01
2.559312294196509630e-01
2.564453948738030786e-01
2.569663083622112931e-01
2.574922828763112626e-01
2.580427190145875294e-01
2.585594149815860776e-01
2.590811719742762698e-01
2.596712528138051534e-01
2.602427765591307507e-01
2.608379184243512783e-01
2.613951025968840880e-01
2.619598783079538640e-01
2.625541766688929690e-01
2.630489415245604312e-01
2.635757595429422118e-01
2.641245086726547453e-01
2.646960324179802870e-01
2.652414075305657981e-01
2.658407669171960475e-01
2.664198822010598322e-01
2.670108065448706935e-01
2.675485901189180171e-01
2.681066177957325269e-01
2.686629584639826929e-01
2.692631613548951419e-01
2.698431201430407933e-01
2.703657206400127966e-01
2.708639000348786463e-01
