1.619027700432415940e-03
1.213549116970096984e-03
9.309638350263810865e-04
7.165170640458940875e-04
5.492955559588379860e-04
4.169382046210897644e-04
3.161495913532149293e-04
2.403423011064164901e-04
1.834968602436293206e-04
1.419987555337680135e-04
1.126981186555546445e-04
9.191001541186443120e-05
7.704706362780717490e-05
6.639023198442652095e-05
5.795326595698007744e-05
5.096376013385252931e-05
4.677476590383136061e-05
4.329405062519225294e-05
4.092868834706628897e-05
3.924464916567932702e-05
3.763973737258683485e-05
3.639038424760749615e-05
3.530749497038131781e-05
3.427302712693350723e-05
3.324766536333203268e-05
3.218709105265743378e-05
3.137891035739173468e-05
3.062898816118393393e-05
2.992306549039124518e-05
2.930057669434805838e-05
2.873660335069351071e-05
2.822681204406523399e-05
2.775987819339128767e-05
2.734415616637497163e-05
2.699496816269582932e-05
2.668717163706752163e-05
2.641338357672193545e-05
2.618230467927066488e-05
2.598392444762592411e-05
2.581278843299605820e-05
2.567905898460774508e-05
2.558218232018100318e-05
2.550830024805145159e-05
2.545847019055610586e-05
2.542709743106937595e-05
2.540376388775944440e-05
2.539420061244876314e-05
2.539221369939849893e-05
2.539098813661535062e-05
2.539063679487974865e-05
2.539017201783939784e-05
2.538960810167990194e-05
2.538953192677752770e-05
2.538948665837664957e-05
2.538939757525366747e-05
2.538940588485573803e-05
2.538916178285769668e-05
2.538911538124826741e-05
2.538909413305235970e-05
2.538877657783341601e-05
2.538855916847116421e-05
2.538830877646376679e-05
2.538824622837262320e-05
2.538807122200479005e-05
2.538776955712558010e-05
2.538724615001188527e-05
2.538669329214628448e-05
2.538659855073056951e-05
2.538646017039466240e-05
2.538631252621663403e-05
2.538633724970531529e-05
2.538608539787308281e-05
2.538501294686789728e-05
2.538496299672982992e-05
2.538450896442936156e-05
2.538441947767282859e-05
2.538422227326037094e-05
2.538131508372525096e-05
2.538131869081704567e-05
2.538104794562770258e-05
2.538108686054042412e-05
2.538079678461617532e-05
2.538046547195842978e-05
2.537935970370604568e-05
2.537892710659932249e-05
2.537889219600213313e-05
2.537865061176512263e-05
2.537638062208492866e-05
2.537440806022829879e-05
2.537236555701759611e-05
2.537218292814097831e-05
2.537195160560297313e-05
2.537162708842863033e-05
2.537168315111082333e-05
2.537123354725577865e-05
2.537109512230284472e-05
2.537007005554968192e-05
2.536972515147351326e-05
2.536979556884007519e-05
2.536958854151837739e-05
2.536929099869365147e-05
2.536850351552947397e-05
2.536665757540002285e-05
2.536605518672195665e-05
2.536583697910213680e-05
2.536561046852421020e-05
2.536533980826911723e-05
2.536481666194961626e-05
2.536467108201725357e-05
2.536458746188022091e-05
2.536401674391171410e-05
2.536327523939034198e-05
2.536234284314260384e-05
2.536149549065203128e-05
2.536112210131411939e-05
2.536074091645347932e-05
2.536083649020617751e-05
2.536032814081645771e-05
2.535972802020542926e-05
2.535907054203798274e-05
2.535787711036440893e-05
2.535753831242832249e-05
2.535686277066592090e-05
2.535314196763210074e-05
2.535000554614052188e-05
2.534911370312132768e-05
2.534607794493262724e-05
2.534300319983262548e-05
2.534049585320781274e-05
2.533975089356248038e-05
2.533903143908552936e-05
2.533830787699450850e-05
2.533576756790237929e-05
2.533563675251667110e-05
2.533573159040291322e-05
2.533510748976192759e-05
2.533440741755894367e-05
2.533366227849676955e-05
2.533316483007037539e-05
2.533263176935945016e-05
2.533139782208199383e-05
2.532935116724760859e-05
2.532839900899966430e-05
2.532785489335081898e-05
2.532798395029048743e-05
2.532762144984011498e-05
2.532756144598940075e-05
2.532721996246833102e-05
2.532029469008512053e-05
2.531901315851895829e-05
2.531858691033946147e-05
2.531764290030927782e-05
2.531734282793538047e-05
2.531712159526695505e-05
2.531620518526373772e-05
2.531618458956332336e-05
2.531564003387068399e-05
2.531477424389237560e-05
2.531348738094719156e-05
2.531229992242859891e-05
2.530801226244971139e-05
2.530761362105749313e-05
2.530565628897314394e-05
2.530471094743966278e-05
2.530407751851758592e-05
2.530351695027876864e-05
2.530180199644350284e-05
2.529983512627541123e-05
2.529863348193088341e-05
2.529659338030930456e-05
2.529336065501520091e-05
2.529311811924598547e-05
2.529101574020615480e-05
2.529033096152554996e-05
2.528893252499276079e-05
2.528798235709414879e-05
2.528658625688070291e-05
2.528600939206725781e-05
2.528622232322772398e-05
2.528504016911590341e-05
2.528086074960636154e-05
2.527756785049801311e-05
2.527630471386587793e-05
2.527597662994247635e-05
2.527440844956654672e-05
2.527260599192719223e-05
2.526923867311336205e-05
2.526818792397372799e-05
2.526552239448893653e-05
2.526516757783194090e-05
2.526493947241381812e-05
2.526443125376987128e-05
2.526327742349554134e-05
2.526320101996278614e-05
2.526188998432068371e-05
2.526103021741600655e-05
2.526140025375740166e-05
2.526018596306220526e-05
2.525785278468463711e-05
2.525467239294616081e-05
2.525244345260339865e-05
2.525147282456166508e-05
2.525093648281755951e-05
2.524497060980151014e-05
2.524274711839823485e-05
2.523753033599580053e-05
2.523758629447090123e-05
2.523169614053280167e-05
2.523072110601676089e-05
2.522950440685283905e-05
2.522675532447594756e-05
2.517033707737011692e-05
2.514944243435893753e-05
2.514705581681574354e-05
2.513900807299556764e-05
2.513557476089832532e-05
2.513043235283295317e-05
2.512941623374255760e-05
2.512595915467035832e-05
2.512505642356160763e-05
2.512457638688873711e-05
2.512303386534850343e-05
2.512104278449708795e-05
2.511924444731331745e-05
2.511500201272601077e-05
2.511171248538550326e-05
2.510397589967212873e-05
2.510288900802042257e-05
2.510199521419973225e-05
2.509978996463332085e-05
2.509711097661916396e-05
2.509420385734999415e-05
2.509160334493058670e-05
2.509029037411449869e-05
2.508601991576301190e-05
2.507915706814659691e-05
2.507562941436775573e-05
2.506941627430295109e-05
2.506901963509364055e-05
2.506221277145593602e-05
2.506050370720215291e-05
2.505289435659821336e-05
2.505006355553130663e-05
2.504769281834604420e-05
2.504669884219973299e-05
2.504455310386371412e-05
2.504408372871882595e-05
2.504270403571038820e-05
2.504175196820673018e-05
2.504095108296862097e-05
2.504003604437640096e-05
2.503563313730571609e-05
2.503309926024491655e-05
2.503234853624967303e-05
2.503275806624328268e-05
2.503240956403596904e-05
2.502996787580267097e-05
2.502521637740525289e-05
2.502220530059489587e-05
2.502167907397151320e-05
2.501530054693152966e-05
2.501485894298589502e-05
2.500511441792436937e-05
2.500230533025369733e-05
2.499960602390489614e-05
2.498539031991688249e-05
2.497960331445963866e-05
2.497339740758445364e-05
2.494973287781153623e-05
2.494024148441281402e-05
2.492790440659013962e-05
2.491643699415878834e-05
2.491570476818598100e-05
2.491019838165470132e-05
2.490352065905509374e-05
2.489633038519215575e-05
2.489066930567127733e-05
2.489063169982251735e-05
2.489070375191018532e-05
2.488911826158206783e-05
2.488758240213364471e-05
2.488561591721114694e-05
2.488395468672860954e-05
2.487770932441472194e-05
2.485110740825266119e-05
2.484532356438912893e-05
2.483571268171363354e-05
2.481850995078246653e-05
2.481377803897091795e-05
2.480438177658660675e-05
2.480521872803384434e-05
2.477737247560700873e-05
2.475456254688857186e-05
2.472928467718306492e-05
2.472350428814290801e-05
2.471115752016695178e-05
2.469042606776743109e-05
2.465415420632676276e-05
2.463965367482036332e-05
2.463252166326662434e-05
2.462553961243279325e-05
2.462020646661971867e-05
2.461937375282485826e-05
2.461879981703169021e-05
2.461079087524623666e-05
2.460675357936655932e-05
2.460383671313787018e-05
2.459681957498042177e-05
2.459393389076634800e-05
2.450524434314528568e-05
2.448241840249774118e-05
2.448167958384096131e-05
2.447763367427731608e-05
2.439991850835483201e-05
2.438312579847259117e-05
2.436264129231186797e-05
2.432535757761697945e-05
2.431720244125031491e-05
2.431147762422631388e-05
2.430273064788015210e-05
2.426679340927092140e-05
2.423298350844507918e-05
2.421919959082237129e-05
2.421829241716657219e-05
2.420993986958279399e-05
2.420816358800870517e-05
2.420180979165968677e-05
2.418454809478400993e-05
2.417521420039036705e-05
2.410934083781510017e-05
2.408855904036378935e-05
2.404588481380968165e-05
2.396293246363427972e-05
2.392435029793247615e-05
2.388351679384741617e-05
2.383240709701736978e-05
2.380008609813446686e-05
2.380805377250246543e-05
2.364992650156359690e-05
2.357590153055693700e-05
2.353692256590452311e-05
2.350691952765098419e-05
2.347967946502986744e-05
2.348613934283670264e-05
2.346943885301129554e-05
2.345749042292804282e-05
2.340596669739360248e-05
2.339515277000022155e-05
2.338920586683840711e-05
2.336847031599872550e-05
2.334944318965531665e-05
2.330937092302569946e-05
2.330939462313994472e-05
2.329323903323287948e-05
2.322831316493152948e-05
2.314713544071565356e-05
2.308028406489215917e-05
2.300106019388866018e-05
2.297845215604026623e-05
2.296803076407887015e-05
2.293079727565881150e-05
2.291602432579978259e-05
2.289150550091678882e-05
2.284524233989704324e-05
2.284904122572391591e-05
2.285518406159932307e-05
2.285533378674632740e-05
2.283828924993425342e-05
2.278531105142704664e-05
2.273757726413721034e-05
2.271857364085415283e-05
2.272749395331679462e-05
2.269649438398552954e-05
2.264179133606206265e-05
2.257831470588466299e-05
2.255538151737302891e-05
2.235380272495630390e-05
2.232726316833180387e-05
2.231440730287521097e-05
2.213727916714067621e-05
2.211441528949502496e-05
2.210421155352970300e-05
2.211545615611307640e-05
2.208717455294451380e-05
2.208135368719503131e-05
2.209013018052356065e-05
2.199915175496579576e-05
2.192803039792147189e-05
2.169337989968942186e-05
2.158666022466355127e-05
2.144812475629220277e-05
2.146257107461468929e-05
2.146775752605023919e-05
2.144927446738784072e-05
2.134567819712196262e-05
2.124584483761875488e-05
2.125532636001336738e-05
2.105566018855195955e-05
2.107585222232742037e-05
2.093656445485004544e-05
2.098714874021130716e-05
2.104915443663568837e-05
2.103748408950229811e-05
2.102009326252308948e-05
2.075474139492230677e-05
2.087261158179817380e-05
2.077637495512212577e-05
2.075126491946767502e-05
2.078192634576526567e-05
2.085563202483992038e-05
2.087827853830925463e-05
2.094003144070708951e-05
2.084453498786006205e-05
2.066731614989837534e-05
2.068415189835035389e-05
2.070148342174029475e-05
2.042116133006343721e-05
2.026169234884888043e-05
2.043195474677256198e-05
2.023523916963058123e-05
2.010798312998767314e-05
2.030309593549446462e-05
2.042580693695517441e-05
2.049504879475213650e-05
2.053134812624733587e-05
2.070352190297423199e-05
2.081741142991416603e-05
2.103100726257775544e-05
2.121525156010917876e-05
2.162418928248770238e-05
2.179845980599094083e-05
2.217506159861076784e-05
2.246487676430054237e-05
2.294616438748478182e-05
2.356122295487207027e-05
2.400199701999360290e-05
2.407707622002810537e-05
2.430208850436875963e-05
2.536710027747485411e-05
2.645529442292223347e-05
2.662185421052587589e-05
2.724238403997714447e-05
2.724124420063530816e-05
2.905116084611197633e-05
3.006939122307754721e-05
3.207334878180150478e-05
3.293672490640929101e-05
3.472684017545190802e-05
3.612712797222185097e-05
3.818196954392367402e-05
4.106697088933998946e-05
4.617519439269487751e-05
4.890822557078430062e-05
5.184472283749759448e-05
5.464671286961796874e-05
6.091430306780539611e-05
6.674968821544489971e-05
7.350922115517097592e-05
7.934884713788952707e-05
8.559913202863782408e-05
9.708743602143885790e-05
1.081242002386438459e-04
1.209238885995585124e-04
1.338368335258073734e-04
1.450888340553516164e-04
1.598994448746436290e-04
1.812514379996477576e-04
2.009357880706499563e-04
2.235578722635134133e-04
2.491342212644997002e-04
2.643505894081697879e-04
2.988470325511647058e-04
3.337851414406389490e-04
3.762971114130228968e-04
4.180362658194972667e-04
4.761852290808959174e-04
5.575332194733143357e-04
6.177395280084148387e-04
7.011436129379494111e-04
8.052939473910159006e-04
8.609361549179106107e-04
9.863317252477130266e-04
1.095108196178864622e-03
1.307424834257180654e-03
1.574001901460209000e-03
1.832353587981553093e-03
2.161540557732245359e-03
2.538101554520562353e-03
3.062852628931440804e-03
3.716151126489836403e-03
4.521433070940605002e-03
5.443816893015149434e-03
6.468745149632876106e-03
7.750841503046174662e-03
9.421867441802966175e-03
1.134764492533481099e-02
1.391149089338331729e-02
1.553330515593466521e-02
1.886041251416698331e-02
2.223692687923021702e-02
2.704452690708127049e-02
