1.331256182262781529e+00
1.332023537433592697e+00
1.333561573297020075e+00
1.335876915549154997e+00
1.338979437866393951e+00
1.342882179967895384e+00
1.347601231836234925e+00
1.353155579080783877e+00
1.359566903868790755e+00
1.366859335703765943e+00
1.375059146636104623e+00
1.384194386260819032e+00
1.394294453081566187e+00
1.405389600464202804e+00
1.417510377408021549e+00
1.430687006647392678e+00
1.444948705060575600e+00
1.460322953890600850e+00
1.476834728751051928e+00
1.494505701670670650e+00
1.513353429403614170e+00
1.533390543788820448e+00
1.554623960994903964e+00
1.577054126976377146e+00
1.600674316363932981e+00
1.625470001321818403e+00
1.651418305666695785e+00
1.678487557822726739e+00
1.706636954076921286e+00
1.735816341202547353e+00
1.765966124946949600e+00
1.797017308240733247e+00
1.828891660372823358e+00
1.861502015867385840e+00
1.894752699448494671e+00
1.928540071318109561e+00
1.962753185011646195e+00
1.997274548325084442e+00
2.031980976208044964e+00
2.066744523064496519e+00
2.101433480576280211e+00
2.135913425954881983e+00
2.170048304442285136e+00
2.203701528951336197e+00
2.236737079012526053e+00
2.269020580750020777e+00
2.300420349533490061e+00
2.330808377338253301e+00
2.360061247784392080e+00
2.388060963388006552e+00
2.414695671786122322e+00
2.439860280590161690e+00
2.463456954029181301e+00
2.485395488555541377e+00
2.505593568939384674e+00
2.523976910863438228e+00
2.540479300398788443e+00
2.555042544729821952e+00
2.567616351837700872e+00
2.578158159306346064e+00
2.586632933787171407e+00
2.593012962817445199e+00
2.597277659578268949e+00
2.599413398834016231e+00
