1.429905072246752809e-05
4.542361280620168347e-04
8.941732054015656076e-04
1.316396692819884421e-03
1.744524710211946229e-03
2.181087770423644542e-03
2.637894933402461228e-03
3.056744403692928606e-03
3.517769088081563762e-03
3.976263259624301070e-03
4.432226918321151808e-03
4.894938611273707586e-03
5.352589278534483283e-03
5.802648407257589291e-03
6.254394544544620259e-03
6.726384784598775889e-03
7.177287417603844810e-03
7.645060136248188476e-03
8.101867299227006464e-03
8.570483522153313910e-03
9.046691283617288443e-03
9.517838019389483761e-03
9.969584156676524270e-03
1.043904388388479376e-02
1.090344258540127884e-02
1.135012769699654187e-02
1.180693485997536332e-02
1.226205501439025548e-02
1.273488875872637489e-02
1.320519199021661337e-02
1.368139975168058617e-02
1.413905041894136447e-02
1.458657903481859475e-02
1.505013423205311604e-02
1.551368942928764601e-02
1.596121804516486761e-02
1.643236478093706293e-02
1.692206861091245448e-02
1.739321534668464980e-02
1.785845755248309519e-02
1.833466531394707666e-02
1.880328153687337717e-02
1.926768023838986224e-02
1.974135748700794196e-02
2.022178276988173540e-02
2.067943343714251023e-02
2.114973666863273483e-02
2.162763143866063692e-02
2.209793467015085805e-02
2.257835995302465495e-02
2.305288070592469499e-02
2.353161898023455739e-02
2.397493007470196183e-02
2.444523330619218990e-02
2.492397158050205924e-02
2.540017934196601990e-02
2.586457804348251885e-02
2.635765589058575512e-02
2.681615006212849719e-02
2.727548773795320652e-02
2.773398190949595207e-02
2.821862471377957829e-02
2.869567597952547497e-02
2.916935322814358938e-02
2.965990056240093778e-02
3.013948234099275009e-02
3.063002967525012971e-02
3.111382897525173316e-02
3.158413220674199245e-02
3.204262637828471372e-02
3.250786858408317298e-02
3.295033617426865874e-02
3.345859709844718755e-02
3.391371725286213001e-02
3.439414253573592345e-02
3.489228140853090770e-02
3.537355019568669268e-02
3.582360932440982471e-02
3.630403460728356263e-02
3.681904356571789882e-02
3.728765978864422015e-02
3.776049353298028405e-02
3.825441488436551185e-02
3.874917974003272425e-02
3.925575365564734631e-02
3.974377047705882765e-02
4.022925678562443152e-02
4.073330018839316918e-02
4.121963000124069521e-02
4.169246374557684931e-02
4.218216757555225821e-02
4.265500131988834293e-02
4.314976617555552757e-02
4.363272197127523316e-02
4.411989528840472991e-02
4.459779005843260424e-02
4.509424192266374420e-02
4.555779711989829672e-02
4.605171847128345514e-02
4.651696067708189358e-02
4.698726390857215635e-02
4.746600218288205691e-02
4.798185464559825281e-02
4.845721890278027050e-02
4.895535777557533108e-02
4.945096613552450726e-02
4.993054791411628834e-02
5.038145054712134252e-02
5.088380694132620813e-02
5.134567512999682615e-02
5.179826477156580095e-02
5.226603749021012379e-02
5.274140174739218312e-02
5.321507899601028019e-02
5.369213026175618381e-02
5.417930357888565973e-02
5.463442373330056057e-02
5.510894448620063529e-02
5.559864831617602338e-02
5.606051650484659282e-02
5.653081973633677232e-02
5.699353142928941657e-02
5.746973919075349518e-02
5.796534755070253953e-02
5.842384172224517752e-02
5.886799632099470186e-02
5.932564698825550792e-02
5.979595021974568742e-02
6.028987157113081807e-02
6.074836574267367811e-02
6.120432940137060518e-02
6.164426647871004000e-02
6.210360415453474586e-02
6.257812490743480671e-02
6.301468796764657376e-02
6.347739966059914862e-02
6.394348537067953697e-02
6.440957108075986981e-02
6.486384773089291789e-02
6.531643737246196901e-02
6.578167957826032419e-02
6.620980759565237017e-02
6.666661475863112918e-02
6.714619653722306292e-02
6.761312575158545668e-02
6.814669180422286421e-02
6.859337691581808560e-02
6.905271459164284698e-02
6.948506013044478125e-02
6.997645096898404138e-02
7.047290283321513971e-02
7.093730153473161437e-02
7.144218844178237826e-02
7.191417868183658246e-02
7.240303900753002064e-02
7.288346429040375163e-02
7.335882854758575544e-02
7.385696742038080909e-02
7.432727065187107185e-02
7.481191345615471888e-02
7.528727771333662555e-02
7.578879060325953432e-02
7.626246785187758281e-02
7.676398074180050546e-02
7.724778004180218871e-02
7.772314429898416477e-02
7.819176052191044446e-02
7.869074289898739250e-02
7.916610715616943794e-02
7.963303637053181783e-02
8.010587011486795805e-02
8.060063497053510106e-02
8.110130435617601830e-02
8.159269519471527843e-02
8.204781534913020702e-02
8.252739712772211300e-02
8.304493659900223645e-02
8.352198786474819558e-02
8.403699682318241382e-02
8.450392603754477983e-02
8.507207576574282726e-02
8.553647446725932968e-02
8.599918616021180739e-02
8.647033289598397843e-02
8.698449835013621900e-02
8.750288132569841726e-02
8.797571507003462687e-02
8.845782736147234093e-02
8.890451247306750682e-02
8.939084228591501202e-02
8.990079021865751696e-02
9.040145960429846195e-02
9.088019787860844578e-02
9.142051196550156356e-02
9.190937229119491847e-02
9.238895406978672731e-02
9.292252012242421810e-02
9.341391096096365865e-02
9.394072897934541144e-02
9.441609323652741526e-02
9.487627441663405714e-02
9.536513474232750920e-02
9.584049899950962403e-02
9.634622941084236558e-02
9.685533383930278184e-02
9.732563707079311399e-02
9.781955842217822383e-02
9.833541088489461401e-02
9.882764522771599058e-02
9.931313153628149037e-02
9.975053810077511018e-02
1.002031277423440919e-01
1.007248847350341314e-01
1.012213365992652991e-01
1.017051358992668991e-01
1.021999007549340144e-01
1.026702039864242771e-01
1.031691863635012807e-01
1.036588901934766827e-01
1.042405359901860534e-01
1.046981866574467901e-01
1.051769249317567323e-01
1.056463846589649758e-01
1.061580196002715332e-01
1.066603759944762947e-01
1.071264617045566692e-01
1.075756773289978374e-01
1.080687551761011084e-01
1.085280928519258975e-01
1.090220142033111739e-01
1.095412406831552110e-01
1.100714327186648328e-01
1.105780066342794549e-01
1.110896415755859845e-01
1.115700668584598543e-01
1.120817017997662174e-01
1.126397294765806578e-01
1.131648604863984137e-01
1.137186706418032017e-01
1.142378971216472389e-01
1.147706196700025855e-01
1.152493579443124999e-01
1.157500273299534727e-01
1.162726278269254343e-01
1.167395570412879391e-01
1.172115472813419351e-01
1.177020946155991205e-01
1.182078250269318065e-01
1.187565741566447425e-01
1.192589305508495318e-01
1.197638174579003928e-01
1.202425557322100574e-01
1.207626257163359057e-01
1.212523295463112938e-01
1.217395028634408738e-01
1.223042785745109690e-01
1.228167570200994346e-01
1.233764717054776638e-01
1.238982286981674952e-01
1.243896195367068247e-01
1.248624532810429788e-01
1.253673401880937288e-01
1.258646355566067077e-01
1.264412203276243374e-01
1.269764733888256170e-01
1.274754557659027454e-01
1.280115523313860859e-01
1.284565504344173659e-01
1.289411932387009296e-01
1.293490771533259698e-01
1.298716776502978343e-01
1.303706600273747684e-01
1.308628943701961311e-01
1.313391021316600848e-01
1.318220579273796933e-01
1.322932046631518921e-01
1.328191791772517505e-01
1.333021349729713312e-01
1.337918388029467054e-01
1.342925081885875394e-01
1.347560633858221335e-01
1.352516717457711848e-01
1.357236619858255833e-01
1.362032437644173088e-01
1.367115046885958307e-01
1.371818079200860518e-01
1.376672942286516488e-01
1.381637460928826777e-01
1.386357363329367709e-01
1.391465277699613923e-01
1.396455101470383819e-01
1.401267789341940628e-01
1.406401008840643674e-01
1.411179956540923874e-01
1.416017949540939458e-01
1.421513875880889011e-01
1.425601150069958356e-01
1.430548798626628815e-01
1.435547057440217378e-01
1.440174174369742988e-01
1.445054342583858564e-01
1.449807985155677492e-01
1.454890594397464654e-01
1.459661107054923967e-01
1.464794326553625903e-01
1.469978156309249273e-01
1.475010155294116665e-01
1.479983108979248674e-01
1.485200678906147542e-01
1.490325463362032476e-01
1.494918840120277870e-01
1.499807443377211003e-01
1.504864747490538002e-01
1.510183537931274189e-01
1.514785349732341024e-01
1.519370291447768861e-01
1.524022713505754634e-01
1.529037842404981362e-01
1.533546868735031765e-01
1.538199290793016705e-01
1.542674576951788556e-01
1.547411349437969041e-01
1.551557668926775713e-01
1.556277571327318587e-01
1.561014343813498517e-01
1.565708941085579009e-01
1.570589109299694031e-01
1.575190921100761143e-01
1.580290400428185638e-01
1.585280224198955812e-01
1.590286918055365262e-01
1.595040560627184745e-01
1.599962904055396151e-01
1.604944292783345994e-01
1.609225572957267425e-01
1.614105741171382169e-01
1.618926864085757922e-01
1.623958863070626424e-01
1.628543804786053151e-01
1.633280577272232525e-01
1.638717458312443920e-01
1.643024043614823293e-01
1.647752381058183724e-01
1.652801250128690114e-01
1.657681418342805968e-01
1.663008643826358879e-01
1.667610455627423771e-01
1.672853330682783357e-01
1.678054030524045170e-01
1.683128204723012278e-01
1.689096493460859605e-01
1.694111622360087444e-01
1.699489458100559014e-01
1.705331221196113023e-01
1.710759667193502420e-01
1.716727955931349747e-01
1.722223882271297357e-01
1.728242781266063621e-01
1.733882103333944935e-01
1.739563600615924577e-01
1.745371623540198369e-01
1.751407392620603909e-01
1.757561252300482157e-01
1.763563281209608868e-01
1.769489394733356202e-01
1.775795085183991262e-01
1.781586238022626056e-01
1.787562961803293993e-01
1.793809606954189784e-01
1.799912856377151593e-01
1.806049845971390289e-01
1.812245880865368808e-01
1.818281649945773237e-01
1.824368029283095771e-01
1.830361623149401318e-01
1.836439567443904075e-01
1.842525946781224666e-01
1.848671371418286191e-01
1.854884276397902598e-01
1.861367102747748248e-01
1.867892104311690837e-01
1.874248405019242336e-01
1.880376959570661255e-01
1.886438033779524459e-01
1.892828074658353399e-01
1.899091589894888465e-01
1.905726247015486208e-01
1.912293423793528790e-01
1.918624419372619294e-01
1.925031330337085567e-01
1.931446676344373836e-01
1.937895762522940935e-01
1.944403894001244804e-01
1.950895155393910507e-01
1.957681643285261452e-01
1.964366910662776189e-01
1.971052178040293423e-01
1.977830230888826535e-01
1.984557673480441264e-01
1.991436946842808919e-01
1.998240304819800250e-01
2.004765306383742007e-01
2.011416833589979580e-01
2.018186451395692638e-01
2.025318776042649982e-01
2.032147439148101753e-01
2.038765226183059387e-01
2.045880680744376345e-01
2.052878044706218097e-01
2.059301825756324755e-01
2.066248579461249513e-01
2.073313423765650032e-01
2.080369833027228554e-01
2.087476852545727124e-01
2.094280210522717900e-01
2.101345054827118142e-01
2.108317113660501951e-01
2.115550658821292729e-01
2.122354016798283505e-01
2.129697217515731100e-01
2.136812672077049169e-01
2.143877516381449133e-01
2.150976100857126538e-01
2.158049380204343504e-01
2.165451626221529535e-01
2.172912917538452615e-01
2.180188637913344496e-01
2.187405312988497108e-01
2.194605117978010167e-01
2.201923013566999265e-01
2.209249344198806475e-01
2.216364798760123711e-01
2.223842960162686067e-01
2.231211466008591604e-01
2.238529361597579315e-01
2.246058133257058942e-01
2.253704995516012943e-01
2.261115676576015976e-01
2.268728798663693091e-01
2.276181654937798893e-01
2.283710426597277965e-01
2.291230763213938093e-01
2.298708924616497951e-01
2.306001515077030772e-01
2.313639942293162222e-01
2.321025318224707867e-01
2.328393824070612572e-01
2.335821375216259876e-01
2.343535717817773201e-01
2.350997009134692395e-01
2.358373950023416876e-01
2.365801501169061127e-01
2.373364012999821249e-01
2.381019310301594194e-01
2.388632432389268256e-01
2.396178074134383829e-01
2.403698410751049230e-01
2.411134396939513536e-01
2.418519772871058071e-01
2.425922018888240217e-01
2.433239914477230981e-01
2.440675900665695008e-01
2.448120321896980200e-01
2.455522567914165122e-01
2.463051339573641418e-01
2.470512630890565886e-01
2.478024532464404850e-01
2.485418343438771105e-01
2.492888069798510631e-01
2.500273445730060717e-01
2.507827522518003560e-01
2.515094807850071223e-01
2.522404268396239990e-01
2.529882429798802068e-01
2.537352156158546590e-01
2.544670051747536244e-01
2.552004817422164340e-01
2.559229927540133676e-01
2.566311641930175136e-01
2.573713887947362000e-01
2.580879952765596785e-01
2.588130368012028226e-01
2.595169907187965808e-01
2.602243186535192487e-01
2.609156200068836196e-01
2.615833032403530600e-01
2.622332728839017468e-01
2.628790250060398792e-01
2.635416472138182864e-01
2.641612507032160551e-01
2.647867587225872787e-01
2.653430993908379443e-01
2.659517373245697258e-01
2.665401311555350428e-01
2.671318990036284369e-01
2.677143883046197437e-01
2.683525488882203547e-01
2.689569693005428586e-01
2.695335540715600442e-01
2.701438790138563362e-01
2.706943556742043566e-01
