4.299829708217896007e-01
3.902029635429390964e-01
3.731865974831103383e-01
3.634772548995919839e-01
3.538453912463513928e-01
3.460326566847717333e-01
3.387968161356673114e-01
3.313600555229604949e-01
3.248503892439252860e-01
3.169212034660833233e-01
3.110732060648813690e-01
3.054731420935620223e-01
3.001381336876797201e-01
2.950026566682679707e-01
2.900338577701395137e-01
2.852825401993943077e-01
2.807436614375217743e-01
2.761947777234734502e-01
2.719745434207965218e-01
2.679060433204627500e-01
2.639834790443742474e-01
2.602054058227498690e-01
2.565585121245085309e-01
2.530194394070849895e-01
2.495750757636358841e-01
2.462252643790066309e-01
2.429779766341110536e-01
2.398164985205699096e-01
2.367242417125574316e-01
2.337142481503273750e-01
2.307192049737773476e-01
2.276322383226104251e-01
2.248111900385793838e-01
2.220483588457363988e-01
2.193455266348248167e-01
2.167006191276100724e-01
2.141163711770689149e-01
2.115847017965548638e-01
2.091006261733833749e-01
2.066631456027790692e-01
2.042713549398158246e-01
2.019249507400510124e-01
1.996247330434638978e-01
1.973731574426282054e-01
1.951609842579545007e-01
1.929865331551646745e-01
1.908483281680154187e-01
1.887479920547553425e-01
1.866848405526660426e-01
1.846493894411489756e-01
1.826641571006337728e-01
1.807183968519833206e-01
1.788087682216581986e-01
1.769310836130369713e-01
1.750861937167164928e-01
1.732741050324945464e-01
1.714640559485155202e-01
1.697064534713662587e-01
1.679837802912528266e-01
1.662915062267898980e-01
1.646294572137103618e-01
1.629909866986888334e-01
1.613763645031688343e-01
1.597939865554437455e-01
1.582396380879899922e-01
1.567053205055070897e-01
1.551899233854056037e-01
1.537032556915900183e-01
1.522424004737494008e-01
1.508077327273747437e-01
1.493948623761843786e-01
1.480022581834164741e-01
1.466269597031784611e-01
1.452743484287184195e-01
1.439429627236451792e-01
1.426313441261329862e-01
1.413372081655018264e-01
1.400646724441890478e-01
1.388064072092299872e-01
1.375585499923704380e-01
1.363409206206933622e-01
1.351412653620714110e-01
1.339586799956860586e-01
1.327919622743112538e-01
1.316382001805740110e-01
1.305017834618709127e-01
1.293817726446966354e-01
1.282750046277893463e-01
1.271865694522170132e-01
1.261119569558483700e-01
1.250530848346413926e-01
1.240089564939781119e-01
1.229785620666596913e-01
1.219614861734866912e-01
1.209566997879582967e-01
1.199674406385098785e-01
1.189906030214427646e-01
1.180247993351795643e-01
1.170715983109649472e-01
1.161301417456818835e-01
1.151994594622698376e-01
1.142815506437289547e-01
1.133745513337075933e-01
1.124823920329250382e-01
1.116030213896774675e-01
1.107336686433686018e-01
1.098747275599947365e-01
1.090273430604302984e-01
1.081861426686291650e-01
1.073604854536916314e-01
1.065436967723428496e-01
1.057376176995796224e-01
1.049423719065071120e-01
1.041568429133705176e-01
1.033814274505655967e-01
1.026143175730750423e-01
1.018572473627302327e-01
1.011105202890049959e-01
1.003714931593807230e-01
9.964092456693425526e-02
9.891752063846499798e-02
9.820435576521785448e-02
9.749739712687666149e-02
9.679824988033799982e-02
9.610987486859945417e-02
9.543108026178659387e-02
9.476156826531972888e-02
9.410018213340377857e-02
9.344615110476450770e-02
9.279640420447050897e-02
9.215644226483825363e-02
9.152539522306848974e-02
9.089167392763163045e-02
9.027617762881313956e-02
8.966833063170841223e-02
8.906825849439653497e-02
8.847530329931221904e-02
8.788851294050176177e-02
8.730954072656366138e-02
8.673702333578253709e-02
8.617111572456531698e-02
8.561187902513345271e-02
8.505821350011756599e-02
8.451128514714813245e-02
8.397073222545138604e-02
8.338790233866762158e-02
8.285887778054339126e-02
8.233616503058351077e-02
8.181937527798624488e-02
8.130848187308258035e-02
8.080397744799285020e-02
8.030563645642828374e-02
7.981326860039343607e-02
7.932134424560710606e-02
7.883902023056199582e-02
7.836317980273453665e-02
7.789273403790689110e-02
7.742449867527073648e-02
7.696450029095636136e-02
7.651060118335087368e-02
7.606244523120965495e-02
7.561947862657575348e-02
7.518169897362189658e-02
7.474841459847354763e-02
7.432038912370393657e-02
7.389871798207479914e-02
7.348224360982863468e-02
7.307002325853802216e-02
7.266300915980104802e-02
7.226066568368270937e-02
7.186367683171109022e-02
7.147041648492660770e-02
7.108208379982274006e-02
7.069807450487793077e-02
7.031905638757490751e-02
6.994457960105932015e-02
6.957280460968907898e-02
6.920703509449106783e-02
6.884460148991670969e-02
6.848564494402840930e-02
6.807600124868877500e-02
6.772542589096863797e-02
6.737843818628379278e-02
6.703537749557374192e-02
6.669551898698516945e-02
6.635782402110687594e-02
6.602525151174783169e-02
6.569620853713388497e-02
6.537102878419351337e-02
6.504959018999730003e-02
6.473148055012804825e-02
6.440991461050923905e-02
6.409926505061674940e-02
6.379140960838396157e-02
6.348715957877321125e-02
6.318651688680852752e-02
6.288986505015387030e-02
6.259605719197094964e-02
6.230475363270406713e-02
6.201741949632089829e-02
6.173346789676065899e-02
6.145259554571814997e-02
6.117453708491955855e-02
6.089900648786732845e-02
6.062542134910101077e-02
6.035603681795849440e-02
6.008971315018531850e-02
5.982625842516149650e-02
5.956539445089675811e-02
5.930750218508133720e-02
5.905287341470173701e-02
5.880082108180448297e-02
5.850139247390219455e-02
5.825364169158539496e-02
5.799934560148107404e-02
5.775736731257830048e-02
5.751801980546487197e-02
5.728115893909254547e-02
5.704728971647095304e-02
5.680924326553501297e-02
5.657928872365265704e-02
5.635236973625987883e-02
5.612874609557318151e-02
5.590853703511259459e-02
5.569072480324103319e-02
5.547550277350663667e-02
5.526278387822490534e-02
5.505218148455290339e-02
5.484440236737633811e-02
5.463954214598915060e-02
5.443804389808621497e-02
5.423896143004156012e-02
5.404239369355958583e-02
5.384743536994150009e-02
5.365550866431212373e-02
5.335349621189949126e-02
5.316577488409680863e-02
5.298067599465104000e-02
5.279862176555412401e-02
5.261858617809490185e-02
5.244118606792104453e-02
5.226601403414999486e-02
5.209316843797756613e-02
5.192217493026464459e-02
5.175129229635710287e-02
5.158398849436729439e-02
5.141885550108198782e-02
5.125574193437457127e-02
5.109386270887165266e-02
5.093432284525761800e-02
5.077640882547096446e-02
5.062049445137161569e-02
5.045118965107352887e-02
5.029853724582744601e-02
5.014800818786441933e-02
4.999948843663099690e-02
4.985308859007987065e-02
4.970800098079042328e-02
4.956512849796916587e-02
4.942430558780337713e-02
4.928551169218897687e-02
4.914866955313951929e-02
4.901355398437611671e-02
4.888010519776448543e-02
4.874528837861711456e-02
4.861529986464013797e-02
4.848687620948865379e-02
4.836011433977024931e-02
4.823487517075513570e-02
4.811128414871671671e-02
4.798926214626599018e-02
4.786897554755556450e-02
4.775030630867056758e-02
4.763296513366604285e-02
4.751711075228071818e-02
4.740252575763635734e-02
4.728812958485686252e-02
4.717621986670353373e-02
4.706576228000639711e-02
4.695671288149286943e-02
4.684879162574209083e-02
4.674148945796694626e-02
4.663626904938024398e-02
4.653223418236863973e-02
4.642909754379542092e-02
4.632703444218149585e-02
4.622645160731472108e-02
4.612717994937703958e-02
4.602931380395431510e-02
4.593283893499156695e-02
4.583750452303755885e-02
4.574338729355705707e-02
4.565068724975645392e-02
4.555932773638761424e-02
4.546923875265050652e-02
4.537993737463266730e-02
4.529213299433394735e-02
4.520411726283913439e-02
4.511817193049019042e-02
4.503347707243746112e-02
4.494998455600399123e-02
4.486768135778011063e-02
4.478650222773487843e-02
4.470685047794739631e-02
4.462789767995007512e-02
4.455019592288601143e-02
4.447385762470134479e-02
4.439872021548897651e-02
4.432481189318018822e-02
4.425135742615086271e-02
4.417918623863830579e-02
4.410740851553768965e-02
4.403719076655303322e-02
4.394817765422624062e-02
4.387995776974276674e-02
4.381283599045398408e-02
4.374669021997566742e-02
4.368031639528992260e-02
4.361559241107509921e-02
4.355189897099109170e-02
4.348903739810885266e-02
4.342684335135955226e-02
4.336538964873124652e-02
4.330455115996188764e-02
4.324454937325531573e-02
4.318538874331011301e-02
4.312702789167627976e-02
4.306964190634093859e-02
4.301327398631894089e-02
4.295795717387283774e-02
4.290342674890690322e-02
4.284993407607817772e-02
4.279443865903930638e-02
4.274197348212638997e-02
4.269066674543623569e-02
4.264022532188506409e-02
4.259058295831071733e-02
4.254195094119303522e-02
4.249433757638766684e-02
4.244751446275175921e-02
4.239991513734998191e-02
4.235447638158640338e-02
4.230921784026375060e-02
4.226550868929550286e-02
4.222262748086606787e-02
4.218065138454007990e-02
4.213941493433211866e-02
4.209895642185816633e-02
4.205924490854776043e-02
4.202036619609575419e-02
4.198146599222568609e-02
4.194422877852078263e-02
4.190772750948949105e-02
4.187226791974765078e-02
4.183748412236409225e-02
4.180361090530014534e-02
4.177024744564632186e-02
4.173814601806054986e-02
4.170727207200007614e-02
4.167723601315866805e-02
4.164818635935656210e-02
4.161737652875565491e-02
4.158988452188420309e-02
4.156359414154699866e-02
4.153812093160304253e-02
4.151361672740929570e-02
4.148981225955281071e-02
4.146710635233542830e-02
4.144476633367803753e-02
4.142370462621823568e-02
4.140350274230642641e-02
4.138390623173818228e-02
4.136530410419684417e-02
4.134664917653307903e-02
4.132957115522543218e-02
4.131301736609682695e-02
4.129732399177412500e-02
4.128238606641857628e-02
4.126804884853554900e-02
4.125451747766153282e-02
4.124185697912809145e-02
4.122981031810740021e-02
4.121803567438112742e-02
4.120595253238895639e-02
4.119502839810774975e-02
4.118461099352371119e-02
4.117460109427643900e-02
4.116515101537744636e-02
4.115590537362501938e-02
4.114724516704119234e-02
4.113897219937991123e-02
4.113108958792012493e-02
4.112359694204530819e-02
4.111656162661116165e-02
4.110971273206127929e-02
4.110322228628150026e-02
4.109716852815752802e-02
4.109136073011977058e-02
4.108593154638119638e-02
4.108074276427152449e-02
4.107566048278429166e-02
4.107052826461830147e-02
4.106584240799100727e-02
4.106143540872277814e-02
4.105717330692942174e-02
4.105301581510088088e-02
4.104906044229884171e-02
4.104519460408202064e-02
4.104159197459930630e-02
4.103791410697683190e-02
4.103445795808843138e-02
4.103092221752442648e-02
4.102757665232298345e-02
4.102444968059982405e-02
4.102143814065145611e-02
4.101859091516633221e-02
4.101577834192569189e-02
4.101293812549569595e-02
4.100778230541896052e-02
4.100511836028957607e-02
4.100256853886855707e-02
4.100013774980459935e-02
4.099723392609952444e-02
4.099461799473685247e-02
4.098965294052773350e-02
4.098709141537563300e-02
4.098491753848303859e-02
4.098254515848102214e-02
4.098050101812511503e-02
4.097854897462815948e-02
4.097663522077839293e-02
4.097465011276522212e-02
4.097285488125555070e-02
4.097101774544480157e-02
4.096928767485284034e-02
4.096760730982100529e-02
4.096596481404863460e-02
4.096429729660238522e-02
4.096276932150448580e-02
4.096100048268565968e-02
4.095950967731533388e-02
4.095801326950355287e-02
4.095660430750806824e-02
4.095513370808111231e-02
4.095379292051860853e-02
4.095244864478111285e-02
4.095117410761758142e-02
4.094989384395399806e-02
4.094863155605609623e-02
4.094744312797315294e-02
4.094629132160972768e-02
4.094502166881528599e-02
4.094383010575592535e-02
4.094278255440032127e-02
4.094175820689767431e-02
4.094070635856349866e-02
4.093966973951770894e-02
4.093865423304594159e-02
4.093769987027397889e-02
4.093679170866235117e-02
4.093588550859617037e-02
4.093505865721100423e-02
4.093420964849553423e-02
4.093335379110553396e-02
4.093253810466343512e-02
4.093181812803915048e-02
4.093113669176470792e-02
4.093043176757494434e-02
4.092980791749388503e-02
4.092910031250213826e-02
4.092848036498182573e-02
4.092775123557240019e-02
4.092714365758955142e-02
4.092660922024186909e-02
4.092578422894986578e-02
4.092514495009855202e-02
4.092456635319754316e-02
4.092405488501843491e-02
4.092344980560709555e-02
4.092287362934910605e-02
4.092234578205913853e-02
4.092218638335416020e-02
4.092184051633621089e-02
4.092248484249495083e-02
4.092579169740051537e-02
4.094671754198140473e-02
4.098730921765465079e-02
4.106240975287885064e-02
4.116344107995117962e-02
4.132258273518775449e-02
4.154812855853758785e-02
4.187589953715969981e-02
4.204760700788251482e-02
4.237650935360462445e-02
4.302184377936786597e-02
4.396146061304157665e-02
4.493204072666200782e-02
4.640589017283953260e-02
4.834470356705945077e-02
5.109122954949571471e-02
5.378475188244370014e-02
