1.482710205122608427e+00
1.483359768963975478e+00
1.484655887982725853e+00
1.486593766431990815e+00
1.489168845783635842e+00
1.492378937688790597e+00
1.496225734967800536e+00
1.500715185651731787e+00
1.505856609750309882e+00
1.511660876522714192e+00
1.518138290199806839e+00
1.525296939516039618e+00
1.533142112458467654e+00
1.541677013221879555e+00
1.550904566602211654e+00
1.560829709858087222e+00
1.571461386224205281e+00
1.582813534135882660e+00
1.594904688037871221e+00
1.607756263110175832e+00
1.621390032331725628e+00
1.635825570442434262e+00
1.651078443333390489e+00
1.667159660534879073e+00
1.684076471040492518e+00
1.701834118265920015e+00
1.720437838958340349e+00
1.739894310060654981e+00
1.760211948843410035e+00
1.781399889001998860e+00
1.803465945147106231e+00
1.826414267025439742e+00
1.850243530353205879e+00
1.874946352081284129e+00
1.900510197479277519e+00
1.926919499922569834e+00
1.954158225204365440e+00
1.982211851349671372e+00
2.011067801836814883e+00
2.040713756503803378e+00
2.071133852708876955e+00
2.102303389523090704e+00
2.134183061287171501e+00
2.166713835923407938e+00
2.199813330553338719e+00
2.233374017165946412e+00
2.267263001060489280e+00
2.301322670184559271e+00
2.335371383908658061e+00
2.369203616400335388e+00
2.402589517057614366e+00
2.435274504177538990e+00
2.466980016701586731e+00
2.497406690182571332e+00
2.526240885841527728e+00
2.553164733947354215e+00
2.577868859055364670e+00
2.600066039199186108e+00
2.619503525083525908e+00
2.635971823689576166e+00
2.649308472092803513e+00
2.659396525302350156e+00
2.666158823596716854e+00
2.669550189248982353e+00
