1.315541923690725802e-05
5.911102927270047965e-04
1.166610796956485613e-03
1.762564378357773598e-03
2.360154205932804821e-03
2.961016525855324905e-03
3.561060722690973911e-03
4.157014304092264065e-03
4.779147824273471609e-03
5.409462575323398595e-03
6.069229757500732916e-03
6.700362631637537918e-03
7.341312982816815789e-03
8.003534534254765076e-03
8.671482947300825778e-03
9.320614529348824825e-03
9.966473619049334362e-03
1.062133206270543875e-02
1.127700862944841335e-02
1.194250267323385649e-02
1.261535982480115232e-02
1.327349076080474623e-02
1.394062105076393498e-02
1.461266007924433459e-02
1.527324538450852351e-02
1.593219444359896680e-02
1.661486907220870515e-02
1.732699613194586125e-02
1.803912319168300693e-02
1.873325154350895250e-02
1.944619672633297533e-02
2.014277944741953846e-02
2.088026832284972309e-02
2.157030605924131414e-02
2.226116191871977887e-02
2.298228833241251420e-02
2.370505099227900037e-02
2.441472368275553542e-02
2.511212452692897570e-02
2.580870724801554925e-02
2.651756181540521409e-02
2.723541573675047206e-02
2.794099781179264219e-02
2.866703296400661266e-02
2.937016066978814094e-02
3.010110456052334654e-02
3.079850540469676254e-02
3.151963181838950828e-02
3.222112327799728226e-02
3.294552218403751231e-02
3.365846736686151780e-02
3.436650381116429509e-02
3.509417520955201986e-02
3.581611974633162887e-02
3.650124874420199172e-02
3.722237515789472012e-02
3.793613846380560622e-02
3.861799496932848130e-02
3.933748513684748316e-02
4.005124844275834844e-02
4.074537679458431483e-02
4.148122942384074169e-02
4.218353900653543792e-02
4.289730231244632402e-02
4.357670444870857807e-02
4.427655966214263938e-02
4.496250678309986204e-02
4.562718270379842456e-02
4.629104050141009258e-02
4.694099020654492888e-02
4.758684929624542453e-02
4.825316146311769278e-02
4.887856747564640197e-02
4.954078902708432264e-02
5.019564747074040101e-02
5.082678034487717739e-02
5.151109121966065268e-02
5.218394837122791730e-02
5.285189678427396759e-02
5.351493645879876193e-02
5.416161367158612433e-02
5.483856143858776427e-02
5.547296680507202149e-02
5.612864337181495966e-02
5.678350181547113518e-02
5.744163275147481929e-02
5.810221805673908974e-02
5.875462213113460258e-02
5.940375371318268316e-02
6.004961280288323433e-02
6.069219940023629772e-02
6.134460347463188690e-02
6.197246385642125183e-02
6.259623362277624836e-02
6.323472960469495030e-02
6.388304306365613638e-02
6.448226913740495725e-02
6.509213081128313594e-02
6.571835494689876045e-02
6.632330788225568319e-02
6.692662457143885857e-02
6.751848753740580245e-02
6.811525924189403003e-02
6.875620959307335300e-02
6.939225120573142003e-02
6.998656854095906821e-02
7.060542956879284349e-02
7.121692748884474178e-02
7.183087977815730274e-02
7.245874015994663297e-02
7.306369309530355571e-02
7.371037030809098056e-02
7.432268635122972478e-02
7.495545547154033872e-02
7.558658834567717755e-02
7.621690309672714270e-02
7.686930717112261391e-02
7.750289441452008765e-02
7.812666418087507725e-02
7.873979834710070902e-02
7.938729368297499367e-02
8.001351781859061818e-02
8.064955943124865745e-02
8.128069230538548240e-02
8.191591579495667574e-02
8.254868491526726193e-02
8.321745145140024835e-02
8.383303998688652892e-02
8.446908159954466533e-02
8.510348696602895724e-02
8.573543796325265587e-02
8.638211517604006684e-02
8.699279497300514696e-02
8.761820098553384228e-02
8.824524324423636823e-02
8.887719424146006686e-02
8.947314782286139301e-02
9.013209688195192304e-02
9.074114043274321417e-02
9.141727007665804983e-02
9.205085732005550969e-02
9.267135459406299069e-02
9.332130429919793801e-02
9.392134849603367419e-02
9.453611890843305332e-02
9.518525049048108533e-02
9.580492964140173429e-02
9.643279002319113391e-02
9.707128600510982197e-02
9.771550884863663966e-02
9.834745984586040768e-02
9.897122961221543891e-02
9.960727122487356144e-02
1.002375859759235543e-01
1.008703550962341544e-01
1.014802167701123747e-01
1.020925328132511606e-01
1.027555724877760174e-01
1.033867053619129256e-01
1.040055663897466592e-01
1.046555160948815649e-01
1.052841945997578105e-01
1.059259630740240349e-01
1.065816396407671118e-01
1.072217718688595611e-01
1.078340879119983747e-01
1.085151262944344663e-01
1.091429866762238937e-01
1.097692108118395460e-01
1.104060705475845283e-01
1.110200228368971170e-01
1.116519738341208712e-01
1.122757436004759024e-01
1.128806965358328668e-01
1.135445543334446944e-01
1.141756872075816304e-01
1.148060019586317204e-01
1.154379529558554190e-01
1.160707220761660191e-01
1.167092180580848321e-01
1.173305334551791729e-01
1.179755744217930308e-01
1.185666192646731010e-01
1.192190233390686693e-01
1.198198856589912237e-01
1.204796528411685858e-01
1.211451468849541468e-01
1.217820066206992125e-01
1.224303200796603014e-01
1.230696341846659464e-01
1.237089482896715775e-01
1.243531711331983675e-01
1.249793952688140475e-01
1.255917113119528195e-01
1.262318435400453243e-01
1.268736120143115764e-01
1.275235617194464821e-01
1.281686026860601457e-01
1.287801006061121689e-01
1.294652296039825179e-01
1.301151793091176179e-01
1.307708558758605422e-01
1.314674385969471504e-01
1.320854815016941353e-01
1.327166143758310990e-01
1.333649278347922851e-01
1.340369668632727940e-01
1.346901890607551944e-01
1.353074138424152362e-01
1.359099124085117183e-01
1.365582258674728211e-01
1.371811775107410203e-01
1.378164010003122830e-01
1.384516244898834070e-01
1.390974835795840414e-01
1.397474332847189471e-01
1.403744755434215286e-01
1.410334246025119753e-01
1.417210079696430702e-01
1.423685033055174798e-01
1.430397242109111289e-01
1.436880376698723705e-01
1.443224430363567456e-01
1.449568484028410376e-01
1.456182518311922580e-01
1.462796552595433952e-01
1.469656023805007705e-01
1.476122795932881815e-01
1.482630474215100025e-01
1.488909078032993605e-01
1.495326762775656682e-01
1.501809897365269375e-01
1.508399387956174675e-01
1.514596179465381165e-01
1.521103857747600208e-01
1.527325192949413046e-01
1.533759240153812486e-01
1.540356911975587217e-01
1.546578247177399779e-01
1.553061381767011362e-01
1.559380891739248765e-01
1.565913113714073046e-01
1.572216261224574363e-01
1.578674852121580430e-01
1.585018905786423349e-01
1.591182972372156279e-01
1.597747919270454953e-01
1.604271960014410636e-01
1.610787819527497722e-01
1.617500028581433935e-01
1.624114062864945307e-01
1.630515385145871188e-01
1.637121238198513129e-01
1.643686185096812080e-01
1.650226588302505515e-01
1.656865166278622958e-01
1.663405569484315283e-01
1.669790529303503135e-01
1.676191851584427350e-01
1.682773160944464885e-01
1.689272657995814220e-01
1.696189397821469269e-01
1.702590720102393207e-01
1.709106579615479182e-01
1.715728795129860262e-01
1.722179204795998564e-01
1.728572345846055291e-01
1.734695506277443011e-01
1.741268634406611115e-01
1.747825400074040358e-01
1.754537609127976572e-01
1.761347992952336239e-01
1.768182920469302533e-01
1.774666055058914949e-01
1.781280089342426320e-01
1.787918667318544874e-01
1.794647238834219394e-01
1.801318541733812617e-01
1.807891669862979889e-01
1.814808409688634661e-01
1.821496075049964525e-01
1.827962847177838079e-01
1.834715962386118115e-01
1.841321815438761722e-01
1.848737610347407079e-01
1.855294376014837709e-01
1.861941135221823196e-01
1.868546988274467080e-01
1.875324647175352077e-01
1.881946862689732325e-01
1.888814515130173843e-01
1.895993054343627082e-01
1.903065237555787159e-01
1.910129239537078916e-01
1.917315959981401308e-01
1.925009916739583715e-01
1.931893931641762985e-01
1.939088833316953975e-01
1.946210103914327028e-01
1.953732254824266379e-01
1.961082599885964062e-01
1.968408401255054285e-01
1.976053270628025105e-01
1.983289078457558807e-01
1.990655785980993131e-01
1.998374286431783831e-01
2.005888256110854029e-01
2.013066795324307545e-01
2.020498952694690931e-01
2.027775666678569289e-01
2.035510529591096351e-01
2.043286298657966682e-01
2.050865718183987330e-01
2.058518768787828690e-01
2.066147275699060926e-01
2.073972132151142289e-01
2.081338839674576613e-01
2.088803721968435501e-01
2.096399503956194454e-01
2.104281629024359057e-01
2.112024673167753608e-01
2.119334112075106358e-01
2.127404405453250935e-01
2.135335617906625183e-01
2.143070480819152801e-01
2.150829887424286768e-01
2.158810187262875380e-01
2.167035924027524152e-01
2.175098036174800131e-01
2.182759268009506481e-01
2.190772292771570040e-01
2.199063479383169262e-01
2.207469203226931076e-01
2.215654033837237413e-01
2.223585246290615547e-01
2.231524639974858948e-01
2.239889457664278050e-01
2.248417899971070777e-01
2.256692724120932525e-01
2.265000273194265612e-01
2.273324184729335062e-01
2.281893533190466616e-01
2.290364706881176937e-01
2.298639531031035355e-01
2.307200698261299143e-01
2.315540972258108010e-01
2.324208495489663295e-01
2.332565131948207138e-01
2.341240836410632409e-01
2.349990171950879503e-01
2.358494070565061995e-01
2.367137050104010099e-01
2.375739123488616877e-01
2.384480277797992320e-01
2.393049626259126650e-01
2.401717149490682490e-01
2.410646472110037075e-01
2.419747600577636104e-01
2.428881453968709525e-01
2.437769870433723063e-01
2.446952811210006962e-01
2.455947583676313384e-01
2.464991443527827786e-01
2.474207109227589962e-01
2.483062800769129108e-01
2.492098479389778520e-01
2.500945989700448235e-01
2.510153474169336540e-01
2.519303690022148268e-01
2.528674799108417415e-01
2.537587759266035636e-01
2.547237030201836006e-01
2.556779945136346543e-01
2.566134691760876274e-01
2.575620338079305793e-01
2.585048715781652628e-01
2.594452549791393392e-01
2.604101820727195982e-01
2.613448386120859057e-01
2.622983119824500164e-01
2.632493309835532425e-01
2.641880781383538213e-01
2.651374608932836052e-01
2.660876617713001102e-01
2.670468620032723228e-01
2.680134253430263569e-01
2.689734436980853460e-01
2.699490063917950322e-01
2.709253872085917170e-01
2.718584075017840829e-01
2.728650588727948301e-01
2.738406215665044052e-01
2.748423641989941602e-01
2.758269262466596095e-01
2.767787633708499451e-01
2.777338729873876644e-01
2.787364337429640293e-01
2.797128145597606030e-01
2.806671060532118234e-01
2.816573949624854856e-01
2.826329576561948942e-01
2.836265190578157736e-01
2.846159898440023261e-01
2.856054606301887122e-01
2.866006582779833667e-01
2.876138546336895474e-01
2.885943260659204479e-01
2.896017955600180271e-01
2.905675407766850626e-01
2.916101895635183627e-01
2.926078415805736799e-01
2.935932217513259057e-01
2.946178718302477906e-01
2.956564300016464308e-01
2.966573545110492427e-01
2.976427346818011910e-01
2.986796566070262227e-01
2.996723998855603255e-01
3.007109580569592988e-01
3.017593337054004232e-01
3.028175268308840873e-01
3.038618118638910515e-01
3.048872800658999349e-01
3.059274744834723503e-01
3.069881219782167880e-01
3.080013183339226357e-01
3.090562389670589716e-01
3.100923427691972822e-01
3.111668983564183644e-01
3.121686409889080638e-01
3.132301066067391671e-01
3.142907541014836048e-01
3.153522197193148746e-01
3.164161397064069181e-01
3.174923315398019419e-01
3.185709777424578504e-01
3.196463514527656535e-01
3.206685471624272643e-01
3.217488296112568369e-01
3.228413839063887791e-01
3.239216663552182407e-01
3.250060394194818625e-01
3.260928668530059804e-01
3.271559687170109143e-01
3.282427961505352543e-01
3.293484404150577305e-01
3.304336316024084619e-01
3.314918247278922370e-01
3.325753796690689157e-01
3.336802058105045043e-01
3.347801232134186011e-01
3.358571331699004014e-01
3.369619593113357126e-01
3.380872385299432681e-01
3.391994277791604007e-01
3.403214345054202394e-01
3.414491680932882911e-01
3.425769016811557321e-01
3.437095440075447761e-01
3.448511856878894166e-01
3.459862823835389567e-01
3.471082891097988510e-01
3.482082065127132253e-01
3.493220320081044661e-01
3.504235856571923935e-01
3.515046862291084095e-01
3.526111486167176623e-01
3.537446090661937603e-01
3.548985225928416587e-01
3.560139843344065080e-01
3.571269917067109723e-01
3.582440896944492081e-01
3.593497339589716844e-01
3.604431063771912358e-01
3.615094807335434979e-01
3.626208518596737429e-01
3.637134061548059072e-01
3.648215047885889351e-01
3.659492383764568757e-01
3.670262483329387870e-01
3.681024401663339773e-01
3.691639057841649141e-01
3.701967370939552859e-01
3.712582027117864447e-01
3.723286676835734221e-01
3.733901333014047474e-01
3.744655070117129947e-01
3.755245182602834353e-01
3.765778026472457185e-01
3.776147245724710277e-01
3.786532827438701121e-01
3.796779328227921080e-01
3.806796754552819184e-01
3.816830543339451154e-01
3.826839788433476497e-01
3.836546327985361771e-01
3.846244686306377059e-01
3.856204844015193589e-01
3.865706852795360304e-01
3.874947062187729663e-01
3.883695743229499953e-01
