3.178269192036574375e-02
2.810168444600464124e-02
2.579089260908942402e-02
2.411605760670124804e-02
2.266869532147926941e-02
2.140314190749556533e-02
2.029856141905922798e-02
1.933435309353846027e-02
1.845861831959958593e-02
1.765235614921030483e-02
1.690226842602563645e-02
1.620254911311959714e-02
1.555013553228367859e-02
1.493758815333216285e-02
1.436304830167976429e-02
1.382059473453008634e-02
1.330686260696860822e-02
1.281944099354436102e-02
1.235522446137712026e-02
1.191267257987295436e-02
1.148955369016028787e-02
1.108680122778878292e-02
1.070479890176543464e-02
1.034036878946312590e-02
9.992163626927973163e-03
9.661400061069099973e-03
9.347044470934637306e-03
9.047189223049853513e-03
8.761561642936809002e-03
8.488049947851196084e-03
8.225769852849196609e-03
7.974070048374604439e-03
7.731705980067678230e-03
7.498181555553149955e-03
7.273595369958520303e-03
7.057524258826257217e-03
6.849886050497496284e-03
6.649618457508351017e-03
6.457128369823899282e-03
6.271913330073966911e-03
6.093873648839320464e-03
5.922345054342971829e-03
5.757366228721958780e-03
5.598691696232403585e-03
5.445948954068123050e-03
5.298778365942924916e-03
5.156978784192757168e-03
5.020337011650474572e-03
4.888720263256424517e-03
4.761947647162599433e-03
4.639600986075050407e-03
4.521761527521274936e-03
4.407883767197314819e-03
4.298050353590818391e-03
4.192260893177758053e-03
4.090131995069357096e-03
3.991342017944669342e-03
3.896233561475434971e-03
3.804570546779865916e-03
3.716092090783947033e-03
3.630491479054343950e-03
3.547955694743154705e-03
3.468335367703420571e-03
3.391535357590758862e-03
3.317456977947230452e-03
3.245642747051254596e-03
3.176285835550470438e-03
3.109150015995250458e-03
3.044067019748293839e-03
2.981152350775973740e-03
2.920185599956346377e-03
2.861041179002996385e-03
2.803755217384080144e-03
2.748340116780970902e-03
2.694847715228601819e-03
2.643135273416764072e-03
2.593265491791590938e-03
2.545480086017361341e-03
2.499570402314865887e-03
2.455321107461553437e-03
2.412695897963856775e-03
2.371563497562750693e-03
2.331950556232315584e-03
2.293720788207650584e-03
2.256849028735362188e-03
2.221400035320413371e-03
2.187444161587987976e-03
2.154825667191813052e-03
2.123594904964397605e-03
2.093659907656883132e-03
2.064873520240571598e-03
2.037226869852348625e-03
2.010768052457785962e-03
1.985206929826301234e-03
1.960691173176487556e-03
1.937090419125878571e-03
1.914479342800085807e-03
1.892775996785580695e-03
1.871849670546983689e-03
1.851751337511823182e-03
1.832436252082021927e-03
1.813800288384366912e-03
1.795850149447006947e-03
1.778540753782914020e-03
1.761770554734182594e-03
1.745685681576289623e-03
1.730118740318869466e-03
1.715051846329996091e-03
1.700468874173636158e-03
1.686385599688246858e-03
1.672604331678580929e-03
1.659276724471896213e-03
1.646342513294478394e-03
1.633726203905880954e-03
1.621522871922541787e-03
1.609642554321497228e-03
1.598095108847498837e-03
1.586885335605190675e-03
1.575923016027456179e-03
1.565191650748921828e-03
1.554721459233508437e-03
1.544365002910414982e-03
1.534293934103293138e-03
1.524393268335149211e-03
1.514707966854046380e-03
1.505239168763749733e-03
1.495877855617086570e-03
1.486772644403017629e-03
1.477636637382775302e-03
1.468754301600352181e-03
1.459998233776486779e-03
1.451393130558418934e-03
1.442981408474284426e-03
1.434710486994707646e-03
1.426455509369866899e-03
1.418379073442105256e-03
1.410468412330975795e-03
1.402619768772655475e-03
1.394935252617225457e-03
1.387141622114337197e-03
1.379547867377519700e-03
1.372024538094882137e-03
1.364703339775510341e-03
1.357501615187695380e-03
1.350403267521518630e-03
1.343354592693033053e-03
1.336426817968089029e-03
1.329589641874398846e-03
1.322806453094296612e-03
1.316062107553754319e-03
1.309491494208432942e-03
1.302995411584592297e-03
1.296554318451385813e-03
1.290174235575168799e-03
1.283893144392706485e-03
1.277705434564021776e-03
1.271585409169214125e-03
1.265441548858256115e-03
1.259400879267565153e-03
1.253417676563520645e-03
1.247510501857747051e-03
1.241661279082115080e-03
1.235911224473516291e-03
1.230050016820256669e-03
1.224386048182586660e-03
1.218817533762889434e-03
1.213208105595184414e-03
1.207698691610454775e-03
1.202254514048251921e-03
1.196881416811177270e-03
1.191564665026506511e-03
1.186290374446375166e-03
1.181047810701196452e-03
1.175886342873056238e-03
1.170761288669838448e-03
1.165649128972615295e-03
1.160577968830209510e-03
1.155537585156122225e-03
1.150552681868284707e-03
1.145519307279871694e-03
1.140624726542116421e-03
1.135754138183791336e-03
1.130955744315056315e-03
1.126176569650223476e-03
1.121482398711446705e-03
1.116780761628281002e-03
1.112063902586832688e-03
1.107410295990680612e-03
1.102816655621250601e-03
1.098192218990635309e-03
1.093664206343569452e-03
1.089143176493100182e-03
1.084695713767760061e-03
1.080295110466312960e-03
1.075900276034752641e-03
1.071570156665570045e-03
1.067232029959404738e-03
1.062911318943247181e-03
1.058644866243341892e-03
1.054291474084715881e-03
1.050058796871724837e-03
1.045848323049277696e-03
1.041540768742982986e-03
1.037373505760914990e-03
1.033217091923072355e-03
1.029123259672212612e-03
1.025001165546483850e-03
1.020938078615229007e-03
1.016919765283513452e-03
1.012940514381661765e-03
1.008963563041997231e-03
1.005023750307622093e-03
1.001142311158431707e-03
9.972552292437401530e-04
9.934182760118817884e-04
9.896012173011511405e-04
9.858339850364907214e-04
9.820618344687575500e-04
9.782717451301133852e-04
9.745632153872051551e-04
9.708532143699499968e-04
9.671799159464831335e-04
9.635395497457474243e-04
9.599295473441567510e-04
9.563693158132413261e-04
9.528324766527662215e-04
9.493302080543287221e-04
9.458394353279430409e-04
9.423811532998827185e-04
9.389483004643387355e-04
9.355225463631995208e-04
9.321253889291554939e-04
9.287358284463166245e-04
9.253824341115781575e-04
9.220306267452969438e-04
9.187106655883541710e-04
9.154249798762935722e-04
9.121337786320414141e-04
9.088851273776313473e-04
9.056488460867103503e-04
9.024513515253144687e-04
8.992651483809164983e-04
8.960982840470548775e-04
8.929410126517689159e-04
8.898198724977011758e-04
8.867080239646375067e-04
8.836248718688184157e-04
8.805487947710504987e-04
8.775132165869420787e-04
8.744846304485998176e-04
8.714820499722279908e-04
8.685134426309532767e-04
8.655657791012817508e-04
8.626438560762734152e-04
8.597315898752613469e-04
8.568617572322927058e-04
8.540078108661393677e-04
8.511634143498048423e-04
8.483378525207202567e-04
8.455383693954047347e-04
8.427576032277744487e-04
8.399570934896006180e-04
8.372139475479567191e-04
8.344966394317730480e-04
8.317758414756546564e-04
8.290711766561764673e-04
8.264091285235736824e-04
8.237654483153106135e-04
8.211417819986334410e-04
8.185148696444058619e-04
8.159136988242013389e-04
8.132627689732199868e-04
8.106568807062750374e-04
8.081282906915306053e-04
8.056045340316212453e-04
8.031145587846448119e-04
8.006213105373731096e-04
7.981718177671314352e-04
7.957361506781403335e-04
7.933258141318797483e-04
7.909083527405681973e-04
7.885296028428770160e-04
7.861125017357971671e-04
7.837688305018314849e-04
7.811332220422622253e-04
7.788052772891474081e-04
7.765129643516313542e-04
7.742375229186823074e-04
7.719894162705264557e-04
7.697604090152382122e-04
7.675341489820032212e-04
7.653267136051406742e-04
7.631673925784379989e-04
7.610400525049570248e-04
7.589315890593943768e-04
7.565406804709481339e-04
7.544549482477548369e-04
7.524003069150867352e-04
7.503866812501722898e-04
7.483883411763962755e-04
7.463886221458917265e-04
7.444409257645208909e-04
7.425100526820411747e-04
7.406022217694006220e-04
7.387215121867758650e-04
7.368723619989007599e-04
7.350439126245283603e-04
7.332239474223823782e-04
7.314455400375911983e-04
7.296620931608985457e-04
7.279355249699276387e-04
7.262361382282410318e-04
7.245600922311066106e-04
7.229084847260178670e-04
7.212699747188615817e-04
7.195639823668103976e-04
7.179725522291395762e-04
7.163543860073010939e-04
7.147973724890169332e-04
7.132294567027572208e-04
7.117250944319071385e-04
7.102012337178940362e-04
7.086784014903587748e-04
7.072317328182100909e-04
7.057807721856440217e-04
7.043666964283022865e-04
7.029762416193410845e-04
7.015995246323398658e-04
7.002500065718034574e-04
6.989123434980966040e-04
6.975855265030894139e-04
6.962389865239147074e-04
6.949193963647250097e-04
6.936558484573451247e-04
6.924084213337570971e-04
6.911619105459480264e-04
6.899404135214555738e-04
6.887062234791915078e-04
6.875063972415863594e-04
6.863440817160076316e-04
6.852101319459681563e-04
6.841030464272417500e-04
6.830013978568382155e-04
6.818973775694480311e-04
6.808422690699336222e-04
6.798089069032082999e-04
6.787928593089613376e-04
6.777566533902501696e-04
6.767734330626384636e-04
6.757697005640268210e-04
6.748077426497053281e-04
6.738826499344123836e-04
6.729600527630470860e-04
6.716563624461806747e-04
6.707519395796565122e-04
6.698869622252240493e-04
6.690199713140208317e-04
6.681925452741200883e-04
6.673845568314017672e-04
6.665334315502256454e-04
6.657197760143895209e-04
6.649491196910556432e-04
6.642028127120393980e-04
6.634807619621808884e-04
6.627540450969163178e-04
6.620606329787911406e-04
6.613488421073866145e-04
6.606337718517245588e-04
6.599000657039745359e-04
6.592685676768142650e-04
6.586322484552559675e-04
6.580132850548821950e-04
6.574282090821569101e-04
6.568301322604772671e-04
6.562746123656974144e-04
6.557190931850672214e-04
6.551975453243579850e-04
6.546933392574293608e-04
6.541864393815044476e-04
6.536800437924316113e-04
6.531542267336438784e-04
6.526832847756483058e-04
6.522317753811841421e-04
6.517695016599060667e-04
6.513447689043870906e-04
6.509439671727460441e-04
6.505299176551416042e-04
6.501534129270991917e-04
6.497903171094599178e-04
6.494063528621737752e-04
6.490630950722749929e-04
6.486903208753093397e-04
6.483622787939814823e-04
6.480482796813847408e-04
6.477139438019180852e-04
6.473739706251618658e-04
6.470623132765758023e-04
6.467811615402756491e-04
6.465044455691475525e-04
6.462436800899353352e-04
6.459808994416530933e-04
6.457394731993366943e-04
6.454906821729316157e-04
6.452673271375612219e-04
6.450251257316485338e-04
6.448166838230075379e-04
6.445962986319909820e-04
6.443747662032389516e-04
6.441003747387324388e-04
6.439088428314304093e-04
6.437072722204390971e-04
6.435086379777554691e-04
6.433409595570122475e-04
6.431847951770912602e-04
6.430288652905944086e-04
6.428589989635429122e-04
6.427178970922970466e-04
6.425509814152605614e-04
6.424253464331014605e-04
6.422998585957701489e-04
6.421841826431273640e-04
6.420713995561438394e-04
6.419618922036477967e-04
6.418591261536180917e-04
6.417638057068525284e-04
6.415993812778178788e-04
6.414913626203789295e-04
6.413983691455703946e-04
6.413184135856922659e-04
6.412010624308014028e-04
6.411209954829336219e-04
6.410427559095729791e-04
6.409658784875187998e-04
6.408981360617778270e-04
6.408281415567199839e-04
6.407688709390322668e-04
6.407119048173318164e-04
6.406142483062138770e-04
6.405575582099294922e-04
6.405080514745685591e-04
6.404607329085176522e-04
6.404151160686420837e-04
6.403713349911190848e-04
6.403166134478850864e-04
6.402776152848374796e-04
6.402466995964384202e-04
6.402156134909276234e-04
6.401600891433063129e-04
6.401280102970678936e-04
6.401035088651732454e-04
6.400776520475464542e-04
6.400203683004089842e-04
6.399951541732796937e-04
6.399779747301013360e-04
6.399584561328992881e-04
6.399409519430988673e-04
6.399282894827687052e-04
6.399153949955110323e-04
6.399053580237319379e-04
6.399039068058158097e-04
6.399024632542187584e-04
6.399023640358168178e-04
6.398973797657354088e-04
6.398908906058675379e-04
6.398782489590510488e-04
6.398748357710647887e-04
6.398625336192249186e-04
6.398604817724929013e-04
6.398594618368723484e-04
6.398527164710503473e-04
6.398488009158336985e-04
6.398455322362601614e-04
6.398403984580485924e-04
6.398350275230975728e-04
6.398221234141036580e-04
6.398190685471685053e-04
6.398159604590129531e-04
6.398111234686751749e-04
6.398086268427063874e-04
6.398072021186425101e-04
6.398045232333037999e-04
6.397961825111845354e-04
6.397848978170877230e-04
6.397726878650029534e-04
6.397562772462044066e-04
6.397400004489348048e-04
6.397292216198419579e-04
6.396934539328185147e-04
6.396744361366286718e-04
6.396483781258255038e-04
6.396424088749971728e-04
6.396245820147283909e-04
6.395887742689501318e-04
6.395453922982192356e-04
6.394895353725291078e-04
6.393819239945696146e-04
6.390535873849983832e-04
6.390378477793621885e-04
6.390796089355969042e-04
6.393342168768688686e-04
6.415104237151973438e-04
