8.229471650113440596e-06
8.311766366614594314e-04
1.654123801672807747e-03
2.477070966684155953e-03
3.300018131695504377e-03
4.122965296706852800e-03
4.945912461718200356e-03
5.768859626729549647e-03
6.591806791740897203e-03
7.414753956752209198e-03
8.237701121763479559e-03
9.060648286774749052e-03
9.883595451786020281e-03
1.070654261679729151e-02
1.152948978180856100e-02
1.235243694681983223e-02
1.317538411183110172e-02
1.399833127684237295e-02
1.482127844185378990e-02
1.564422560686521552e-02
1.646717277187664114e-02
1.729011993688806675e-02
1.811306710189949237e-02
1.893601426691092146e-02
1.975896143192234708e-02
2.058190859693377617e-02
2.140485576194519832e-02
2.222780292695662741e-02
2.305075009196805302e-02
2.387369725697947864e-02
2.469664442199090426e-02
2.551959158700232988e-02
2.634253875201376244e-02
2.716548591702518806e-02
2.798843308203661021e-02
2.881138024704776868e-02
2.963432741205888551e-02
3.045727457706999888e-02
3.128022174208110878e-02
3.210316890709222909e-02
3.292611607210334246e-02
3.374906323711445583e-02
3.457201040212556920e-02
3.539495756713668256e-02
3.621790473214779593e-02
3.704085189715890930e-02
3.786379906217002961e-02
3.868674622718114298e-02
3.950969339219225634e-02
4.033264055720336971e-02
4.115558772221448308e-02
4.197853488722559645e-02
4.280148205223670982e-02
4.362442921724783013e-02
4.444737638225894349e-02
4.527032354727005686e-02
4.609327071228117023e-02
4.691621787729229054e-02
4.773916504230339697e-02
4.856211220731451728e-02
4.938505937232562371e-02
5.020800653733674401e-02
5.103095370234785738e-02
5.185390086735896381e-02
5.267684803237008412e-02
5.349979519738120443e-02
5.432274236239231086e-02
5.514568952740343116e-02
5.596863669241454453e-02
5.679158385742566484e-02
5.761453102243677821e-02
5.843747818744789158e-02
5.926042535245900494e-02
6.008337251747012525e-02
6.090631968248123168e-02
6.172926684749235199e-02
6.255221401250346536e-02
6.337516117751457179e-02
6.419810834252569209e-02
6.502105550753679852e-02
6.584400267254791883e-02
6.666694983755903914e-02
6.748989700257014557e-02
6.831284416758126588e-02
6.913579133259238618e-02
6.995873849760349261e-02
7.078168566261461292e-02
7.160463282762571935e-02
7.242757999263683966e-02
7.325052715764794609e-02
7.407347432265906639e-02
7.489642148767017282e-02
7.571936865268129313e-02
7.654231581769241344e-02
7.736526298270351987e-02
7.818821014771464017e-02
7.901115731272576048e-02
7.983410447773686691e-02
8.065705164274798722e-02
8.147999880775909365e-02
8.229471650112009373e-02
