1.435852082547713505e-03
1.194241498917940781e-03
1.013706549437156431e-03
8.689920649532802393e-04
7.511541355769365842e-04
6.502402001630749797e-04
5.632277993181145385e-04
4.878262226109188085e-04
4.224369131390369242e-04
3.651833658326829302e-04
3.144778919053991097e-04
2.697726358825615497e-04
2.303728379813582770e-04
1.958307446373792643e-04
1.655948037532819486e-04
1.390775521677184326e-04
1.158906607849161541e-04
9.566757292774888052e-05
7.816500652551597544e-05
6.320397790595906130e-05
5.055705494834564158e-05
3.999986880911755242e-05
3.136720783518577452e-05
2.446017350182578379e-05
1.911365160477146728e-05
1.507991529478412892e-05
1.201869049101349507e-05
9.627927576967320781e-06
7.772156817955145952e-06
6.285427105149547434e-06
5.107496270733553439e-06
4.200534409675415225e-06
3.481619159946664335e-06
2.917052978481696931e-06
2.481058051931119424e-06
2.148489371859436406e-06
1.883619181641057267e-06
1.678924290559690095e-06
1.518765947372741297e-06
1.393636274861698225e-06
1.286834481484343119e-06
1.196697198873403322e-06
1.126541942181888922e-06
1.076638443321848381e-06
1.035956028563456121e-06
9.904164749853052707e-07
9.567383742992776587e-07
9.335187819402132245e-07
9.152287169313186792e-07
9.053967288676232960e-07
9.006894161584731408e-07
8.981224826869451513e-07
8.917881572506790881e-07
8.815009072726994582e-07
8.807849014263744358e-07
8.798374593836143030e-07
8.736583341394662455e-07
8.641615667828059791e-07
8.628704767850256650e-07
8.621546307770065508e-07
8.603803965932868499e-07
8.594477860963647138e-07
8.584316592913159924e-07
8.581906073309764454e-07
8.573008736211584009e-07
8.521647197377404921e-07
8.508264009527285970e-07
8.503594372193457148e-07
8.487856229622653936e-07
8.468649622640994213e-07
8.454054212559567972e-07
8.446913590016125738e-07
8.431930552680360980e-07
8.397953577083000494e-07
8.369724265023978152e-07
8.366348025689565803e-07
8.353943861769229944e-07
8.347055636435658790e-07
8.311963742105974382e-07
8.285034214949233720e-07
8.235955220911853186e-07
8.154326405997431453e-07
8.133704858472216198e-07
8.108743846553761544e-07
8.072747270915847987e-07
8.025143956868238243e-07
7.942169456872610495e-07
7.924799870477316488e-07
7.895597454020925872e-07
7.866442814192892761e-07
7.833668278198134745e-07
7.804710875999116399e-07
7.768585790675585172e-07
7.728236905455349572e-07
7.709658293033986634e-07
7.702410437364881252e-07
7.694758066989910817e-07
7.701556115643114245e-07
7.756341738526061208e-07
7.876901933074387541e-07
8.111419611597436533e-07
