8.229471650113440596e-06
3.291788660045374612e-04
6.501282603589627219e-04
9.710776547133886331e-04
1.292027049067814544e-03
1.612976443422240455e-03
1.933925837776666150e-03
2.254875232131091627e-03
2.575824626485517539e-03
2.896774020839943450e-03
3.217723415194369361e-03
3.538672809548794838e-03
3.859622203903220750e-03
4.180571598257646661e-03
4.501520992612072572e-03
4.822470386966498483e-03
5.143419781320924394e-03
5.464369175675350306e-03
5.785318570029776217e-03
6.106267964384202128e-03
6.427217358738628039e-03
6.748166753093053950e-03
7.069116147447475525e-03
7.390065541801871946e-03
7.711014936156266632e-03
8.031964330510661318e-03
8.352913724865056871e-03
8.673863119219452425e-03
8.994812513573847979e-03
9.315761907928243532e-03
9.636711302282639086e-03
9.957660696637034639e-03
1.027861009099143019e-02
1.059955948534582575e-02
1.092050887970022130e-02
1.124145827405461685e-02
1.156240766840901067e-02
1.188335706276340623e-02
1.220430645711780178e-02
1.252525585147219907e-02
1.284620524582659462e-02
1.316715464018099017e-02
1.348810403453538399e-02
1.380905342888977955e-02
1.413000282324419245e-02
1.445095221759864698e-02
1.477190161195310325e-02
1.509285100630755952e-02
1.541380040066201579e-02
1.573474979501647206e-02
1.605569918937092833e-02
1.637664858372538459e-02
1.669759797807984086e-02
1.701854737243429713e-02
1.733949676678875340e-02
1.766044616114320967e-02
1.798139555549766594e-02
1.830234494985212221e-02
1.862329434420657848e-02
1.894424373856103475e-02
1.926519313291549448e-02
1.958614252726994728e-02
1.990709192162440355e-02
2.022804131597885982e-02
2.054899071033331609e-02
2.086994010468777583e-02
2.119088949904222863e-02
2.147892100679622829e-02
2.179987040115068456e-02
2.212081979550514083e-02
2.244176918985959709e-02
2.276271858421405336e-02
2.282032488576485676e-02
2.314127428011930609e-02
2.346222367447376583e-02
2.378317306882822210e-02
2.410412246318267837e-02
2.416172876473347830e-02
2.448267815908793457e-02
2.480362755344239084e-02
2.512457694779685058e-02
2.544552634215130685e-02
2.576647573650576312e-02
2.579116415145609950e-02
2.611211354581055924e-02
2.643306294016501551e-02
2.675401233451947178e-02
2.707496172887392805e-02
2.714902697372495802e-02
2.746997636807941429e-02
2.779092576243387056e-02
2.811187515678832335e-02
2.843282455114265819e-02
2.840813613619232181e-02
2.872908553054665665e-02
2.905003492490099495e-02
2.937098431925532979e-02
2.969193371360966116e-02
2.983183473166154884e-02
3.015278412601588368e-02
3.047373352037022198e-02
3.079468291472455682e-02
3.111563230907888819e-02
3.130491015703144170e-02
3.162585955138577654e-02
3.194680894574011831e-02
3.226775834009445315e-02
3.258870773444878105e-02
3.287673924220267663e-02
3.319768863655700453e-02
3.351863803091133936e-02
3.383958742526568114e-02
3.416053681962001598e-02
3.446502727067412425e-02
3.478597666502845909e-02
3.510692605938279393e-02
3.542787545373712876e-02
3.574882484809146360e-02
3.605331529914557881e-02
3.637426469349990671e-02
3.669521408785424155e-02
3.701616348220857639e-02
3.733711287656291816e-02
3.765806227091724606e-02
3.796255272197136127e-02
3.828350211632569611e-02
3.860445151068003095e-02
3.892540090503436578e-02
3.924635029938870062e-02
3.930395660093947974e-02
3.962490599529381458e-02
3.994585538964814941e-02
4.026680478400247731e-02
4.058775417835681215e-02
4.008575640770003362e-02
4.040670580205436846e-02
4.072765519640871024e-02
4.104860459076303814e-02
4.136955398511737297e-02
4.085109727116036787e-02
4.117204666551470965e-02
4.149299605986904449e-02
4.181394545422337933e-02
4.213489484857770723e-02
4.159997919132048944e-02
4.192092858567481733e-02
4.224187798002915217e-02
4.256282737438348701e-02
4.288377676873782879e-02
4.218427167847838000e-02
4.250522107283270790e-02
4.282617046718704273e-02
4.314711986154138451e-02
4.346806925589571241e-02
4.294961254193871425e-02
4.327056193629304909e-02
4.359151133064737699e-02
4.391246072500171876e-02
4.423341011935604666e-02
4.330347982289348835e-02
4.362442921724783013e-02
4.394537861160216496e-02
4.426632800595649286e-02
4.458727740031083464e-02
4.490822679466516254e-02
4.420872170440572069e-02
4.452967109876005553e-02
4.485062049311439036e-02
4.517156988746871826e-02
4.549251928182306004e-02
4.464488370186160682e-02
4.496583309621594166e-02
4.528678249057028343e-02
4.560773188492461133e-02
4.592868127927895311e-02
4.509750464261771952e-02
4.541845403697205436e-02
4.573940343132639613e-02
4.606035282568072403e-02
4.638130222003505887e-02
4.541845403697205436e-02
4.573940343132639613e-02
4.606035282568072403e-02
4.638130222003505887e-02
4.670225161438939371e-02
4.582169814782750122e-02
4.614264754218183606e-02
4.646359693653617090e-02
4.678454633089050574e-02
4.710549572524484752e-02
4.619202437208250883e-02
4.651297376643683673e-02
4.683392316079117157e-02
4.715487255514551335e-02
4.747582194949984125e-02
4.641422010663549813e-02
4.673516950098983991e-02
4.705611889534417475e-02
4.737706828969850958e-02
4.769801768405284442e-02
4.685038210409139120e-02
4.717133149844573298e-02
4.749228089280006088e-02
4.781323028715439571e-02
4.813417968150873749e-02
4.845512907586306539e-02
4.747582194949984125e-02
4.779677134385418302e-02
4.811772073820851092e-02
4.843867013256284576e-02
4.875961952691718754e-02
4.750051036445017416e-02
4.782145975880451594e-02
4.814240915315884384e-02
4.846335854751317868e-02
4.878430794186752045e-02
4.770624715570295771e-02
4.802719655005728561e-02
4.834814594441162738e-02
4.866909533876595528e-02
4.899004473312029706e-02
4.786260711705506848e-02
4.818355651140940332e-02
4.850450590576373122e-02
4.882545530011807300e-02
4.914640469447240090e-02
4.834814594441162738e-02
4.866909533876595528e-02
4.899004473312029706e-02
4.931099412747463190e-02
4.963194352182895980e-02
4.861971850886528945e-02
4.894066790321962429e-02
4.926161729757396607e-02
4.958256669192829397e-02
4.990351608628262881e-02
4.900650367642050975e-02
4.932745307077485153e-02
4.964840246512917943e-02
4.996935185948352121e-02
5.029030125383785604e-02
5.061125064819218394e-02
4.950027197542718888e-02
4.982122136978151677e-02
5.014217076413585161e-02
5.046312015849018645e-02
5.078406955284452129e-02
4.970600876667995854e-02
5.002695816103430032e-02
5.034790755538862822e-02
5.066885694974297000e-02
5.098980634409729790e-02
4.996112238783340098e-02
5.028207178218774276e-02
5.060302117654207760e-02
5.092397057089641244e-02
5.124491996525074727e-02
5.003518763268440667e-02
5.035613702703874150e-02
5.067708642139308328e-02
5.099803581574741118e-02
5.131898521010174602e-02
5.043843174353984660e-02
5.075938113789418837e-02
5.108033053224852321e-02
5.140127992660285805e-02
5.172222932095719289e-02
5.062770959149241745e-02
5.094865898584674535e-02
5.126960838020108019e-02
5.159055777455540809e-02
5.191150716890974987e-02
5.080052849614474092e-02
5.112147789049908270e-02
5.144242728485341754e-02
5.176337667920774543e-02
5.208432607356208721e-02
5.102272423069774410e-02
5.134367362505208587e-02
5.166462301940641377e-02
5.198557241376074861e-02
5.230652180811509039e-02
5.262747120246941829e-02
5.151649252970440934e-02
5.183744192405875112e-02
5.215839131841308596e-02
5.247934071276741386e-02
5.280029010712175563e-02
5.150826305805430300e-02
5.182921245240863090e-02
5.215016184676297267e-02
5.247111124111730751e-02
5.279206063547164235e-02
5.191150716890974987e-02
5.223245656326408470e-02
5.255340595761841954e-02
5.287435535197275438e-02
5.319530474632708228e-02
5.219953867666363850e-02
5.252048807101798028e-02
5.284143746537230818e-02
5.316238685972664302e-02
5.348333625408097092e-02
5.232298075141531002e-02
5.264393014576963792e-02
5.296487954012397276e-02
5.328582893447831453e-02
5.360677832883264243e-02
5.234766916636564293e-02
5.266861856071997083e-02
5.298956795507430567e-02
5.331051734942864745e-02
5.363146674378297535e-02
5.252048807101798028e-02
5.284143746537230818e-02
5.316238685972664302e-02
5.348333625408097092e-02
5.380428564843531269e-02
5.270976591897053032e-02
5.303071531332486516e-02
5.335166470767919999e-02
5.367261410203352789e-02
5.399356349638786967e-02
5.431451289074220451e-02
5.328582893447831453e-02
5.360677832883264243e-02
5.392772772318697727e-02
5.424867711754131211e-02
5.456962651189564695e-02
5.354094255563175697e-02
5.386189194998609181e-02
5.418284134434041971e-02
5.450379073869476149e-02
5.482474013304908939e-02
5.379605617678519941e-02
5.411700557113953425e-02
5.443795496549387603e-02
5.475890435984820392e-02
5.507985375420253876e-02
5.405116979793864879e-02
5.437211919229297669e-02
5.469306858664731846e-02
5.501401798100165330e-02
5.533496737535598120e-02
5.428982447579187159e-02
5.461077387014619949e-02
5.493172326450054127e-02
5.525267265885487611e-02
5.557362205320920401e-02
5.452847915364509440e-02
5.484942854799942230e-02
5.517037794235376408e-02
5.549132733670809892e-02
5.581227673106242682e-02
5.478359277479853684e-02
5.510454216915287862e-02
5.542549156350720652e-02
5.574644095786154135e-02
5.606739035221588313e-02
5.513746005575331094e-02
5.545840945010765272e-02
5.577935884446198755e-02
5.610030823881632239e-02
5.642125763317065723e-02
5.674220702752499901e-02
5.574644095786154135e-02
5.606739035221588313e-02
5.638833974657021797e-02
5.670928914092454587e-02
5.703023853527888765e-02
5.596863669241454453e-02
5.628958608676888631e-02
5.661053548112322115e-02
5.693148487547754905e-02
5.725243426983189082e-02
5.602624299396531671e-02
5.634719238831966542e-02
5.666814178267399332e-02
5.698909117702833510e-02
5.731004057138266300e-02
5.613322612541676859e-02
5.645417551977110343e-02
5.677512491412544521e-02
5.709607430847977311e-02
5.741702370283411488e-02
5.633896291666955214e-02
5.665991231102388004e-02
5.698086170537822182e-02
5.730181109973255665e-02
5.762276049408688455e-02
5.654469970792232875e-02
5.686564910227666358e-02
5.718659849663099148e-02
5.750754789098533326e-02
5.782849728533966810e-02
5.663522389607354712e-02
5.695617329042788196e-02
5.727712268478222374e-02
5.759807207913655164e-02
5.791902147349089341e-02
5.685741963062655030e-02
5.717836902498089208e-02
5.749931841933521998e-02
5.782026781368955481e-02
5.814121720804389659e-02
5.846216660239822449e-02
5.733472898633299591e-02
5.765567838068733769e-02
5.797662777504167253e-02
5.829757716939600043e-02
5.861852656375034221e-02
5.754046577758577946e-02
5.786141517194010736e-02
5.818236456629444914e-02
5.850331396064878398e-02
5.882426335500311187e-02
5.791079200184077319e-02
5.823174139619511497e-02
5.855269079054944287e-02
5.887364018490378464e-02
5.919458957925811948e-02
5.801777513329222508e-02
5.833872452764655298e-02
5.865967392200089475e-02
5.898062331635522959e-02
5.930157271070955749e-02
5.807538143484299725e-02
5.839633082919733903e-02
5.871728022355167387e-02
5.903822961790600177e-02
5.935917901226034354e-02
5.819882350959466877e-02
5.851977290394900361e-02
5.884072229830333151e-02
5.916167169265767328e-02
5.948262108701200812e-02
5.838810135754721881e-02
5.870905075190156058e-02
5.903000014625589542e-02
5.935094954061023026e-02
5.967189893496456510e-02
5.999284832931889300e-02
5.886541071325366442e-02
5.918636010760800620e-02
5.950730950196234104e-02
5.982825889631667587e-02
6.014920829067101071e-02
5.910406539110688723e-02
5.942501478546122901e-02
5.974596417981556384e-02
6.006691357416989868e-02
6.038786296852423352e-02
5.919458957925811948e-02
5.951553897361244738e-02
5.983648836796678916e-02
6.015743776232111706e-02
6.047838715667545190e-02
5.941678531381111572e-02
5.973773470816545056e-02
6.005868410251979234e-02
6.037963349687412024e-02
6.070058289122845507e-02
5.949085055866211447e-02
5.981179995301645624e-02
6.013274934737079108e-02
6.045369874172511898e-02
6.077464813607946076e-02
5.966366946331445181e-02
5.998461885766878665e-02
6.030556825202312149e-02
6.062651764637745633e-02
6.094746704073179810e-02
5.991878308446789425e-02
6.023973247882222909e-02
6.056068187317657087e-02
6.088163126753089877e-02
6.120258066188524054e-02
6.009160198912023160e-02
6.041255138347456644e-02
6.073350077782889433e-02
6.105445017218323611e-02
6.137539956653757095e-02
6.169634896089190579e-02
6.071704183452867470e-02
6.103799122888301648e-02
6.135894062323734438e-02
6.167989001759168616e-02
6.200083941194602100e-02
6.090631968248123168e-02
6.122726907683557346e-02
6.154821847118990136e-02
6.186916786554423620e-02
6.219011725989857797e-02
6.101330281393268357e-02
6.133425220828701147e-02
6.165520160264134630e-02
6.197615099699568808e-02
6.229710039135001598e-02
6.126841643508612600e-02
6.158936582944046084e-02
6.191031522379478874e-02
6.223126461814913052e-02
6.255221401250346536e-02
6.150707111293934881e-02
6.182802050729368365e-02
6.214896990164801155e-02
6.246991929600235333e-02
6.279086869035668816e-02
6.159759530109056719e-02
6.191854469544490897e-02
6.223949408979924380e-02
6.256044348415357170e-02
6.288139287850791348e-02
6.177041420574290453e-02
6.209136360009723937e-02
6.241231299445157421e-02
6.273326238880591599e-02
6.305421178316024389e-02
6.189385628049456911e-02
6.221480567484891089e-02
6.253575506920323879e-02
6.285670446355758056e-02
6.317765385791190846e-02
6.349860325226625024e-02
6.228887091969990963e-02
6.260982031405423753e-02
6.293076970840857931e-02
6.325171910276290721e-02
6.357266849711724899e-02
6.256044348415357170e-02
6.288139287850791348e-02
6.320234227286224138e-02
6.352329166721658316e-02
6.384424106157091106e-02
6.274972133210612868e-02
6.307067072646047046e-02
6.339162012081479836e-02
6.371256951516914013e-02
6.403351890952346803e-02
6.300483495325957806e-02
6.332578434761390596e-02
6.364673374196824773e-02
6.396768313632257563e-02
6.428863253067691741e-02
6.311181808471101606e-02
6.343276747906535784e-02
6.375371687341968574e-02
6.407466626777402752e-02
6.439561566212836929e-02
6.335047276256423887e-02
6.367142215691858065e-02
6.399237155127290855e-02
6.431332094562725032e-02
6.463427033998159210e-02
6.347391483731591733e-02
6.379486423167024522e-02
6.411581362602457312e-02
6.443676302037891490e-02
6.475771241473324280e-02
6.377840528837001866e-02
6.409935468272436043e-02
6.442030407707870221e-02
6.474125347143303011e-02
6.506220286578735801e-02
6.538315226014169979e-02
6.435446830387779593e-02
6.467541769823213771e-02
6.499636709258646561e-02
6.531731648694080739e-02
6.563826588129514916e-02
6.465895875493192502e-02
6.497990814928625292e-02
6.530085754364058082e-02
6.562180693799492259e-02
6.594275633234925049e-02
6.493053131938558709e-02
6.525148071373991499e-02
6.557243010809424288e-02
6.589337950244858466e-02
6.621432889680292644e-02
6.513626811063837063e-02
6.545721750499269853e-02
6.577816689934702643e-02
6.609911629370136821e-02
6.642006568805569611e-02
6.535846384519136687e-02
6.567941323954569477e-02
6.600036263390003655e-02
6.632131202825436445e-02
6.664226142260870622e-02
6.558065957974436311e-02
6.590160897409870489e-02
6.622255836845303278e-02
6.654350776280737456e-02
6.686445715716170246e-02
6.581931425759758592e-02
6.614026365195192769e-02
6.646121304630625559e-02
6.678216244066059737e-02
6.710311183501492527e-02
6.600859210555014289e-02
6.632954149990448467e-02
6.665049089425881257e-02
6.697144028861314047e-02
6.729238968296748225e-02
6.761333907732181014e-02
6.658465512105792017e-02
6.690560451541226195e-02
6.722655390976658984e-02
6.754750330412093162e-02
6.786845269847525952e-02
6.682330979891114298e-02
6.714425919326548475e-02
6.746520858761981265e-02
6.778615798197415443e-02
6.810710737632848233e-02
6.725947179636704298e-02
6.758042119072137088e-02
6.790137058507569878e-02
6.822231997943004056e-02
6.854326937378436846e-02
6.748166753092003922e-02
6.780261692527436712e-02
6.812356631962870890e-02
6.844451571398305068e-02
6.876546510833737857e-02
6.770386326547303546e-02
6.802481265982737724e-02
6.834576205418170514e-02
6.866671144853604691e-02
6.898766084289037481e-02
6.789314111342560631e-02
6.821409050777993421e-02
6.853503990213426211e-02
6.885598929648859001e-02
6.917693869084293179e-02
6.813179579127882912e-02
6.845274518563315702e-02
6.877369457998748492e-02
6.909464397434181282e-02
6.941559336869615460e-02
6.973654276305049637e-02
6.874077669338704566e-02
6.906172608774137356e-02
6.938267548209571534e-02
6.970362487645004324e-02
7.002457427080438501e-02
6.889713665473916338e-02
6.921808604909349127e-02
6.953903544344781917e-02
6.985998483780216095e-02
7.018093423215648885e-02
6.913579133259238618e-02
6.945674072694671408e-02
6.977769012130104198e-02
7.009863951565538376e-02
7.041958891000971166e-02
6.957195333004827231e-02
6.989290272440260021e-02
7.021385211875694199e-02
7.053480151311126989e-02
7.085575090746561167e-02
6.974477223470060272e-02
7.006572162905494450e-02
7.038667102340927240e-02
7.070762041776360030e-02
7.102856981211794207e-02
7.006572162905494450e-02
7.038667102340927240e-02
7.070762041776360030e-02
7.102856981211794207e-02
7.134951920647226997e-02
7.018916370380660907e-02
7.051011309816093697e-02
7.083106249251527875e-02
7.115201188686960665e-02
7.147296128122394843e-02
7.044427732496004457e-02
7.076522671931438635e-02
7.108617611366871425e-02
7.140712550802305603e-02
7.172807490237739780e-02
7.204902429673172570e-02
7.100388139716760916e-02
7.132483079152193706e-02
7.164578018587627883e-02
7.196672958023062061e-02
7.228767897458494851e-02
7.134128973482216363e-02
7.166223912917649153e-02
7.198318852353083330e-02
7.230413791788516120e-02
7.262508731223950298e-02
7.153056758277472060e-02
7.185151697712904850e-02
7.217246637148339028e-02
7.249341576583773206e-02
7.281436516019205996e-02
7.171984543072727758e-02
7.204079482508160548e-02
7.236174421943594726e-02
7.268269361379028903e-02
7.300364300814461693e-02
7.195850010858050039e-02
7.227944950293484216e-02
7.260039889728917006e-02
7.292134829164351184e-02
7.324229768599783974e-02
7.214777795653305736e-02
7.246872735088739914e-02
7.278967674524172704e-02
7.311062613959606882e-02
7.343157553395039672e-02
7.245226840758717257e-02
7.277321780194150047e-02
7.309416719629582837e-02
7.341511659065017015e-02
7.373606598500451192e-02
7.270738202874062195e-02
7.302833142309494985e-02
7.334928081744929163e-02
7.367023021180361952e-02
7.399117960615794742e-02
7.431212900051228920e-02
7.318469138444706756e-02
7.350564077880139546e-02
7.382659017315573724e-02
7.414753956751006514e-02
7.446848896186439304e-02
7.360439443860272712e-02
7.392534383295706890e-02
7.424629322731139680e-02
7.456724262166573858e-02
7.488819201602006648e-02
7.382659017315573724e-02
7.414753956751006514e-02
7.446848896186439304e-02
7.478943835621873482e-02
7.511038775057306272e-02
7.395003224790740182e-02
7.427098164226172972e-02
7.459193103661607149e-02
7.491288043097039939e-02
7.523382982532472729e-02
7.425452269896150315e-02
7.457547209331584492e-02
7.489642148767017282e-02
7.521737088202451460e-02
7.553832027637884250e-02
7.457547209331584492e-02
7.489642148767017282e-02
7.521737088202451460e-02
7.553832027637884250e-02
7.585926967073318428e-02
7.484704465776950699e-02
7.516799405212384877e-02
7.548894344647819055e-02
7.580989284083251845e-02
7.613084223518684635e-02
7.501986356242185128e-02
7.534081295677617918e-02
7.566176235113050708e-02
7.598271174548484885e-02
7.630366113983919063e-02
7.662461053419351853e-02
7.557946763462940198e-02
7.590041702898372988e-02
7.622136642333807166e-02
7.654231581769241344e-02
7.686326521204674134e-02
7.581812231248262479e-02
7.613907170683695269e-02
7.646002110119129447e-02
7.678097049554563625e-02
7.710191988989996414e-02
7.604031804703563491e-02
7.636126744138996281e-02
7.668221683574430458e-02
7.700316623009863248e-02
7.732411562445296038e-02
7.626251378158863115e-02
7.658346317594295904e-02
7.690441257029728694e-02
7.722536196465162872e-02
7.754631135900597050e-02
7.645179162954118812e-02
7.677274102389551602e-02
7.709369041824985780e-02
7.741463981260418570e-02
7.773558920695852748e-02
7.660815159089329196e-02
7.692910098524763374e-02
7.725005037960196164e-02
7.757099977395630341e-02
7.789194916831063131e-02
7.671513472234474385e-02
7.703608411669907174e-02
7.735703351105341352e-02
7.767798290540774142e-02
7.799893229976208320e-02
7.693733045689774008e-02
7.725827985125208186e-02
7.757922924560640976e-02
7.790017863996075154e-02
7.822112803431507944e-02
7.854207742866942121e-02
7.726650932290218821e-02
7.758745871725652998e-02
7.790840811161085788e-02
7.822935750596518578e-02
7.855030690031952756e-02
7.762037660385696924e-02
7.794132599821129714e-02
7.826227539256563892e-02
7.858322478691996682e-02
7.890417418127430860e-02
7.761214713220686290e-02
7.793309652656119080e-02
7.825404592091551870e-02
7.857499531526986047e-02
7.889594470962418837e-02
7.781788392345963257e-02
7.813883331781397434e-02
7.845978271216830224e-02
7.878073210652264402e-02
7.910168150087697192e-02
7.804007965801262880e-02
7.836102905236697058e-02
7.868197844672129848e-02
7.900292784107564026e-02
7.932387723542996816e-02
7.829519327916607818e-02
7.861614267352041996e-02
7.893709206787474786e-02
7.925804146222908964e-02
7.957899085658341753e-02
7.846801218381840859e-02
7.878896157817275037e-02
7.910991097252707827e-02
7.943086036688142004e-02
7.975180976123576182e-02
8.007275915559008972e-02
7.907699308592663900e-02
7.939794248028096690e-02
7.971889187463530868e-02
8.003984126898965046e-02
8.036079066334397836e-02
7.920043516067830358e-02
7.952138455503264536e-02
7.984233394938697326e-02
8.016328334374130116e-02
8.048423273809564293e-02
7.947200772513196565e-02
7.979295711948630743e-02
8.011390651384063533e-02
8.043485590819497710e-02
8.075580530254931888e-02
7.957899085658341753e-02
7.989994025093774543e-02
8.022088964529208721e-02
8.054183903964642899e-02
8.086278843400075689e-02
7.960367927153375045e-02
7.992462866588807835e-02
8.024557806024242013e-02
8.056652745459676190e-02
8.088747684895108980e-02
7.974358028958564160e-02
8.006452968393998337e-02
8.038547907829431127e-02
8.070642847264865305e-02
8.102737786700298095e-02
7.983410447773686691e-02
8.015505387209119481e-02
8.047600326644553659e-02
8.079695266079986449e-02
8.111790205515420626e-02
7.999046443908898463e-02
8.031141383344331253e-02
8.063236322779764043e-02
8.095331262215198220e-02
8.127426201650631010e-02
8.159521141086065188e-02
8.056652745459676190e-02
8.088747684895108980e-02
8.120842624330543158e-02
8.152937563765975948e-02
8.185032503201410126e-02
8.080518213244998471e-02
8.112613152680431261e-02
8.144708092115865439e-02
8.176803031551298229e-02
8.208897970986732406e-02
8.096154209380208855e-02
8.128249148815643033e-02
8.160344088251075823e-02
8.192439027686510000e-02
8.224533967121942790e-02
8.120019677165531136e-02
8.152114616600965313e-02
8.184209556036398103e-02
8.216304495471832281e-02
8.248399434907265071e-02
8.125780307320609741e-02
8.157875246756042531e-02
8.189970186191476709e-02
8.222065125626909499e-02
8.254160065062342289e-02
8.124957360155597719e-02
8.157052299591031896e-02
8.189147239026464686e-02
8.221242178461898864e-02
8.253337117897331654e-02
8.145531039280876073e-02
8.177625978716308863e-02
8.209720918151743041e-02
8.241815857587175831e-02
8.273910797022610009e-02
8.169396507066198354e-02
8.201491446501631144e-02
8.233586385937065322e-02
8.265681325372498112e-02
8.297776264807932289e-02
8.329871204243366467e-02
8.218773336966865573e-02
8.250868276402299750e-02
8.282963215837732540e-02
8.315058155273165330e-02
8.347153094708598120e-02
8.213012706811786967e-02
8.245107646247221145e-02
8.277202585682655323e-02
8.309297525118088112e-02
8.341392464553520902e-02
8.223711019956932156e-02
8.255805959392364946e-02
8.287900898827799123e-02
8.319995838263231913e-02
8.352090777698666091e-02
8.252514170732321019e-02
8.284609110167753809e-02
8.316704049603187987e-02
8.348798989038622165e-02
8.380893928474054955e-02
8.274733744187622031e-02
8.306828683623054821e-02
8.338923623058487611e-02
8.371018562493920401e-02
8.403113501929354578e-02
8.292015634652853684e-02
8.324110574088287862e-02
8.356205513523722039e-02
8.388300452959154829e-02
8.420395392394589007e-02
8.302713947797998872e-02
8.334808887233431662e-02
8.366903826668865840e-02
8.398998766104300018e-02
8.431093705539732808e-02
8.306828683623054821e-02
8.338923623058487611e-02
8.371018562493920401e-02
8.403113501929354578e-02
8.435208441364788756e-02
8.467303380800221546e-02
8.367726773833876475e-02
8.399821713269310652e-02
8.431916652704743442e-02
8.464011592140177620e-02
8.496106531575610410e-02
8.366903826668865840e-02
8.398998766104300018e-02
8.431093705539732808e-02
8.463188644975165598e-02
8.495283584410599775e-02
8.367726773833876475e-02
8.399821713269310652e-02
8.431916652704743442e-02
8.464011592140177620e-02
8.496106531575610410e-02
8.376779192648999006e-02
8.408874132084433184e-02
8.440969071519865974e-02
8.473064010955300152e-02
8.505158950390732941e-02
8.400644660434321287e-02
8.432739599869755465e-02
8.464834539305188255e-02
8.496929478740622432e-02
8.529024418176055222e-02
8.414634762239510402e-02
8.446729701674944579e-02
8.478824641110377369e-02
8.510919580545810159e-02
8.543014519981244337e-02
8.426978969714676859e-02
8.459073909150111037e-02
8.491168848585543827e-02
8.523263788020978005e-02
8.555358727456412182e-02
8.586630719726832950e-02
