1.435852082547713938e-03
1.329736867401411747e-03
1.240595522311468968e-03
1.160080171978530557e-03
1.087276544152007826e-03
1.021714893875711903e-03
9.611235740785632579e-04
9.050345135904871779e-04
8.536411871093495338e-04
8.062395819600237266e-04
7.620276147114765728e-04
7.201904253617921227e-04
6.806862842837951887e-04
6.432750074926358620e-04
6.080097388694897468e-04
5.747528833714046596e-04
5.433087114185595297e-04
5.136099383507828665e-04
4.854682651550665446e-04
4.589022506878218653e-04
4.337767341798556115e-04
4.099376583441722297e-04
3.873301975293607811e-04
3.656854388824605181e-04
3.450923930654897927e-04
3.254658189634076571e-04
3.067656226802405075e-04
2.889677013906453789e-04
2.720379725063910479e-04
2.559105920375741652e-04
2.405442128790606854e-04
2.259717392697752471e-04
2.121154531110853525e-04
1.989391942644632945e-04
1.864376182284540164e-04
1.745981631418669973e-04
1.633413729767396424e-04
1.526654312056537467e-04
1.425095066776114344e-04
1.328575026520740490e-04
1.237123459239603451e-04
1.150530541246103089e-04
1.068373301325056362e-04
9.907192163788788842e-05
9.172463563939321676e-05
8.476517952380735184e-05
7.818050914655654004e-05
7.200335910735132636e-05
6.620170323089854712e-05
6.075585463234295288e-05
5.566729635720884107e-05
5.092792633992240770e-05
4.652783306133275674e-05
4.242565429825519857e-05
3.862588886220136877e-05
3.511522135990908632e-05
3.189060693428694853e-05
2.892792939172850005e-05
2.622159189272171996e-05
2.377385498743330374e-05
2.155916097400816569e-05
1.956255159672729200e-05
1.777882854326162288e-05
1.619012966667914683e-05
1.479081277412991270e-05
1.353253978380257603e-05
1.237531792226666918e-05
1.134233513783566460e-05
1.039634886363595551e-05
9.534506774960112852e-06
8.746447511730179561e-06
8.043556254653320191e-06
7.280851000931832121e-06
6.637154401869247903e-06
6.075622789980230027e-06
5.568710273689412859e-06
5.123497893897162084e-06
4.719163307024346743e-06
4.314275598314927832e-06
3.975004485909156166e-06
3.673379038409104036e-06
3.384822493954130034e-06
3.133350766690810276e-06
2.886090084361432153e-06
2.692113127385672204e-06
2.507209557704487199e-06
2.343165006675122714e-06
2.203508418256074148e-06
2.040641762453804334e-06
1.924141151793225407e-06
1.820846743621013475e-06
1.726792593660985815e-06
1.641081368386421527e-06
1.529631064503978424e-06
1.456599731174204538e-06
1.394645789399947076e-06
1.334070973691822964e-06
1.281574305993556524e-06
1.223083047968768952e-06
1.178221314120336092e-06
1.139575672393197473e-06
1.104521991625845556e-06
1.070765269389323755e-06
1.032065671440763887e-06
1.005635947237680845e-06
9.789802332677579609e-07
9.542085640128376825e-07
9.324164134793844297e-07
9.098954750265942522e-07
8.925668660430100217e-07
8.767224123621020251e-07
8.605754812843684019e-07
8.455311975990084416e-07
8.311059976283691883e-07
8.199152979138355627e-07
8.093062453453787658e-07
7.977779434741196416e-07
7.873304725117197761e-07
7.792159302785237742e-07
7.672303027147044365e-07
7.587545663958097954e-07
7.538773829441741837e-07
7.493566310544288444e-07
7.447227611904884165e-07
7.381803856429357828e-07
7.327942304777320128e-07
7.289685256425646913e-07
7.242596528419672235e-07
7.234507779063850711e-07
7.228491059094889482e-07
7.215007100047515670e-07
7.211520123932022911e-07
7.202326127171504339e-07
7.198896146461898935e-07
7.158643035300268411e-07
7.153450242059849779e-07
7.150568774681000518e-07
7.116490923717264290e-07
7.108088810887275095e-07
7.092024524556769632e-07
7.085021483928774204e-07
7.072331045804798289e-07
7.054948261988537257e-07
7.051588647041541636e-07
7.040698522115631776e-07
7.039298586788595768e-07
7.033329983083198422e-07
7.033032623035921514e-07
7.014317539963409880e-07
7.013902461338299897e-07
6.993081422293746327e-07
6.971395498887934313e-07
6.971030074682284487e-07
6.969555425099137717e-07
6.966452026682316974e-07
6.964440700559717271e-07
6.962745446834919482e-07
6.947584546611196567e-07
6.944341363590788922e-07
6.955850215882397531e-07
6.902602513826202395e-07
6.902034249069306763e-07
6.900361287170847922e-07
6.897658055714446282e-07
6.885188200884277332e-07
6.835232713195920186e-07
6.830800058733145443e-07
6.829164360520521520e-07
6.825661585045453292e-07
6.822716140788653972e-07
6.818288720442461384e-07
6.816581478331893375e-07
6.813541343719472127e-07
6.809193735732723096e-07
6.806313424513087612e-07
6.797531781382929742e-07
6.793363252468071402e-07
6.792454711306642353e-07
6.787712200853346132e-07
6.783859445107063189e-07
6.784283058384186353e-07
6.783253860667586948e-07
6.782386457070736951e-07
6.779784058255818622e-07
6.778784038094276586e-07
6.779595460560702044e-07
6.777300981665523061e-07
6.776610391251644753e-07
6.774476036442663439e-07
6.774757133573678216e-07
6.774948688058292317e-07
6.773769179754742519e-07
6.772867582572617905e-07
6.771499331153000509e-07
6.768724380938164180e-07
6.774509276001538085e-07
6.770728325378346508e-07
6.766859323279290372e-07
6.766462587014924565e-07
6.760428500257116578e-07
6.775444837390223503e-07
6.759211992133158132e-07
6.758902868261836327e-07
6.755410354862475436e-07
6.753796210929077666e-07
6.753440149526960855e-07
6.755341311793324041e-07
6.752795254205685540e-07
6.752030052735167914e-07
6.750668017059156289e-07
6.749330022722303078e-07
6.753374245440945092e-07
6.751199789368901720e-07
6.750479158948147707e-07
6.749629408799345931e-07
6.748390359935389619e-07
6.750040610877106952e-07
6.749348288907584950e-07
6.748860804409177048e-07
6.748725541393761556e-07
6.747522306540743087e-07
6.749294856007599249e-07
6.747610949903623434e-07
6.745113438890192297e-07
6.741435384830616156e-07
6.739715777934247042e-07
6.742919072663068614e-07
6.742078634896507718e-07
6.741108177492039157e-07
6.739307956538379922e-07
6.735966557388309856e-07
6.737618007030428891e-07
6.735557327841831359e-07
6.734985523952208391e-07
6.726950738535527215e-07
6.727251361242662456e-07
6.730159244053673221e-07
6.719668505960457655e-07
6.718768617123813905e-07
6.718520852363190328e-07
6.718499594202713127e-07
6.711983341644489254e-07
6.713352251787535101e-07
6.712413073324182360e-07
6.710650570406688070e-07
6.709030239334814075e-07
6.708336467107343047e-07
6.711608693964728937e-07
6.711429662286688515e-07
6.710585041475340295e-07
6.709300454011003200e-07
6.707359591946928407e-07
6.709420993059098023e-07
6.707851990265029080e-07
6.707466968567427769e-07
6.707022309479115338e-07
6.705142946310011636e-07
6.708676162192595133e-07
6.707018910347395420e-07
6.695386399769940444e-07
6.694291750177349158e-07
6.690980913222205839e-07
6.691429617603793220e-07
6.691185145414008100e-07
6.690470837618015064e-07
6.689658534651389107e-07
6.689234364154420862e-07
6.691498334546200623e-07
6.690870270102198031e-07
6.687806068690700033e-07
6.687989007231011083e-07
6.687062023165276337e-07
6.695420069753648142e-07
6.688049650056819676e-07
6.687124136231908081e-07
6.685892064435632670e-07
6.684664326714229305e-07
6.694512771959787303e-07
6.684427881282062955e-07
6.684127791348299735e-07
6.682244367885123230e-07
6.680899484034011010e-07
6.679935222499433348e-07
6.683652896611035037e-07
6.681355582770540276e-07
6.681539774297628499e-07
6.680493185205885314e-07
6.679897490622427114e-07
6.683059453370297391e-07
6.680516607785438645e-07
6.680561306876788440e-07
6.670578234894986824e-07
6.663836800899194003e-07
6.666789325071106070e-07
6.663854276363517740e-07
6.662312036068984454e-07
6.661054847550670366e-07
6.659134905088748087e-07
6.663027021501247696e-07
6.658754510863150331e-07
6.659481744159629493e-07
6.659571056794831559e-07
6.657410373001661698e-07
6.658390272895761623e-07
6.656155993965762439e-07
6.655581767016256993e-07
6.654768548830745403e-07
6.654943824507216625e-07
6.657686126695504342e-07
6.654672134597758275e-07
6.655444116825812647e-07
6.654754638688993744e-07
6.654414324335044362e-07
6.659384187740903590e-07
6.653513403848726096e-07
6.653655423730009739e-07
6.652477922089737638e-07
6.652241627531703480e-07
6.671502182543583677e-07
6.650847491686553164e-07
6.647747548462799115e-07
6.647424908870938354e-07
6.646957026282911779e-07
6.646299398869792660e-07
6.650372435886496588e-07
6.650829439305583952e-07
6.633841371722305182e-07
6.633671738171138435e-07
6.632997691446232255e-07
6.632482403548892634e-07
6.631149650664112190e-07
6.629720263303596882e-07
6.628607797773774720e-07
6.623577497235673572e-07
6.593463850914375247e-07
6.588177687041858393e-07
6.587060571033561156e-07
6.583491422084674875e-07
6.581548769259242259e-07
6.568328269609344936e-07
6.563938657856205783e-07
6.563952676195834894e-07
6.563793381447952921e-07
6.562290811412765149e-07
6.559402134814089664e-07
6.552000116616947574e-07
6.547808003869758770e-07
6.537892774822268197e-07
6.526289900919146458e-07
6.524679931908053325e-07
6.495644799317851543e-07
6.467141643761982644e-07
6.466421267328424320e-07
6.463809522268826527e-07
6.471676315867307494e-07
6.465962269474278989e-07
6.464317641711493518e-07
6.452344194708973829e-07
6.445823454006473800e-07
6.544193991475739942e-07
6.451870220447811688e-07
6.448312471319323777e-07
6.445918102698249707e-07
6.442623136117715573e-07
6.440052464942325753e-07
6.452744283212823256e-07
6.449666946218353243e-07
6.446435802486150197e-07
6.443716316152255789e-07
6.439212801683819932e-07
6.445684340280960741e-07
6.444784331755927272e-07
6.443575139381543815e-07
6.443743900241955842e-07
6.442704997008160502e-07
6.444638015728602530e-07
6.444477248069279814e-07
6.444926632824583774e-07
6.444354993566195552e-07
6.441195759327550838e-07
6.439635858141961651e-07
6.438864370582825600e-07
6.438629248548684937e-07
6.436849876858141378e-07
6.435743918096773436e-07
6.439787555405144978e-07
6.435473574393427648e-07
6.432417406176867531e-07
6.432467034105022862e-07
6.432045186122950440e-07
6.438040982127313954e-07
6.431295157112383754e-07
6.431039373668988020e-07
6.430357425898738293e-07
6.431816149512930130e-07
6.438214379536215902e-07
6.431914887821974212e-07
6.431203198574914186e-07
6.429415331390790125e-07
6.428775057870535373e-07
6.487253896493311317e-07
6.428045475590610043e-07
6.426481566781486415e-07
6.425783767192345345e-07
6.423928019739789595e-07
6.424368857835071211e-07
6.425113108798045873e-07
6.423206179548533711e-07
6.421994051564137713e-07
6.412668007005653434e-07
6.412491339797141267e-07
6.414012269471464313e-07
6.410816664996126188e-07
6.411265645181366192e-07
6.392904505966065383e-07
6.390600738872501309e-07
6.393544350261373839e-07
6.392046199083609712e-07
6.391103562174416470e-07
6.390301422846954078e-07
6.389429009540798203e-07
6.392272768111420494e-07
6.393812304270523732e-07
6.389642414109194301e-07
6.390900386550109151e-07
6.386533249606999038e-07
6.378306635627533484e-07
6.368281640428025626e-07
6.368606020442678607e-07
6.366848017621299705e-07
6.366167093144149429e-07
6.372422294947202798e-07
6.370900590714095873e-07
6.370213252439943634e-07
6.366439316654949212e-07
6.366328896433971756e-07
6.378699305655500729e-07
6.367117472565410006e-07
6.366280414330128161e-07
6.364661530184100515e-07
6.364691329350852073e-07
6.363233865151440215e-07
6.367646506462525475e-07
6.366286679428641231e-07
6.367908218301720552e-07
6.367613013774799154e-07
6.365234032805877579e-07
6.366886587060736629e-07
6.363348223560287559e-07
6.358480150676617514e-07
6.355482556640497097e-07
6.353621208339977525e-07
6.341047332958586660e-07
6.339772641463228153e-07
6.339203571067540233e-07
6.338207769883268867e-07
6.336879980396414023e-07
6.339849244794939540e-07
6.337964361130016726e-07
6.338431064356670098e-07
6.335951404115604001e-07
6.335975254888874896e-07
6.339138823947521247e-07
6.337596253551475159e-07
6.336055435969536156e-07
6.335961552092773676e-07
6.333179843512294661e-07
6.340158820876087234e-07
6.335186245257370011e-07
6.336082524340261730e-07
6.336078940933109536e-07
6.332977741896517471e-07
6.342566008835351087e-07
6.328298413149204326e-07
6.323826122975124886e-07
6.324734868429757035e-07
6.326605931414377558e-07
6.339989957853371254e-07
6.323048250827016469e-07
6.320559298580526995e-07
6.322254494948536406e-07
6.316809964305683561e-07
6.314401012686068438e-07
6.316589876602918394e-07
6.313910915913522188e-07
6.312646707728777032e-07
6.313101237738009958e-07
6.311574124698733996e-07
6.318335824224569255e-07
6.313451626605727508e-07
6.314661259239039945e-07
6.315303656805082203e-07
6.308184614394816773e-07
6.310680343656052157e-07
6.309237517146357044e-07
6.309340039334091994e-07
6.304781582860004696e-07
6.304488934819167932e-07
6.303599459215798936e-07
6.302445789898123621e-07
6.300521850130870747e-07
6.298248528101421569e-07
6.296054111354412175e-07
6.297631153130126805e-07
6.295668016395230387e-07
6.294060246279463922e-07
6.294468168866773243e-07
6.289427316849990644e-07
6.299344741506599571e-07
6.294125488651144016e-07
6.296859423254848170e-07
6.295620675226240015e-07
6.288450618617627444e-07
6.305705418296596843e-07
6.292440479617226424e-07
6.291011235032284009e-07
6.272572620797539627e-07
6.262914390450224586e-07
6.304381837369572561e-07
6.264598693034110801e-07
6.264884979400112717e-07
6.263209458022214099e-07
6.263807782765449194e-07
6.255000254729533075e-07
6.258130315761637223e-07
6.257284610433524246e-07
6.253898143237732394e-07
6.253720487882798951e-07
6.253738287806537381e-07
6.246686318758485365e-07
6.245749752095379331e-07
6.247743121604119733e-07
6.246433031827257369e-07
6.243041639018825248e-07
6.247759109061211187e-07
6.244579691627672399e-07
6.243286664872938304e-07
6.237498004074759718e-07
6.207896344853482224e-07
6.202807485064896570e-07
6.199750013365411667e-07
6.203718428151944087e-07
6.198455989016733500e-07
6.191885258907468593e-07
6.205861096458733632e-07
6.201443311797481013e-07
6.195373068282976066e-07
6.187035406115839713e-07
6.185031550116923330e-07
6.198514512349964312e-07
6.179841510920460664e-07
6.178771157007910560e-07
6.171087247826050556e-07
6.168923370025476840e-07
6.188208350581611897e-07
6.165061464441403514e-07
6.163778776844120902e-07
6.160345148464369083e-07
6.158843019278653191e-07
6.217961301659637842e-07
6.159046793274794897e-07
6.161566605450165079e-07
6.159564819693991496e-07
6.161343105634166336e-07
6.148372004381753045e-07
6.153686903447108542e-07
6.151742286777236143e-07
6.153380158372336253e-07
6.148437232422878693e-07
6.138743964625239709e-07
6.141927875123062467e-07
6.140142192085482816e-07
6.140415522111620610e-07
6.137059105196616954e-07
6.131203184605317232e-07
6.134346570852668496e-07
6.132345850232736084e-07
6.134039753073865030e-07
6.126677336905402502e-07
6.120000732138351361e-07
6.127062612497174108e-07
6.120384459865350821e-07
6.121742939386117842e-07
6.116982906638639210e-07
6.116391285682459787e-07
6.118173330363377089e-07
6.116359787818268270e-07
6.113101126113984617e-07
6.110564185781751045e-07
6.105297365510587742e-07
6.117571330800715558e-07
6.112503112937058561e-07
6.106577586357870696e-07
6.101511905454994582e-07
6.089366487231215186e-07
6.123092348055376327e-07
6.092037249888605525e-07
6.091463439108041462e-07
6.075861901520343668e-07
6.073737682653707920e-07
6.229857507455747954e-07
6.078887600319358165e-07
6.067225746699459817e-07
6.063944663992284059e-07
6.065288448656568271e-07
6.064451793899267627e-07
6.055118353428375512e-07
6.051092776471939674e-07
6.047889134766997984e-07
6.046445946651835317e-07
6.039248271479901133e-07
6.050127835346745392e-07
6.041722044925536201e-07
6.030917661169607277e-07
6.021548185307967261e-07
6.007176587811863229e-07
6.007761884252258385e-07
6.007254438564748167e-07
5.993374577224902573e-07
5.995566188916371900e-07
5.994086125110953786e-07
5.993915645626518308e-07
5.985451720383256261e-07
5.982516211526030480e-07
5.982245671981506683e-07
5.983354837880824410e-07
5.985983932368195799e-07
5.978485616967691877e-07
5.978896039788490663e-07
5.975742413461534096e-07
5.975744037153507774e-07
6.000184982066948325e-07
5.972611001284320150e-07
5.971132013987479556e-07
5.976104419250507969e-07
5.960350965099777131e-07
6.020091729981991483e-07
5.968596411789168441e-07
5.968663445298543097e-07
5.961906931607845546e-07
5.958644858037289241e-07
5.944605025433107140e-07
5.949630923817306127e-07
5.944781726514239228e-07
5.943934358726440312e-07
5.936920465055164377e-07
5.925149532339825520e-07
5.908448291834599342e-07
5.905925363345328410e-07
5.905721806552751637e-07
5.900284427042613185e-07
5.894644130096239944e-07
5.887661353484873071e-07
5.879247795421563661e-07
5.871862600465457224e-07
5.863843925978662788e-07
5.861837972501013881e-07
5.879484063728099666e-07
5.867525514921367028e-07
5.855259910411320178e-07
5.858789850087669763e-07
5.852848141128088040e-07
5.861236532840381257e-07
5.853620102819815901e-07
5.849939923094298454e-07
5.850485098139988797e-07
5.840778802264059368e-07
5.858967018041655323e-07
5.823953732453858398e-07
5.831016171652950017e-07
5.823616548836106351e-07
5.826664916682804531e-07
5.839563562942627522e-07
5.804614006445228749e-07
5.801709113174536639e-07
5.799921649251052536e-07
5.797834611369580037e-07
5.853962774890769117e-07
5.765523181101218557e-07
5.761663337682496082e-07
5.753084251694459620e-07
5.749892052436828196e-07
5.727755994943504983e-07
5.715903566922681885e-07
5.709337715529033094e-07
5.705285773626178625e-07
5.703345421747051090e-07
5.703314442407890166e-07
5.703321149452929956e-07
5.703918125992240579e-07
5.698959933926101581e-07
5.685224833268814149e-07
5.679185982064457676e-07
5.702916106961401922e-07
5.698709297032145235e-07
5.686303809206055200e-07
5.682496965954918810e-07
5.688825321803695473e-07
5.671915279886762508e-07
5.658618088838686168e-07
5.658100583709592514e-07
5.645839695003155101e-07
5.643322042923613355e-07
5.656173663552196042e-07
5.644372207392606749e-07
5.647174365773667805e-07
5.638156452633351387e-07
5.634118298729806415e-07
5.641777820323529673e-07
5.614691378567411134e-07
5.607134963143688922e-07
5.598779406166584613e-07
5.604073772831412381e-07
5.642838861036112231e-07
5.610687476247300387e-07
5.606218543734947862e-07
5.583116123918578750e-07
5.564595169384957625e-07
5.747621777110104694e-07
5.583358013729864820e-07
5.578763258452894092e-07
5.567720335635818334e-07
5.557443486379946077e-07
5.561889727291256261e-07
5.571085889544732039e-07
5.558824504227582919e-07
5.538927305297255068e-07
5.530397340431936731e-07
5.525292885224399127e-07
5.547959289378376491e-07
5.554591229316570082e-07
5.544128862338798650e-07
5.528265867925999744e-07
5.522846403238803748e-07
5.511461903372507787e-07
5.509369316470643699e-07
5.511437528138526571e-07
5.506067295258447485e-07
5.497492176102701138e-07
5.492199157158847184e-07
5.477497931112669443e-07
5.463485272451318865e-07
5.454079671565392014e-07
5.441864241037580448e-07
5.484698815538334775e-07
5.447933889176440535e-07
5.433579231767950454e-07
5.430343751379736213e-07
5.422232839090801671e-07
5.492600649423213515e-07
5.443362117356792257e-07
5.427628734524996285e-07
5.424421234118240346e-07
5.414695841884867647e-07
5.517698064583289004e-07
5.397661502044604447e-07
5.382965448781029160e-07
5.371689609333161416e-07
5.363031535793801252e-07
5.983065890817704729e-07
5.384424418213581179e-07
5.354952409463349496e-07
5.354670106173540042e-07
5.342571922035111526e-07
5.328479912388497668e-07
5.335436599889639420e-07
5.326110833570628881e-07
5.328102164868606751e-07
5.324944715142648752e-07
5.320063011058703695e-07
5.332341489319308773e-07
5.323029173371155813e-07
5.317220858727796707e-07
5.283287613934471470e-07
5.294235650032145961e-07
5.291560189385287740e-07
5.276236840325493375e-07
5.270513121161479032e-07
5.265877229356154420e-07
5.281633189952286718e-07
5.280489599806028458e-07
5.252411379670056404e-07
5.249336871563511219e-07
5.238992901068025347e-07
5.243755483292588968e-07
5.310851989317818470e-07
5.272309682247062019e-07
5.274027026554246503e-07
5.268604653251366013e-07
5.259593792161391474e-07
5.333288897072813172e-07
5.268930683671395889e-07
5.273319234426706268e-07
5.275363015631909358e-07
5.264400876485056751e-07
5.430413927816987991e-07
5.241824996366483185e-07
5.257422198779360417e-07
5.255337685777360584e-07
5.240852826124974268e-07
5.711301380157048152e-07
5.225704490987455535e-07
5.224190511373164690e-07
5.230836556963473938e-07
5.227320313927261164e-07
5.243381596632597667e-07
5.251556457292493137e-07
5.237887842594406231e-07
5.229280302313724878e-07
5.240537560015655853e-07
5.233317256741373487e-07
5.246214357271214173e-07
5.226621642036616188e-07
5.232707019102244125e-07
5.229173791917841890e-07
5.216619925477265500e-07
5.300829604706937039e-07
5.236708232479758810e-07
5.229175087796590860e-07
5.230209876280819328e-07
5.226640444087964191e-07
5.277131329362993517e-07
5.241654393615661645e-07
5.238511332393891426e-07
5.240407354056673111e-07
5.254712469887460854e-07
5.293384390747002088e-07
5.225343310042241487e-07
5.227988360078610042e-07
5.232532645941577312e-07
5.225724231663944360e-07
5.366657813568284538e-07
5.220970653555166594e-07
5.227888827303416708e-07
5.223237764057055087e-07
5.212458888826544927e-07
5.536960230654453268e-07
5.204586466905870752e-07
5.204580035772787336e-07
5.187108164136904276e-07
5.198062060851399887e-07
5.210131356619781337e-07
5.225076212998044373e-07
5.210261629303014757e-07
5.187578230881632244e-07
5.208446041668712833e-07
5.196892499974777966e-07
5.215044636966347245e-07
5.216204439409551903e-07
5.213088195495741451e-07
5.210431853832691987e-07
5.193045608930354877e-07
5.226757107604597956e-07
5.203347580292461444e-07
5.196951054234068950e-07
5.200561338578506310e-07
5.174348752275857860e-07
5.220408388801203344e-07
5.190623870169507906e-07
5.188866797981990425e-07
5.197940140133040025e-07
5.201871599596798777e-07
5.237466147192865755e-07
5.170474348628570020e-07
5.173087145054204949e-07
5.179263504764186847e-07
5.187976246881346192e-07
5.232935920425300300e-07
5.194530194132636714e-07
5.179444833608968638e-07
5.205123702001137718e-07
5.201617521211776680e-07
5.373647025335923216e-07
5.151827537707866071e-07
5.146468343322770187e-07
5.156725298162411556e-07
5.164247849585615150e-07
5.659420663301744760e-07
5.177483544182198695e-07
5.175208327049300332e-07
5.174245661998396131e-07
5.151856823981498514e-07
5.177412498567879680e-07
5.168770814012492011e-07
5.174752537469874881e-07
5.146011237767234550e-07
5.130702837032789577e-07
5.145614741660798906e-07
5.141442174862695127e-07
5.147516604219459819e-07
5.145262513605476688e-07
5.148550524953183352e-07
5.174202761350358774e-07
5.215611664956793008e-07
5.151862366874091656e-07
5.162835866140699814e-07
5.184095709410946556e-07
5.172963133766530780e-07
5.217252988193620656e-07
5.170881814193316007e-07
5.181081994231933870e-07
5.172444968767597226e-07
5.185058828625878005e-07
5.223912147512737196e-07
5.190939510659325254e-07
5.168612051951377176e-07
5.184910694347826398e-07
5.178821630682553315e-07
5.268505283140376693e-07
5.174629032935063643e-07
5.161874383181956450e-07
5.156393508414016620e-07
5.193688050165067440e-07
5.319879881815726246e-07
5.137046880059474547e-07
5.129162149484606368e-07
5.153532815163164597e-07
5.192290042647333828e-07
5.688553374417655327e-07
5.155409787074640166e-07
5.153600084637950671e-07
5.208924010508930502e-07
5.226164718813380072e-07
5.215013040624494859e-07
5.204983824146052528e-07
5.183742015272013479e-07
5.178004158112993414e-07
5.208962834559854985e-07
5.229606295779325099e-07
5.256301213012960693e-07
5.212848146287057176e-07
5.216725087860430057e-07
5.243542502155894380e-07
5.305974881842846635e-07
5.281670663291799213e-07
5.232960390585177595e-07
5.225117490100017948e-07
5.269578244280646133e-07
5.288756404017985173e-07
5.272580449888765251e-07
5.233044781367432773e-07
5.206562387175356023e-07
5.216257173315420570e-07
5.261000399767245592e-07
5.335753744310192716e-07
5.263188009415713056e-07
5.254756871536230728e-07
5.277370697965193382e-07
5.351912452985785645e-07
5.479618464758795912e-07
5.306739479717895688e-07
5.320619640723944685e-07
5.319083028664042577e-07
5.353076569952986673e-07
5.608238536635942140e-07
5.272972741711866041e-07
5.258706673519422102e-07
5.293075636604105921e-07
5.310237331328928935e-07
6.835858939232073347e-07
5.326329318255892661e-07
5.270280049011905802e-07
5.316428154412395878e-07
5.300588538712565457e-07
5.365185934303423622e-07
5.375081573757354361e-07
5.342134738335082291e-07
5.386985279341598977e-07
5.399343336416495197e-07
5.590368911908025954e-07
5.536050431677359860e-07
5.482561039229004301e-07
5.464517768535261529e-07
5.498349032571256311e-07
5.559822235471419349e-07
5.506348128477713879e-07
5.397534688512594096e-07
5.346229675371619528e-07
5.383526406010684968e-07
5.430989189638092820e-07
5.430359053404029993e-07
5.412530114558820488e-07
5.454543532402485260e-07
5.502121984889931071e-07
5.625796891691075165e-07
5.649572674877678239e-07
5.456070473171464550e-07
5.493452828897220485e-07
5.563737453315198325e-07
5.619874621182782216e-07
5.777217455918629928e-07
5.525318446526587950e-07
5.535365066196530374e-07
5.614292138550270549e-07
5.700093245624878885e-07
6.378649873878498290e-07
5.547607351105857019e-07
5.493584850345049995e-07
5.502861651351409813e-07
5.749227038678607202e-07
6.436571375209452986e-07
