6.874779235839694191e-01
6.877502793769657563e-01
6.882962984986858990e-01
6.891185294083528312e-01
6.902206317037832273e-01
6.916071899130339373e-01
6.932834806601764210e-01
6.952552056571451589e-01
6.975282051033903086e-01
7.001081675546358962e-01
7.030003530409164592e-01
7.062093460859035776e-01
7.097388542524266652e-01
7.135915659059579585e-01
7.177690780931835768e-01
7.222719018743262165e-01
7.270995482762669937e-01
7.322506934420462965e-01
7.377234167671570253e-01
7.435155010787715124e-01
7.496247794774398843e-01
7.560495095579307101e-01
7.627887525724784679e-01
7.698427328787538215e-01
7.772131518799191285e-01
7.849034307253236475e-01
7.929188573754596403e-01
8.012666162726352903e-01
8.099556827853582330e-01
8.189965697367024289e-01
8.284009195502299860e-01
8.381809426395221418e-01
8.483487103425610965e-01
8.589153185912028476e-01
8.698899461772757746e-01
8.812788384535769071e-01
8.930842531066013334e-01
9.053034088138365298e-01
9.179274797931992191e-01
9.309406792414792742e-01
9.443194723865347973e-01
9.580319554699315843e-01
9.720374307340687858e-01
9.862861998541728736e-01
1.000719589766291051e+00
1.015270216065067510e+00
1.029862480616608567e+00
1.044413292208736133e+00
1.058832992281321106e+00
1.073026462252931079e+00
1.086894384765712651e+00
1.100334628281345317e+00
1.113243722768298971e+00
1.125518393568669007e+00
1.137057120744078720e+00
1.147761692102474917e+00
1.157538719545642358e+00
1.166301090225454473e+00
1.173969326157016102e+00
1.180472828338072988e+00
1.185750984017848175e+00
1.189754118509869230e+00
1.192444275829055433e+00
1.193795815431904161e+00
