1.514704919121898536e-05
5.192965023229581143e-04
1.014012890776302880e-03
1.504441522557650604e-03
2.011163629692588710e-03
2.515313082824329784e-03
3.017747433287271391e-03
3.503030757062222666e-03
4.006322658859562055e-03
4.497608841975309080e-03
4.994040333097454071e-03
5.512768158913984758e-03
6.004054342029732649e-03
6.500485833151876773e-03
6.995202221605222731e-03
7.498494123402565589e-03
7.997498268527908696e-03
8.496502413653253538e-03
9.012657585466580037e-03
9.524525000607894643e-03
1.003038955640841653e-02
1.053796921487772965e-02
1.106184234870064530e-02
1.158828813652674865e-02
1.209072248698967941e-02
1.262317113415657895e-02
1.314275651130749484e-02
1.367263250447119625e-02
1.419136033028770873e-02
1.471523346411061917e-02
1.522881598192073888e-02
1.575869197508444897e-02
1.627141694156016699e-02
1.678757211337349176e-02
1.730887259319320928e-02
1.786533267772331263e-02
1.838920581154622133e-02
1.892765731805393439e-02
1.945924841388644785e-02
1.997711868836856558e-02
2.050699468153227567e-02
2.103001026402078963e-02
2.157103442453169387e-02
2.210176796902980217e-02
2.262907130819032109e-02
2.315808975001963643e-02
2.369482615385854266e-02
2.422898990369425423e-02
2.475372058885156462e-02
2.529217209535926381e-02
2.579975175382858213e-02
2.633391550366428677e-02
2.687065190750319646e-02
2.739795524666370150e-02
2.793126144516500445e-02
2.846113743832872842e-02
2.898501057215163365e-02
2.951660166798415752e-02
3.003961725047266454e-02
3.057892630831476194e-02
3.110622964747528432e-02
3.164639625665179035e-02
3.216340897979950986e-02
3.269585762696642500e-02
3.322144586345814748e-02
3.375646716462824687e-02
3.428034029845117292e-02
3.482136445896207716e-02
3.533751963077540886e-02
3.587168338061119677e-02
3.639984427110617288e-02
3.693057781560434016e-02
3.745445094942731479e-02
3.798689959659429238e-02
3.850991517908287920e-02
3.903893362091224312e-02
3.955851899806322319e-02
4.009782805590539345e-02
4.062170118972834032e-02
4.114300166954809601e-02
4.167202011137747381e-02
4.219675079653485011e-02
4.273262964903942057e-02
4.325564523152800739e-02
4.377866081401655257e-02
4.430682170451150786e-02
4.482554953032807932e-02
4.534256225347582658e-02
4.588958927332758425e-02
4.640917465047853657e-02
4.694419595164866371e-02
4.744062744277083993e-02
4.795935526858736975e-02
4.847722554306952564e-02
4.898480520153888212e-02
4.950096037335222077e-02
5.002740616117838657e-02
5.052383765230056972e-02
5.103484751610751213e-02
5.154928758525208904e-02
5.205343703838385266e-02
5.252585709214283027e-02
5.299999224857063207e-02
5.349213598302083456e-02
5.395169276676379383e-02
5.444212139854519295e-02
5.491797165764179811e-02
5.539382191673832001e-02
5.589454116453253241e-02
5.635581305094430199e-02
5.686425026074806016e-02
5.731008622314066880e-02
5.775163442886126902e-02
5.820776100726663543e-02
5.866989044501281364e-02
5.910886599673022962e-02
5.955898971579484669e-02
5.999110485683703531e-02
6.049182410463117832e-02
6.093508741302059578e-02
6.144009441748677497e-02
6.189793609856097251e-02
6.231118511024637263e-02
6.272014636525977127e-02
6.315654926297395444e-02
6.357580113400011779e-02
6.404822118775908846e-02
6.449662980415490909e-02
6.492359963719072924e-02
6.530340414683459549e-02
6.566262742445283518e-02
6.605529520411267119e-02
6.645482339444765130e-02
6.682690994208191626e-02
6.723329854309210984e-02
6.763025407942394041e-02
6.812154026253973427e-02
6.851163538819635135e-02
6.886228315247058807e-02
6.922836684076401348e-02
6.957901460503830571e-02
6.998111544937651862e-02
7.039607956373072906e-02
7.076988121403368637e-02
7.117283960970630097e-02
7.155521677335330288e-02
7.202334907044033452e-02
7.241087154209371879e-02
7.283612627246066618e-02
7.320821282009498665e-02
7.363947040980270420e-02
7.408959412886731433e-02
7.454743580994149799e-02
7.494782155161081039e-02
7.537564893598104609e-02
7.572801180292407230e-02
7.616784490597591772e-02
7.658280902033007265e-02
7.705522907408900168e-02
7.748562911246234530e-02
7.790916874016060034e-02
7.836958307523797518e-02
7.884457578300013703e-02
7.929812970740228451e-02
7.975339873447327699e-02
8.020523755620664885e-02
8.066307923728076312e-02
8.107890090296938912e-02
8.148357440131077933e-02
8.199029650844565087e-02
8.242498430349100291e-02
8.291112517860038666e-02
8.339297829703781750e-02
8.384824732410885162e-02
8.435925718791564831e-02
8.492257768312101718e-02
8.540871855823042869e-02
8.593773700005970240e-02
8.641015705381863143e-02
8.690916119894401271e-02
8.742360126808851328e-02
8.789773642451631508e-02
8.840188587764802319e-02
8.890432022811095569e-02
8.937245252519793182e-02
8.984744523296006591e-02
9.040905062549661753e-02
9.087804047391791207e-02
9.133073684698572725e-02
9.180658710608234629e-02
9.229615818652926740e-02
9.275142721360024600e-02
9.328559096343598533e-02
9.385491431798215212e-02
9.449112667661130338e-02
9.500642429709027503e-02
9.553887294425714161e-02
9.597098808529938574e-02
9.650515183513515283e-02
9.704617599564611952e-02
9.760778138818268501e-02
9.819425576941673284e-02
9.881503220402684806e-02
9.930631838714268356e-02
9.976158741421367604e-02
1.003514920007853306e-01
1.010691717361826003e-01
1.017216775701654530e-01
1.022549837686667074e-01
1.029040593973119949e-01
1.035068272538996054e-01
1.041053073538152907e-01
1.045648641375583471e-01
1.052448116142418455e-01
1.057549639267144764e-01
1.062068027484478067e-01
1.068018526430259685e-01
1.073454494575400292e-01
1.080631291929371740e-01
1.086950537948943585e-01
1.092223571340549260e-01
1.097788172185850675e-01
1.102409466563311485e-01
1.107579593794789374e-01
1.113555819280602349e-01
1.118846003698895364e-01
1.125285306905284416e-01
1.131184352771000545e-01
1.136414508595886136e-01
1.141670390960803361e-01
1.147432228613016331e-01
1.153442756152203708e-01
1.159676247038337049e-01
1.164829223243125655e-01
1.170771146675563534e-01
1.176138510713952146e-01
1.182603540460372554e-01
1.189643129600840427e-01
1.194650322078781995e-01
1.199829024823604179e-01
1.205402201182249333e-01
1.211892957468701931e-01
1.218683856722194564e-01
1.225474755975686364e-01
1.232059842908921760e-01
1.238790713569006136e-01
1.245024204455139061e-01
1.249379657918937292e-01
1.255939018312142164e-01
1.262429774598594068e-01
1.269375033092278449e-01
1.276560405959593913e-01
1.283325578673053247e-01
1.288924481571730174e-01
1.293871645456264319e-01
1.300405279309435336e-01
1.305978455668078686e-01
1.311045676739427679e-01
1.315967114083928524e-01
1.320631286028111084e-01
1.326041527633220474e-01
1.332017753119032755e-01
1.337916798984749023e-01
1.343146954809633919e-01
1.349937854063126275e-01
1.355991259169034568e-01
1.361633039634431719e-01
1.367943710140659963e-01
1.373431131365865920e-01
1.379801830465500756e-01
1.386121076485074266e-01
1.390665191242439758e-01
1.395655232693693293e-01
1.401725788826289898e-01
1.408250847166118147e-01
1.414064137898396745e-01
1.420194722624402162e-01
1.425330547802503567e-01
1.431589765228666322e-01
1.437231545694066526e-01
1.442573183192423225e-01
1.447443167456861912e-01
1.454251217737041468e-01
1.461205051744068339e-01
1.467635779437113375e-01
1.473749213136431868e-01
1.478893613827877707e-01
1.484260977866264652e-01
1.490288656432142700e-01
1.497225339412484868e-01
1.503613189538811068e-01
1.510429815332333392e-01
1.516568975571683520e-01
1.522819617484505172e-01
1.529439006471117191e-01
1.535895460704193860e-01
1.542266159803830361e-01
1.548216658749612396e-01
1.554818896709538323e-01
1.560366346528151149e-01
1.565699408513162860e-01
1.571761389132416697e-01
1.577463198191222382e-01
1.583928227937644317e-01
1.589630036996449169e-01
1.596549568950103026e-01
1.602663002649419577e-01
1.608836464942147715e-01
1.614246706547257659e-01
1.620806066940461421e-01
1.627202492580131221e-01
1.632912877152281061e-01
1.638734743397902982e-01
1.643819115495940009e-01
1.650327022809079947e-01
1.656003105327855107e-01
1.662459559560932609e-01
1.667441025498842821e-01
1.673348646877904078e-01
1.679436354037186774e-01
1.684983803855801265e-01
1.691165841661871339e-01
1.697107765094306997e-01
1.702346496432536327e-01
1.708828677205645463e-01
1.715748209159298765e-01
1.721441442704761404e-01
1.727769264237678515e-01
1.733659734590051460e-01
1.740167641903193896e-01
1.746246773549135767e-01
1.751648439640901833e-01
1.758019138740535836e-01
1.764021090766382804e-01
1.769757201878564279e-01
1.776590978698776579e-01
1.782344240837646365e-01
1.788612033777155774e-01
1.794896977743349886e-01
1.801319129923050488e-01
1.807964245449696084e-01
1.813751809641943602e-01
1.820079631174858492e-01
1.825910072933824013e-01
1.832375102680244283e-01
1.838034034172329190e-01
1.844078863764894716e-01
1.850398109784468503e-01
1.856966045691016420e-01
1.863259565170554966e-01
1.868472569968752939e-01
1.874791815988328114e-01
1.881445507028313979e-01
1.887661846887760952e-01
1.894495623707972143e-01
1.900711963567416618e-01
1.906731066619950232e-01
1.912913104426019195e-01
1.919412436225814422e-01
1.925174273878028641e-01
1.931399189250815884e-01
1.937881370023926686e-01
1.944097709883372271e-01
1.950314049742817857e-01
1.956444634468823274e-01
1.962403708927946688e-01
1.968551444680637641e-01
1.974424764006324773e-01
1.979929336258218209e-01
1.986077072010909439e-01
1.992404893543827382e-01
1.998681261996680114e-01
2.004734667102587853e-01
2.011302603009134937e-01
2.017364583628389052e-01
2.022783400746842319e-01
2.028853956879436149e-01
2.034598643504963444e-01
2.040540566937401046e-01
2.046662576150060364e-01
2.052450140342307883e-01
2.058014741187610408e-01
2.063742276786446617e-01
2.069804257405700176e-01
2.075823360458232403e-01
2.082108304424429290e-01
2.087801537969890542e-01
2.093752036915672576e-01
2.099488148027854051e-01
2.105078475413185712e-01
2.111003247818937500e-01
2.116739358931118142e-01
2.122501196583329031e-01
2.128168703588759481e-01
2.133699002380685383e-01
2.139212150145923252e-01
2.145068318444918187e-01
2.150521437616748632e-01
2.155991707815267111e-01
2.161547733147226313e-01
2.167189513612621243e-01
2.172874171644738894e-01
2.178344441843256263e-01
2.183566022154798114e-01
2.188796177979682178e-01
2.193992031751194061e-01
2.199419424382993982e-01
2.204941147661574063e-01
2.210531475046907668e-01
2.215967443192047304e-01
2.221480590957286283e-01
2.227019465262556341e-01
2.232318225194195038e-01
2.237788495392709909e-01
2.243147283917757417e-01
2.248514647956148804e-01
2.253813407887788334e-01
2.259163620899487523e-01
2.263450651719524920e-01
2.263450651719524920e-01
2.263450651719524920e-01
2.263450651719524920e-01
2.263450651719524920e-01
2.263450651719524920e-01
2.263450651719524920e-01
2.263450651719524920e-01
2.263450651719524920e-01
2.263450651719524920e-01
2.263450651719524920e-01
2.263450651719524920e-01
2.263450651719524920e-01
2.263450651719524920e-01
2.263450651719524920e-01
2.263450651719524920e-01
2.263450651719524920e-01
2.263450651719524920e-01
2.263450651719524920e-01
2.263450651719524920e-01
2.263450651719524920e-01
2.263450651719524920e-01
2.263450651719524920e-01
2.263450651719524920e-01
2.263450651719524920e-01
2.263450651719524920e-01
2.263450651719524920e-01
2.263450651719524920e-01
2.263450651719524920e-01
2.263450651719524920e-01
2.263450651719524920e-01
2.263450651719524920e-01
2.263450651719524920e-01
2.263450651719524920e-01
2.263450651719524920e-01
2.263450651719524920e-01
2.263450651719524920e-01
2.263450651719524920e-01
2.263450651719524920e-01
2.263450651719524920e-01
2.263450651719524920e-01
2.263450651719524920e-01
2.263450651719524920e-01
2.263450651719524920e-01
2.263450651719524920e-01
2.263450651719524920e-01
2.263450651719524920e-01
2.263450651719524920e-01
2.263450651719524920e-01
2.263450651719524920e-01
2.263450651719524920e-01
2.263450651719524920e-01
2.263450651719524920e-01
2.263450651719524920e-01
2.263450651719524920e-01
2.263450651719524920e-01
2.263450651719524920e-01
2.263450651719524920e-01
2.263450651719524920e-01
2.263450651719524920e-01
2.263450651719524920e-01
2.263450651719524920e-01
2.263450651719524920e-01
2.263450651719524920e-01
2.263450651719524920e-01
2.263450651719524920e-01
2.263450651719524920e-01
2.263450651719524920e-01
2.263450651719524920e-01
2.263450651719524920e-01
2.263450651719524920e-01
2.263450651719524920e-01
2.263450651719524920e-01
2.263450651719524920e-01
2.263450651719524920e-01
2.263450651719524920e-01
2.263450651719524920e-01
2.263450651719524920e-01
2.263450651719524920e-01
2.263450651719524920e-01
2.263450651719524920e-01
2.263450651719524920e-01
2.263450651719524920e-01
