1.245398273878290524e-02
1.067089109371372607e-02
9.358372539663163334e-03
8.267721909924691595e-03
7.324821777544606415e-03
6.503421820690380786e-03
5.787632293157740290e-03
5.157433247097239701e-03
4.596692971919451483e-03
4.102673656519591552e-03
3.667310273304008345e-03
3.286071475989769518e-03
2.951475902158326621e-03
2.653689480474470848e-03
2.399435497615524417e-03
2.180848440453884724e-03
1.990515970690762138e-03
1.827070986848063202e-03
1.681027808808505716e-03
1.549669646117219452e-03
1.443161179073343273e-03
1.353014676394139739e-03
1.274237398697429351e-03
1.201813742897041987e-03
1.141038232718165086e-03
1.086255200212352936e-03
1.035496999095574400e-03
9.923993607372637738e-04
9.526526894995197749e-04
9.142215152510154656e-04
8.793711583220828682e-04
8.474572644145486611e-04
8.189480597039004673e-04
7.914818037353185546e-04
7.664157059508280682e-04
7.325167142698715524e-04
7.098666068083555941e-04
6.881866737528033592e-04
6.674810038503671160e-04
6.477913939145468064e-04
6.294164385669185052e-04
6.114771492674340525e-04
5.948208023628064316e-04
5.783408172449069429e-04
5.627149940216954332e-04
5.475395208420068835e-04
5.326087620452994286e-04
5.161031210951754064e-04
5.022269523085534518e-04
4.889711297146933505e-04
4.749245592539868112e-04
4.624007514383058574e-04
4.476808793352989621e-04
4.361278759387592638e-04
4.248441559689868172e-04
4.140244604249001159e-04
4.036203247816992981e-04
3.937182918980464651e-04
3.841314991419027898e-04
3.748131631441577877e-04
3.659660963523167629e-04
3.573241775318095753e-04
3.491485886458077417e-04
3.413213295435407377e-04
3.339017787094185623e-04
3.268191695031536490e-04
3.200595629173987630e-04
3.136026287409838208e-04
3.075266108529132515e-04
3.017354400249507452e-04
2.962815178664460333e-04
2.910760976086384870e-04
2.862047226558705549e-04
2.815941442026131491e-04
2.770874405868739218e-04
2.729760229220858027e-04
2.689560136372200335e-04
2.633847628794657868e-04
2.597616435760289038e-04
2.564401326574344939e-04
2.533236040283504630e-04
2.504381332972190912e-04
2.475230586205911100e-04
2.449663381105726331e-04
2.425747497282433672e-04
2.396858323697628572e-04
2.377150156194492798e-04
2.358705355799676942e-04
2.340521663184708513e-04
2.325958130808502254e-04
2.312983233477118128e-04
2.300294001483787088e-04
2.289184374441474398e-04
2.280146448370306579e-04
2.269473835782671791e-04
2.261367216846865301e-04
2.252620676238500680e-04
2.246241551078528951e-04
2.242073878366012980e-04
2.224084560805396295e-04
2.219495878512599512e-04
2.209668373210117731e-04
2.205908436692343008e-04
2.203580004806429845e-04
2.201364435876624866e-04
2.199296874639463935e-04
2.192018024364448777e-04
2.188439045939883439e-04
2.186555963620408314e-04
2.185133283910681496e-04
2.183948724127340239e-04
2.183121453503837942e-04
2.182074971669645995e-04
2.181447875791625622e-04
2.180832375131618267e-04
2.180046534966351374e-04
2.179604866558266466e-04
2.179222235681224618e-04
2.178638691557574004e-04
2.178297319631206260e-04
2.178016963010782350e-04
2.177465953141544705e-04
2.177254323776783862e-04
2.177128466132623023e-04
2.176956014678661626e-04
2.176758380150959477e-04
2.176648295328839069e-04
2.176600790505653013e-04
2.176579794638286804e-04
2.176556754586983348e-04
2.176540468741910387e-04
2.176514372435252342e-04
2.176444575678027310e-04
2.176416961283491637e-04
2.176388762270055365e-04
2.176368299905742903e-04
2.176298507722203594e-04
2.176283348586193866e-04
2.176276872290387537e-04
2.176269948038015974e-04
2.176261510476010556e-04
2.176252961621813313e-04
2.176234233105104644e-04
2.176231317463819923e-04
2.176142693939183673e-04
2.176005476232626041e-04
2.175893338272194414e-04
2.175879133720836571e-04
2.175862922971369070e-04
2.175853850160261796e-04
2.175851325564746245e-04
2.175832087402576435e-04
2.175523606586601160e-04
2.175500561039476620e-04
2.175491412012751057e-04
2.175487900720977767e-04
2.175477900096374701e-04
2.175464163823948656e-04
2.175446797427832359e-04
2.175418213689946794e-04
2.175400878757998520e-04
2.175373952698113355e-04
2.175348719126955484e-04
2.175332676996565289e-04
2.175313801514200829e-04
2.175274960605630891e-04
2.175261779543347573e-04
2.175245376887388832e-04
2.175220431183849700e-04
2.175212149447124804e-04
2.175172420325024634e-04
2.175158567004054880e-04
2.175146390410136058e-04
2.175121164341636349e-04
2.175112542510779939e-04
2.175109447370050396e-04
2.175095961598060175e-04
2.175071369480019597e-04
2.175057361299233196e-04
2.174955882039983975e-04
2.174902043909775651e-04
2.174886984991847370e-04
2.174860328902954111e-04
2.174849503046888291e-04
2.174830784431040407e-04
2.174809724720177466e-04
2.174790352483492114e-04
2.174773983604957590e-04
2.174743452493475013e-04
2.174715768165688798e-04
2.174692150017633286e-04
2.174672808122013966e-04
2.174659193906273427e-04
2.174585069622708732e-04
2.174573649336892806e-04
2.174546851767386244e-04
2.174514440578339766e-04
2.174488450618577799e-04
2.174475872677777088e-04
2.174454388792505441e-04
2.174443217630949419e-04
2.174434165017821176e-04
2.174427010512595341e-04
2.174413859987434875e-04
2.174401818464999402e-04
2.174392050145865685e-04
2.174383993472075115e-04
2.174378617438229590e-04
2.174363666462656450e-04
2.174352126028445710e-04
2.174344223663690037e-04
2.174323756940169268e-04
2.174302791507682665e-04
2.174300938699679886e-04
2.174280849473441953e-04
2.174210827374442330e-04
2.174191311681901331e-04
2.174165724533790858e-04
2.174161505723772730e-04
2.174146815952021563e-04
2.174129020966094326e-04
2.174102256601016824e-04
2.173961615302110720e-04
2.173942036275967036e-04
2.173923024891639608e-04
2.173892723892361550e-04
2.173891856023155958e-04
2.173875597948438456e-04
2.173851466485757764e-04
2.173831799686957371e-04
2.173807241408211278e-04
2.173801355219041193e-04
2.173796203908724841e-04
2.173752091261581070e-04
2.173703272218030264e-04
2.173677546029329497e-04
2.173665090030898995e-04
2.173662924176993810e-04
2.173621656966604095e-04
2.173588051639916471e-04
2.173563121749762825e-04
2.173546230884978504e-04
2.173533588708946888e-04
2.173515915812685773e-04
2.173514112617252634e-04
2.173508032877467561e-04
2.173486276488282220e-04
2.173463253293793373e-04
2.173460990746004819e-04
2.173452099179897564e-04
2.173440142499567763e-04
2.173435739545041996e-04
2.173421396446096037e-04
2.173395127571613975e-04
2.173286322241218811e-04
2.173263086830876079e-04
2.173183934915385424e-04
2.173078819550780592e-04
2.173010139069396854e-04
2.172905100151290893e-04
2.172856634441528096e-04
2.172822806615163911e-04
2.172801284478575274e-04
2.172766186585200002e-04
2.172758973531161125e-04
2.172736398766167041e-04
2.172727195623541890e-04
2.172726341531244245e-04
2.172681740767641329e-04
2.172483957039598513e-04
2.172450630556163359e-04
2.172417409161184860e-04
2.172357532294338521e-04
2.172321042315220779e-04
2.172297829586172010e-04
2.172222571585937781e-04
2.172179054126166975e-04
2.172042839060563005e-04
2.171990265278277914e-04
2.171921436148554173e-04
2.171867389379666599e-04
2.171791587196687172e-04
2.171788618970188706e-04
2.171784669333040878e-04
2.171769022353642689e-04
2.171733917937849177e-04
2.171680561637258562e-04
2.171642441018909592e-04
2.171550778901976727e-04
2.171542712009160282e-04
2.171507285243743919e-04
2.171488228033317770e-04
2.171438389495182995e-04
2.171387564443854495e-04
2.171368893601123996e-04
2.171357271224327130e-04
2.171345323310219398e-04
2.171324338978913382e-04
2.171325324330153816e-04
2.171276336384042886e-04
2.171162157351575752e-04
2.171093786953217351e-04
2.170978535551427156e-04
2.170967353970121490e-04
2.170920056270949554e-04
2.170885864315507459e-04
2.170759102745473937e-04
2.170758111051505511e-04
2.170615656596434754e-04
2.170594528462595381e-04
2.169921170911841865e-04
2.168939564556033423e-04
2.168853624789825879e-04
2.168730481944816039e-04
2.168664570084732131e-04
2.168492858576314265e-04
2.168423912531367904e-04
2.168200684615524817e-04
2.168059867277565857e-04
2.168005138940033445e-04
2.167952970980111644e-04
2.167947557641157572e-04
2.167848770931569231e-04
2.167783087142503883e-04
2.167715314763287826e-04
2.167688067912201442e-04
2.167543867316185633e-04
2.167517275845410088e-04
2.167459290528925189e-04
2.167442227769372483e-04
2.167333713100427035e-04
2.167217439169406769e-04
2.166899019802859781e-04
2.166725466299957185e-04
2.166445449915779299e-04
2.166434060568176790e-04
2.166155648779205880e-04
2.165897427638683920e-04
2.165669292389461658e-04
2.165326086762207197e-04
2.165320581462671994e-04
2.165016530244716212e-04
2.164917268549961112e-04
2.164742818191277144e-04
2.164631345516147137e-04
2.164470752164414293e-04
2.164190826377349552e-04
2.164038090024179210e-04
2.163916784701360525e-04
2.163408833232658020e-04
2.163206878880235770e-04
2.163096542017985873e-04
2.163082112582674068e-04
2.163053435104932674e-04
2.163047944952269401e-04
2.162883265621180588e-04
2.162752686830974301e-04
2.162407959343892283e-04
2.162322196573687771e-04
2.162209087957669799e-04
2.162150647508519132e-04
2.162107442172915713e-04
2.162125068197894744e-04
2.161594119410663838e-04
2.160312229094427409e-04
2.159251512885853957e-04
2.158971245847570851e-04
2.158556564177145220e-04
2.157548090349785722e-04
2.156608356354153342e-04
2.156250765587418186e-04
2.155909948111502192e-04
2.155519215124162028e-04
2.155329008861089262e-04
2.153023277594140169e-04
2.152002991312136409e-04
2.150161115147298802e-04
2.147244568895211839e-04
2.146729729435317648e-04
2.142809180007297285e-04
2.143790611553673660e-04
2.141061101308721541e-04
2.142966322954735167e-04
2.140791952796539598e-04
2.136422069352109630e-04
2.143813757886626451e-04
2.157802197167502708e-04
2.178454339077966141e-04
2.198388100305377407e-04
2.212733366957532488e-04
2.266963457387183615e-04
2.335794155730826812e-04
2.363177952447407940e-04
2.416454264894539092e-04
2.544356649854705101e-04
2.778128816236333665e-04
2.992527601738892906e-04
3.514797144189119146e-04
4.288710493014946299e-04
5.214859233874649322e-04
6.854996998450290464e-04
8.862634949388318705e-04
1.156748343216738644e-03
1.450600396434025170e-03
1.937788291536043971e-03
2.779935514658498849e-03
3.190308884158646677e-03
4.474732326705773908e-03
6.246596749080807892e-03
9.099923060437414835e-03
1.209249352179849260e-02
1.767162584346028409e-02
2.595062224411942911e-02
3.454658544976527135e-02
5.191027864758775145e-02
7.913254225610223680e-02
1.551964303948402124e-01
8.822060861565498291e-01
8.971119245833162069e+08
8.971119244892644882e+08
8.971119243952136040e+08
8.971119243011637926e+08
8.971119242071139812e+08
8.971119241130650043e+08
8.971119240190155506e+08
8.971119239249683619e+08
8.971119238309206963e+08
8.971119237368743420e+08
8.971119236428278685e+08
8.971119235487829447e+08
8.971119234547380209e+08
8.971119233606936932e+08
8.971119232666499615e+08
8.971119231726069450e+08
8.971119230785648823e+08
8.971119229845232964e+08
8.971119228904821873e+08
8.971119227964416742e+08
8.971119227024012804e+08
8.971119226083624363e+08
8.971119225143238306e+08
8.971119224202859402e+08
8.971119223262485266e+08
8.971119222322117090e+08
8.971119221381751299e+08
8.971119220441395044e+08
8.971119219501050711e+08
8.971119218560712337e+08
8.971119217620370388e+08
8.971119216680037975e+08
8.971119215739716291e+08
8.971119214799400568e+08
8.971119213859089613e+08
8.971119212918778658e+08
8.971119211978483200e+08
8.971119211038186550e+08
8.971119210097898245e+08
8.971119209157619476e+08
8.971119208217341900e+08
8.971119207277072668e+08
8.971119206336816549e+08
8.971119205396556854e+08
8.971119204456306696e+08
8.971119203516064882e+08
8.971119202575826645e+08
8.971119201635595560e+08
8.971119200695375204e+08
8.971119199755154848e+08
8.971119198814938068e+08
8.971119197874733210e+08
8.971119196934533119e+08
8.971119195994340181e+08
8.971119195054149628e+08
8.971119194113969803e+08
8.971119193173794746e+08
8.971119192233625650e+08
8.971119191293458939e+08
8.971119190353301764e+08
8.971119189413154125e+08
8.971119188473010063e+08
8.971119187532871962e+08
8.971119186592742205e+08
8.971119185652611256e+08
8.971119184712482691e+08
8.971119183772380352e+08
8.971119182832274437e+08
8.971119181892168522e+08
8.971119180952075720e+08
8.971119180011987686e+08
8.971119179071900845e+08
8.971119178131824732e+08
8.971119177191751003e+08
8.971119176251692772e+08
8.971119175311634541e+08
8.971119174371581078e+08
8.971119173431538343e+08
8.971119172491499186e+08
8.971119171551468372e+08
8.971119170611441135e+08
8.971119169671417475e+08
8.971119168762738705e+08
