4.911477585838547322e-01
4.913629265450107919e-01
4.917922658492877019e-01
4.924341879093783736e-01
4.932871827186446900e-01
4.943505253942927502e-01
4.956247766927152631e-01
4.971119069105452981e-01
4.988150033136793948e-01
5.007376663577026710e-01
5.028833093326723347e-01
5.052546116447206304e-01
5.078533249507297676e-01
5.106805106487674051e-01
5.137371375825284803e-01
5.170248412197597787e-01
5.205465840031211489e-01
5.243069830307045542e-01
5.283121778242289013e-01
5.325692621451534325e-01
5.370854482730883506e-01
5.418672203196298609e-01
5.469197344654906923e-01
5.522466375989014686e-01
5.578503309340485661e-01
5.637325513426896251e-01
5.698950334940661167e-01
5.763399891294000987e-01
5.830702064807622431e-01
5.900887111028439991e-01
5.973980916094181470e-01
6.049997226324443922e-01
6.128931655337539475e-01
6.210759747095028205e-01
6.295439980595758378e-01
6.382920791649946413e-01
6.473149067145370639e-01
6.566076703168332029e-01
6.661662040042656274e-01
6.759864267205878408e-01
6.860630839558421457e-01
6.963879935111648711e-01
7.069481353659222700e-01
7.177239551202020396e-01
7.286881634199402491e-01
7.398051415862092473e-01
7.510308682258887147e-01
7.623131343260728388e-01
7.735917714114510790e-01
7.847986990374090643e-01
7.958577791836493054e-01
8.066846816566368705e-01
8.171871331047683151e-01
8.272659690567581992e-01
8.368172966710220040e-01
8.457358216044729149e-01
8.539190632471560516e-01
8.612718793290246033e-01
8.677105466521227717e-01
8.731656706595593009e-01
8.775834355124405572e-01
8.809251031865328319e-01
8.831651145271255388e-01
8.842885044142180240e-01
