1.315541923690725802e-05
5.919284158138769575e-04
1.197699474257634018e-03
1.810833640483242371e-03
2.443602760793783454e-03
3.119732404708559260e-03
3.808952018013293979e-03
4.503080369839265566e-03
5.211934937228936485e-03
5.905245165968034393e-03
6.611645364097087745e-03
7.325408670008000736e-03
8.056352560743235830e-03
8.806931405563409726e-03
9.564055235078562645e-03
1.029827161816129072e-02
1.101694366259345012e-02
1.175606878419741506e-02
1.248128581332455349e-02
1.318932225762737241e-02
1.391617553292825299e-02
1.464384693131598643e-02
1.534370214475005122e-02
1.602146803483856657e-02
1.666978149379966939e-02
1.733036679906386004e-02
1.799586084284928236e-02
1.870062479480457882e-02
1.938002693106683633e-02
2.007415528289278883e-02
2.078219172719558694e-02
2.147959257136904110e-02
2.218435652332433755e-02
2.290548293701708329e-02
2.360942876588550954e-02
2.433464579501261327e-02
2.503531913153355173e-02
2.575480929905255012e-02
2.650129752843833481e-02
2.722815080373919630e-02
2.796400343299564745e-02
2.870803729312080763e-02
2.944716241472470145e-02
3.019201439793671796e-02
3.093032139645376238e-02
3.166781027188393660e-02
3.240284477805348284e-02
3.313787928422300133e-02
3.387945877508752313e-02
3.460958454273583423e-02
3.536589024916406837e-02
3.609928850915986726e-02
3.685313984632748036e-02
3.759717370645262319e-02
3.834120756657776602e-02
3.908769579596353683e-02
3.981945780978561611e-02
4.059130785486441545e-02
4.132470611486020740e-02
4.209328366759151202e-02
4.283568128154291443e-02
4.357235203388623579e-02
4.432620337105382113e-02
4.505551101561527244e-02
4.580690798352225757e-02
4.655666870525550921e-02
4.731133816550998905e-02
4.806355325650385479e-02
4.881413210132398012e-02
4.957043780775221425e-02
5.032756163726734289e-02
5.107077737430563980e-02
5.183117369616824927e-02
5.257111694085903064e-02
5.332005953950542942e-02
5.406654776889120023e-02
5.480976350592949714e-02
5.556279672001023656e-02
5.632155679569911255e-02
5.706886314817181255e-02
5.781044263903643149e-02
5.857002083781224361e-02
5.931650906719809768e-02
6.006954228127892731e-02
6.081275801831730055e-02
6.157151809400624592e-02
6.231473383104464692e-02
6.307431202982047291e-02
6.382080025920633393e-02
6.457628784254780541e-02
6.532032170267305926e-02
6.606926430131956907e-02
6.680429880748921245e-02
6.756633137552564561e-02
6.831936458960649605e-02
6.906176220355798867e-02
6.981724978689944627e-02
7.056782863171968956e-02
7.130777187641057502e-02
7.206244133666518670e-02
7.281056581222479507e-02
7.356523527247942063e-02
7.430436039408339077e-02
7.506802920829358516e-02
7.581369931459254474e-02
7.655855129780470003e-02
7.731158451188556435e-02
7.805398212583705697e-02
7.880865158609166865e-02
7.955023107695625983e-02
8.029753742942899453e-02
8.101293698151372513e-02
8.175533459546523163e-02
8.251491279424108538e-02
8.326712788523500663e-02
8.399888989905718306e-02
8.475519560548550047e-02
8.549186635782889121e-02
8.622362837165106764e-02
8.697666158573187645e-02
8.771905919968335519e-02
8.845654807511366124e-02
8.919812756597830794e-02
8.994952453388541103e-02
9.069274027092381896e-02
9.142859290018034990e-02
9.218162611426122810e-02
9.292811434364704748e-02
9.367705694229352953e-02
9.441863643315816235e-02
9.513976284685095319e-02
9.587316110684690473e-02
9.662864869018836234e-02
9.736286507327110429e-02
9.811835265661256189e-02
9.888529396317025100e-02
9.961623785390548436e-02
1.003684529448994334e-01
1.011223042820671575e-01
1.018622475267580429e-01
1.026210076024470091e-01
1.033666777087459548e-01
1.040968034763943978e-01
1.048269292440428130e-01
1.055578731347781019e-01
1.063109063488589662e-01
1.070647576860266764e-01
1.078226996386287273e-01
1.085732784834489567e-01
1.093353110514853760e-01
1.100572555882650821e-01
1.108012894483902805e-01
1.115494139239499027e-01
1.122779034454245844e-01
1.130227554286367397e-01
1.137757886427176873e-01
1.144748257330649999e-01
1.152041333776265275e-01
1.159604390840550253e-01
1.166692936514447526e-01
1.173740576034001670e-01
1.180968202632667746e-01
1.187745861533554687e-01
1.194752594898764869e-01
1.201546616261387895e-01
1.208847873937873713e-01
1.216402749771288566e-01
1.223024965285669230e-01
1.230980721431651631e-01
1.236915713553058821e-01
1.242564362594061472e-01
1.248646616871107035e-01
1.254663421301202564e-01
1.261522892510775484e-01
1.267719684019982251e-01
1.273392876753589587e-01
1.278926988562429645e-01
1.284403831755191183e-01
1.290044299565323849e-01
1.295087537522040255e-01
1.299828069936614927e-01
1.304274078039914242e-01
1.309178235071862262e-01
1.314892333959815085e-01
1.320753695003403783e-01
1.326631418508729399e-01
1.331731925081526824e-01
1.337519655047297307e-01
1.342644705312701636e-01
1.347925198964611271e-01
1.353254780001733049e-01
1.358788891810573385e-01
1.363684867611652807e-01
1.368744468030106964e-01
1.374581285381089313e-01
1.379902685187342770e-01
1.386222195159580173e-01
1.392410805437918897e-01
1.397601305550271455e-01
1.403323585669092044e-01
1.408874059939669299e-01
1.414465440364591209e-01
1.419459590936095750e-01
1.425705469830515493e-01
1.431362300102386187e-01
1.437550910380723523e-01
1.442659598184390379e-01
1.447670111217632116e-01
1.452901517484329885e-01
1.458689247450099258e-01
1.464321534029364158e-01
1.470305613535983769e-01
1.475537019802682093e-01
1.481087494073260180e-01
1.488503288981905259e-01
1.493521983246016427e-01
1.498818839359663535e-01
1.504164782858522509e-01
1.510868810681590402e-01
1.516476553568248675e-01
1.522624257692243854e-01
1.528174731962820831e-01
1.534445154549845536e-01
1.541271900835943232e-01
1.546756925259570592e-01
1.551922881679317912e-01
1.557088838099066064e-01
1.561894820360588687e-01
1.568451586028019873e-01
1.576775497563094597e-01
1.581704198287649521e-01
1.587729183948612677e-01
1.592723334520116663e-01
1.598404708484594539e-01
1.603963363986040669e-01
1.610184699187853785e-01
1.615440649147157071e-01
1.621645621887234379e-01
1.629396847261497527e-01
1.635659088617653356e-01
1.640743232728714418e-01
1.646334613153636051e-01
1.654576712380023684e-01
1.660552610655775252e-01
1.666299434467201357e-01
1.673257080447198286e-01
1.679175710106868002e-01
1.684832540378739252e-01
1.693262807915106860e-01
1.702519379769215357e-01
1.709845181138305581e-01
1.719821701308861528e-01
1.726427554361504579e-01
1.731830766476444294e-01
1.737953926907831737e-01
1.743340776561034255e-01
1.749823911150646394e-01
1.756347951894601245e-01
1.762119319398633421e-01
1.769453301998592798e-01
1.776460035363801870e-01
1.784448516433259913e-01
1.792134291960575387e-01
1.800016417028737770e-01
1.807522205476939925e-01
1.816263359786320919e-01
1.823163737150236829e-01
1.830186832977184763e-01
1.838641644206158998e-01
1.846049257883937700e-01
1.854512250343779145e-01
1.864349689589567538e-01
1.873548992827594184e-01
1.882461952985216569e-01
1.888036970948400450e-01
1.895698202783108743e-01
1.904791150019844725e-01
1.915364900043817764e-01
1.926364074072963450e-01
1.935236128076242290e-01
1.942889178680081708e-01
1.950452235744364882e-01
1.958317998350791178e-01
1.966879165581058020e-01
1.974123154641461153e-01
1.982463428638271685e-01
1.991114589408094770e-01
1.998808546166277733e-01
2.005054425060695533e-01
2.011234854108165937e-01
2.018192500088163144e-01
2.024086586055227066e-01
2.032729565594179333e-01
2.042174305758268638e-01
2.051242709302398548e-01
2.060073857151334120e-01
2.066229742506195677e-01
2.076484424526289230e-01
2.085258303759145171e-01
2.094547600536728060e-01
2.102462450528367333e-01
2.109600083587477859e-01
2.117130415728285808e-01
2.127164204514923607e-01
2.137075274838530770e-01
2.147149969779512668e-01
2.154909376384646080e-01
2.162636058066302325e-01
2.170428189594909851e-01
2.179750211295967133e-01
2.185906096650831743e-01
2.193460972484247429e-01
2.204280159434281738e-01
2.213045857436267694e-01
2.223529613920685877e-01
2.231411738988848537e-01
2.237903054809328163e-01
2.247135082970832254e-01
2.257438852376133231e-01
2.266646336845028475e-01
2.274332112372337289e-01
2.280635259882834720e-01
2.287036582163755882e-01
2.295687742933574527e-01
2.305197932944611783e-01
2.311648342610745921e-01
2.320348590765778096e-01
2.329858780776815907e-01
2.339368970787850943e-01
2.346858396774309519e-01
2.354666890764652298e-01
2.364070724774393895e-01
2.372124655690799333e-01
2.379352282289461940e-01
2.386694446120284363e-01
2.397440001992492964e-01
2.407645596627371321e-01
2.417916641109198184e-01
2.425250623709155895e-01
2.435120787878409521e-01
2.443231987410894590e-01
2.452447653110656767e-01
2.459708004632795153e-01
2.469962686652884543e-01
2.480290999750791314e-01
2.486954121419512331e-01
2.495212583107631610e-01
2.504763679273013244e-01
2.514944730215284419e-01
2.523792240525952191e-01
2.530676255428126464e-01
2.541577254686844256e-01
2.551021994850933283e-01
2.561145777177123439e-01
2.571760433355431696e-01
2.580869743053899601e-01
2.590093589984530653e-01
2.597648465817943841e-01
2.603787988711066537e-01
2.612013725475711978e-01
2.620673067476402829e-01
2.628947891626259858e-01
2.637926301630825199e-01
2.644204905448719889e-01
2.651072557889159187e-01
2.658889233110371397e-01
2.669201183746539585e-01
2.677328745740761295e-01
2.686478961593571912e-01
2.696668193766713628e-01
2.705842953312131982e-01
2.716760315032588080e-01
2.724756977332909447e-01
2.731690079620295863e-01
2.740185797003610313e-01
2.748305177766964813e-01
2.756735445303326593e-01
2.764977544529710896e-01
2.773636886530398415e-01
2.783556138084869458e-01
2.790677408682238902e-01
2.800883003317116704e-01
2.808257892071415185e-01
2.817219939614249435e-01
2.826779217010496614e-01
2.835332203009891527e-01
2.844097901011869434e-01
2.854295314415876139e-01
2.864631808744653729e-01
2.875295552308183011e-01
2.884797561088349727e-01
2.893735064938574020e-01
2.903605229107834584e-01
2.912951794501496550e-01
2.922126554046911018e-01
2.932839384995650223e-01
2.941973238386723644e-01
2.950526224386119667e-01
2.961427223644838569e-01
2.969628416716875718e-01
2.978680457799263159e-01
2.989033314589776280e-01
2.997700837821334896e-01
3.005599325351233087e-01
3.013096932568563591e-01
3.022738022273497305e-01
3.029319331633528178e-01
3.036473327154373680e-01
3.046220772860604442e-01
3.055436438560366619e-01
3.063727625171964730e-01
3.074538630891125446e-01
3.085022387375537800e-01
3.095367062935180380e-01
3.104042767397605651e-01
3.113724763256886519e-01
3.122187755716727131e-01
3.132008832500771112e-01
3.141854452977423384e-01
3.151209199601953115e-01
3.158903156360133302e-01
3.168699689451570101e-01
3.178512585004749647e-01
3.184594839281791878e-01
3.192861482200781142e-01
3.203009808219579035e-01
3.212389098536712617e-01
3.222561968248116027e-01
3.232080339490020493e-01
3.240796950106789587e-01
3.251763399212454497e-01
3.262116256002969283e-01
3.272469112793481849e-01
3.281480247721523247e-01
3.290507745111305171e-01
3.299052549879828433e-01
3.308472746351309723e-01
3.318481991445333956e-01
3.326527741130870242e-01
3.336496080070553427e-01
3.346374425470682312e-01
3.354510168695770678e-01
3.364429420250242830e-01
3.373636904719135576e-01
3.383384350425363007e-01
3.393851744448039276e-01
3.403721908617297620e-01
3.413592072786555964e-01
3.421817809551203071e-01
3.431000750327484194e-01
3.440249140950723539e-01
3.449399356803533601e-01
3.458001430188145098e-01
3.467405264197884196e-01
3.477520865293203811e-01
3.484265799270607200e-01
3.491632506794037916e-01
3.501797195274569119e-01
3.512027333602053547e-01
3.520948474990545085e-01
3.529370561296039654e-01
3.537506304521127465e-01
3.546861051145657751e-01
3.555684017763716120e-01
3.563827942219674472e-01
3.573428125770268249e-01
3.582561979161341115e-01
3.592800298719693308e-01
3.603054980739784363e-01
3.612597895674292681e-01
3.622304435226176289e-01
3.630415634758658583e-01
3.638371390904638347e-01
3.646188066125848892e-01
3.654225634580517412e-01
3.663604924897654325e-01
3.673426001681701081e-01
3.682829835691444620e-01
3.691570990000815899e-01
3.700500312620172427e-01
3.709724159550804590e-01
3.717148135690318544e-01
3.725496590917997675e-01
3.734335919997794906e-01
3.742741643841553945e-01
3.752595445549073983e-01
3.762220172792271611e-01
3.771198582796841947e-01
3.780250623879228833e-01
3.789556283118546975e-01
3.798199262657497854e-01
3.807046772968165627e-01
3.815526127889741215e-01
3.824872693283400960e-01
3.833221148511080090e-01
3.840726936959277249e-01
3.849337191574753736e-01
3.858209245578028690e-01
3.867195836813466792e-01
3.875609741888093596e-01
3.883924817693824028e-01
