3.456440469788195618e-03
2.492068146895438582e-03
2.016606034631854456e-03
1.686246812870568134e-03
1.442860640193686927e-03
1.245452516506257443e-03
1.080033587138476284e-03
9.406354226794311647e-04
8.227880423421859339e-04
7.227910562328460423e-04
6.384593443336124795e-04
5.667439223841466873e-04
5.048497246105554002e-04
4.515804289227814982e-04
4.052106886068928388e-04
3.652621479470898416e-04
3.307833680202639697e-04
3.012440157123958935e-04
2.760939110808598856e-04
2.543237918496539735e-04
2.357544026799648050e-04
2.202229385291662282e-04
2.068516312626360787e-04
1.954640093795885882e-04
1.860079161047854790e-04
1.778485927138570078e-04
1.708109983417330127e-04
1.643486886961098039e-04
1.585915034657194727e-04
1.533143095566335981e-04
1.485480593136157066e-04
1.441457533880880632e-04
1.400131233393822757e-04
1.359835375139197152e-04
1.323474606035031993e-04
1.289131529311047142e-04
1.255919103019582537e-04
1.224908924214094229e-04
1.195161956964563803e-04
1.166462186725203794e-04
1.139271140900619916e-04
1.113010230709344015e-04
1.087737645700569751e-04
1.063213741806882522e-04
1.038760127462452684e-04
1.014850100036279393e-04
9.927052822332379503e-05
9.708912348773325476e-05
9.498949194484385106e-05
9.292983562731615315e-05
9.088526021877212969e-05
8.894088568627270730e-05
8.700988595362536989e-05
8.510817780343291885e-05
8.327125649173131971e-05
8.148846070526349255e-05
7.973712354909986424e-05
7.799596208502621692e-05
7.631168221220218436e-05
7.463928246110807993e-05
7.298876411889737418e-05
7.138905213596586350e-05
6.982737392429818929e-05
6.826852162300548171e-05
6.675247847064649960e-05
6.527576791115362505e-05
6.383724369166429268e-05
6.239507324857635460e-05
6.094951968978066576e-05
5.953388035473626121e-05
5.816709730995882463e-05
5.683517606548411233e-05
5.552058362022711438e-05
5.424066484525708385e-05
5.297959870141266719e-05
5.172307034552717280e-05
5.051301645142564626e-05
4.929206465914911004e-05
4.809617673521539917e-05
4.695136255182239037e-05
4.582364130261262211e-05
4.471600750435074134e-05
4.363796517075693162e-05
4.257822398686915704e-05
4.154424765549496204e-05
4.052926099730934736e-05
3.948677294509231122e-05
3.849404440730430513e-05
3.753137129554833364e-05
3.657477196963198262e-05
3.565448571566882453e-05
3.474822045358581986e-05
3.379876031099066357e-05
3.291315444091914779e-05
3.206361755189173911e-05
3.122954134670867309e-05
3.043074912836788440e-05
2.963473480899245268e-05
2.886107100222616643e-05
2.810912346221366293e-05
2.737651988899444093e-05
2.664568121803613946e-05
2.593537184035549489e-05
2.524854363703181410e-05
2.457357254078512373e-05
2.390761214449358942e-05
2.326586074506640706e-05
2.264144676167624684e-05
2.202937465950052535e-05
2.143455304665365773e-05
2.085799800502398659e-05
2.022151391789299787e-05
1.966612926932515798e-05
1.912586374093818586e-05
1.859471982590949596e-05
1.808130747838584322e-05
1.758109718584829372e-05
1.710126887285994831e-05
1.663326694387922750e-05
1.618076120603774488e-05
1.574457097004743674e-05
1.531958526832300264e-05
1.490661071969060137e-05
1.451138370699764691e-05
1.412778097198008253e-05
1.375688136186821978e-05
1.339857752737392887e-05
1.305657315691444331e-05
1.272219006239236142e-05
1.240225955183718381e-05
1.207817629148299037e-05
1.176905094783551980e-05
1.148116682976249750e-05
1.120916829162179888e-05
1.094552477992829968e-05
1.069343752733070818e-05
1.045378662728882940e-05
1.022590185012742376e-05
1.000749444026790938e-05
9.803551512586995435e-06
9.611072961313174169e-06
9.428668944318456473e-06
9.138410767999329709e-06
8.943703242313488723e-06
8.774038974221122511e-06
8.625315936547803763e-06
8.488033707134008519e-06
8.360547539251226171e-06
8.241606968134281694e-06
8.131810397298145572e-06
8.014323674435047749e-06
7.922424851808611737e-06
7.839675177295112778e-06
7.750948523044845869e-06
7.684522729732696673e-06
7.626077910981798690e-06
7.564973235224324810e-06
7.512162745132330800e-06
7.470082517775000270e-06
7.427732916434360636e-06
7.396694980017783299e-06
7.363747052202633481e-06
7.317889304262050832e-06
7.285914227477420835e-06
7.266419493053714476e-06
7.250772233023869881e-06
7.240589537701807694e-06
7.228081940009458405e-06
7.217443633400827761e-06
7.196252023359808751e-06
7.172182143851765998e-06
7.165402863167691291e-06
7.160026288588404691e-06
7.154304435185386230e-06
7.144161529280655715e-06
7.140804883632709388e-06
7.138334553539688943e-06
7.136862304400555809e-06
7.131397563929980105e-06
7.129162506364089925e-06
7.128297726873028826e-06
7.127914475586387430e-06
7.125894893553739147e-06
7.124344011208750641e-06
7.123332890725439391e-06
7.122511147928331046e-06
7.122171248489825670e-06
7.121459592889341694e-06
7.121019626969238548e-06
7.120765557048752642e-06
7.118752331207531027e-06
7.118281541364789089e-06
7.117909742791077150e-06
7.117634476472970029e-06
7.116997330130484637e-06
7.116420021359497568e-06
7.112687275660940869e-06
7.110861667196914766e-06
7.110595569695843144e-06
7.109823263201076614e-06
7.109400247544796144e-06
7.109001433651223118e-06
7.108398816086473102e-06
7.106041974399050169e-06
7.103568345210396949e-06
7.102506810809661965e-06
7.101592723238841140e-06
7.101277015919734040e-06
7.100541866018837238e-06
7.100099150691201428e-06
7.099228123672222490e-06
7.098761469405647045e-06
7.098369203860990219e-06
7.097576413821276703e-06
7.096471942103894329e-06
7.095591149055032006e-06
7.095383248148506980e-06
7.093967316738498161e-06
7.093411989455867948e-06
7.092847086674400862e-06
7.092419360497658100e-06
7.091963554037381006e-06
7.089003951308900054e-06
7.087898755205900340e-06
7.087256267697864265e-06
7.086597434062070420e-06
7.085867011980939617e-06
7.084733755593074532e-06
7.084162140331849048e-06
7.083756651346404532e-06
7.083095935630284173e-06
7.081591878609637209e-06
7.081214283087364987e-06
7.080830200618022663e-06
7.080341298026915624e-06
7.079884786151129573e-06
7.078378587766602300e-06
7.077719345322746861e-06
7.075715133591906220e-06
7.075226108242595196e-06
7.074759068561963768e-06
7.070577609478096839e-06
7.070181001241658172e-06
7.068453500844263625e-06
7.067851235825402210e-06
7.067007525390402076e-06
7.066072299721495449e-06
7.065443421228721771e-06
7.064804117696799906e-06
7.064460735143203046e-06
7.063997687062250376e-06
7.063671540648812324e-06
7.062546062028318161e-06
7.061850120729531267e-06
7.061477327254544079e-06
7.060572909882314924e-06
7.058370280134063104e-06
7.056433294892492115e-06
7.055201895922520958e-06
7.054023549751866586e-06
7.051102699876152112e-06
7.049771658624061829e-06
7.048667561148053226e-06
7.048317660238055256e-06
7.047395669248581222e-06
7.046519644971799103e-06
7.045156511068604811e-06
7.044737603274529946e-06
7.044519374996549758e-06
7.043406565157326388e-06
7.042943940334719137e-06
7.042610589499966599e-06
7.042528319439179637e-06
7.042076603810036060e-06
7.040279278149707743e-06
7.038737433084661573e-06
7.038304330710169632e-06
7.038201936900722177e-06
7.038138569412750732e-06
7.036738418022228821e-06
7.034982012854636716e-06
7.033152932359538167e-06
7.032471040881544445e-06
7.031249508905735859e-06
7.029912102549612876e-06
7.029246323569221365e-06
7.028698904327022038e-06
7.027571690153505099e-06
7.026507554606097455e-06
7.025769256556006827e-06
7.024140059027015222e-06
7.021950255534665336e-06
7.021078490753933124e-06
7.021042113420284167e-06
7.021045903932700544e-06
7.020934655688155840e-06
7.019582587886609856e-06
7.019575157016332572e-06
7.019046264339830627e-06
7.016615799088720886e-06
7.015546368212334707e-06
7.014884358938170905e-06
7.014208382078410502e-06
7.013921027615981023e-06
7.013790550021976591e-06
7.013705764024594047e-06
7.012873702967360666e-06
7.012285766211222072e-06
7.011553198925109667e-06
7.010907175268682616e-06
7.006559414886293262e-06
7.005067928283167118e-06
7.005025921598516194e-06
7.004066265916655152e-06
7.003846504832275830e-06
7.003494813561094612e-06
7.002496639208628093e-06
7.002395222440720455e-06
7.002329678759423634e-06
7.002132079041023769e-06
7.001771731683269796e-06
6.997805683487307070e-06
6.996707541421878738e-06
6.995423918321443624e-06
6.995134192588747717e-06
6.994778187630640698e-06
6.994192436836831255e-06
6.993450784445210070e-06
6.993108456807230215e-06
6.991602051250339774e-06
6.989600002371721012e-06
6.989257017412941668e-06
6.986608671275195877e-06
6.985209325321571293e-06
6.984727521992374911e-06
6.984428441286276527e-06
6.984139073070136382e-06
6.983939126767824363e-06
6.983114006476450408e-06
6.983065138661158832e-06
6.981782257012076276e-06
6.980456274828177897e-06
6.978437815585425577e-06
6.978235839159872006e-06
6.978085125210464271e-06
6.974509705255763972e-06
6.973473920736678603e-06
6.973101621587653720e-06
6.972960604280994510e-06
6.972748947564688871e-06
6.971604593449054010e-06
6.971568008559341890e-06
6.971425339483491896e-06
6.971351259992433968e-06
6.971249950242420395e-06
6.971207805438786464e-06
6.969362955556560903e-06
6.968415769185676382e-06
6.964178386274186587e-06
6.963296176675225438e-06
6.961666392802707543e-06
6.961101461624579486e-06
6.960679752778980140e-06
6.743876006820882842e-06
6.692035380416852506e-06
6.688852958200391327e-06
6.686600383909002592e-06
6.685412719496439715e-06
6.684491494463942785e-06
6.684349337247889520e-06
6.683408164237827165e-06
6.683314330915353909e-06
6.682950869040835227e-06
6.681684000837330500e-06
6.681216151141830070e-06
6.680469180323499923e-06
6.679581908964118716e-06
6.679006976579784548e-06
6.677945604016603421e-06
6.677571550024253679e-06
6.676666536246958078e-06
6.676327527457453210e-06
6.674846295420488263e-06
6.672490217295521796e-06
6.671477961652094650e-06
6.670828262902239981e-06
6.668675300252663119e-06
6.668491510571082839e-06
6.668372993628385943e-06
6.667594226783180568e-06
6.665461670072303626e-06
6.663707784983609923e-06
6.663463589325350201e-06
6.663287661605971008e-06
6.662743514698125242e-06
6.662823753089944791e-06
6.661497249909496711e-06
6.660595338475502322e-06
6.660254990170856698e-06
6.658965683522337512e-06
6.657402832458005213e-06
6.656204142469645778e-06
6.655726827102352583e-06
6.653967426821393629e-06
6.652885800072803775e-06
6.652123170669972777e-06
6.649488117612481497e-06
6.645788820062983320e-06
6.643967210331065897e-06
6.643314362218070110e-06
6.641845607426456140e-06
6.641208794186958351e-06
6.640545910429693972e-06
6.639691921314317786e-06
6.638540457257179276e-06
6.636792186041972979e-06
6.632719395528371727e-06
6.632517315213999323e-06
6.632452242423271471e-06
6.631622697558956006e-06
6.626626608719680026e-06
6.626294672409657882e-06
6.624262218066486367e-06
6.618687778645587518e-06
6.617303296310640268e-06
6.616890623192862298e-06
6.615591639261775193e-06
6.614965997386087343e-06
6.613476701466480898e-06
6.611138330022919893e-06
6.610725492864114864e-06
6.610473236063091638e-06
6.610289465049892205e-06
6.610250576116890884e-06
6.608559731238515440e-06
6.607129754379006545e-06
6.606454751038212253e-06
6.604998190194735280e-06
6.602153373101393472e-06
6.600863110653979733e-06
6.598852051643578453e-06
6.596864098535187916e-06
6.595356149088784781e-06
6.594065207014064766e-06
6.593377514078258021e-06
6.592906952845728339e-06
6.593521394620259309e-06
6.591814001767887464e-06
6.581478568042043092e-06
6.576972418248458044e-06
6.573991171059623840e-06
6.573644842861954996e-06
6.554055441393776404e-06
6.550891674328854939e-06
6.547350649254014387e-06
6.527955598904142539e-06
6.511821912318598665e-06
6.509894781013022861e-06
6.507899331449553621e-06
6.505454481978605287e-06
6.485511090662937312e-06
6.474243465476954306e-06
6.469886698103410349e-06
6.457988394372889186e-06
6.395631238865889847e-06
6.386841744683756555e-06
6.385632374893050786e-06
6.383417272483323483e-06
6.377781969893815716e-06
6.367512111654582841e-06
6.353503527476805869e-06
6.344927630579935167e-06
6.312883597483719180e-06
6.244422684511036579e-06
6.239281301871358420e-06
6.230532795579201508e-06
6.229931179368968376e-06
6.223551395857694536e-06
6.208709848823125964e-06
6.199400646563878627e-06
6.191790748994543370e-06
6.078577431590196144e-06
6.051565666225452615e-06
6.025489913265336770e-06
5.995709788107437207e-06
5.979128297962313822e-06
5.968822455927604587e-06
5.956748452589636651e-06
5.951602666565765538e-06
5.972036054213457682e-06
5.990083147759098647e-06
6.012164582870754385e-06
6.036962236157606348e-06
6.055142827957078072e-06
6.092148726339956268e-06
6.057166854231674143e-06
6.057957391285650403e-06
6.267551898564420119e-06
6.493775746434461290e-06
6.927568809167948211e-06
9.060688604088073722e-06
