8.030715564348983593e-01
8.033897065707319429e-01
8.040275342290176264e-01
8.049880163704831171e-01
8.062754279228414589e-01
8.078951242631003948e-01
8.098532692342548245e-01
8.121565232420006053e-01
8.148117084650002839e-01
8.178254699405592687e-01
8.212039521273433174e-01
8.249525103970328788e-01
8.290754757070126768e-01
8.335759884480259396e-01
8.384559141961676065e-01
8.437158499418226931e-01
8.493552244950924868e-01
8.553724914038085547e-01
8.617654071304317043e-01
8.685313817038735618e-01
8.756678838796929654e-01
8.831728782829788571e-01
8.910452683246714578e-01
8.992853160876411733e-01
9.078950090530649719e-01
9.168783436091537675e-01
9.262414968437917562e-01
9.359928612040255835e-01
9.461429211921138505e-01
9.567039572747353393e-01
9.676895694516378654e-01
9.791140212150650779e-01
9.909914135970002702e-01
1.003334708216677695e+00
1.016154627202059624e+00
1.029458466008724482e+00
1.043248861933167904e+00
1.057522565995705044e+00
1.072269268431893963e+00
1.087470528018912752e+00
1.103098852809146102e+00
1.119116974694035704e+00
1.135477352928908390e+00
1.152121932832347539e+00
1.168982175956979175e+00
1.185979367775406024e+00
1.203025198962508702e+00
1.220022607216993737e+00
1.236866858645505829e+00
1.253446841276928181e+00
1.269646538374983091e+00
1.285346645842330604e+00
1.300426296032200169e+00
1.314764849522016998e+00
1.328243716650168604e+00
1.340748171671165112e+00
1.352169124064204420e+00
1.362404813689114480e+00
1.371362399006973432e+00
1.378959410387717632e+00
1.385125043556884705e+00
1.389801271447750342e+00
1.392943756095952335e+00
1.394522545716511353e+00
