1.514704919121898536e-05
5.158662969853601565e-04
1.015727993445101696e-03
1.507014176560849154e-03
2.013736283695786826e-03
2.523031044833924565e-03
3.028038049300065156e-03
3.527899745759806912e-03
4.017470826206755337e-03
4.504469252650504345e-03
5.005188500444646485e-03
5.514483261582782923e-03
6.017775163380123180e-03
6.522782167846264204e-03
7.019213658968409195e-03
7.508784739415358053e-03
8.003501127868703144e-03
8.511080786338042284e-03
9.004939623456980485e-03
9.515949487263902079e-03
1.001581118372362432e-02
1.053025125286814224e-02
1.103097050066226444e-02
1.153855015913158970e-02
1.204698736893530277e-02
1.255285192473582292e-02
1.305271362119555037e-02
1.356886879300886126e-02
1.408416641348777393e-02
1.460375179063868115e-02
1.511990696245199724e-02
1.563434703159651343e-02
1.615135975474422947e-02
1.667523288856714164e-02
1.720682398439965510e-02
1.772555181021616758e-02
1.823913432802628382e-02
1.877930093720279331e-02
1.929888631435370053e-02
1.981847169150462162e-02
2.034749013333393003e-02
2.084820938112806610e-02
2.137637027162298323e-02
2.190538871345228816e-02
2.243526470661599825e-02
2.295913784043891737e-02
2.349330159027462894e-02
2.401288696742554657e-02
2.454447806325804615e-02
2.507263895375296675e-02
2.559565453624147377e-02
2.613153338874597831e-02
2.664511590655610149e-02
2.718185231039500077e-02
2.769543482820511701e-02
2.821845041069363791e-02
2.874832640385734453e-02
2.927305708901465839e-02
2.979950287684077215e-02
3.033538172934529056e-02
3.085668220916500115e-02
3.138141289432232195e-02
3.190185582280764126e-02
3.243859222664654401e-02
3.295903515513186333e-02
3.348719604562677699e-02
3.401535693612169065e-02
3.453665741594140470e-02
3.506739096043952342e-02
3.560927267228488485e-02
3.612457029276386344e-02
3.664501322124923827e-02
3.717917697108501923e-02
3.771248316958639851e-02
3.823035344406858216e-02
3.876708984790754736e-02
3.929096298173052892e-02
3.980797570487831089e-02
4.034556966005166390e-02
4.087630320454985894e-02
4.139846123570403019e-02
4.192662212619899936e-02
4.244534995201558469e-02
4.296836553450415763e-02
4.348623580898632046e-02
4.401353914814687407e-02
4.453826983330426426e-02
4.506128541579282332e-02
4.558258589561256513e-02
4.608845045141313213e-02
4.661403868790487542e-02
4.714134202706542209e-02
4.765921230154758492e-02
4.818480053803934210e-02
4.870524346652470304e-02
4.921711088166604714e-02
4.970925461611622187e-02
5.022112203125759372e-02
5.074328006241171640e-02
5.126029278555947755e-02
5.178073571404478992e-02
5.228402761584215880e-02
5.281990646834673619e-02
5.334806735884167067e-02
5.386079232531745115e-02
5.437265974045875361e-02
5.491625655497291841e-02
5.538095864672231555e-02
5.589539871586686470e-02
5.638754245031703249e-02
5.689512210878640980e-02
5.738898094590534626e-02
5.789741815570911138e-02
5.841357332752248471e-02
5.892972849933579560e-02
5.942701754179236656e-02
5.996203884296251452e-02
6.049706014413262778e-02
6.099606428925796742e-02
6.149249578038016445e-02
6.198292441216148724e-02
6.249564937863725383e-02
6.300237148577221558e-02
6.349365766888799556e-02
6.396093241464055612e-02
6.440505327436434058e-02
6.488690639280174366e-02
6.534217541987273614e-02
6.580516240895334379e-02
6.626814939803396531e-02
6.673370904111776414e-02
6.716325152815677546e-02
6.764167444125655793e-02
6.811752470035312146e-02
6.857450883009294507e-02
6.902892030582957750e-02
6.946789585754699348e-02
6.990258365259235940e-02
7.035013471765379223e-02
7.079940088538390353e-02
7.124780950177971028e-02
7.165505565412438882e-02
7.208888589783528367e-02
7.251156797419908151e-02
7.297455496327974467e-02
7.339723703964343149e-02
7.381134360266329575e-02
7.424002853836787763e-02
7.468071919275409698e-02
7.511797964180262632e-02
7.557753642554559947e-02
7.603795076062301594e-02
7.645205732364275530e-02
7.687902715667853382e-02
7.729313371969835644e-02
7.769866476937420385e-02
7.810419581904996800e-02
7.853802606276089060e-02
7.899844039783830707e-02
7.939882613950771661e-02
7.983179883188429304e-02
8.028020744828001654e-02
8.071661034599425522e-02
8.114272262769561816e-02
8.154911122870583950e-02
8.197522351040724409e-02
8.237989700874863430e-02
8.280086398244364265e-02
8.323555177748903633e-02
8.364708568650558451e-02
8.402689019614938137e-02
8.443070614315639766e-02
8.486024863019542286e-02
8.529493642524078878e-02
8.571075809092945641e-02
8.611971934594282729e-02
8.652953815229054435e-02
8.694793247198230601e-02
8.735689372699571853e-02
8.780959010006353371e-02
8.821254849573614831e-02
8.859578321071751028e-02
8.901246242774053796e-02
8.944886532545473501e-02
8.986811719648093999e-02
9.027793600282882358e-02
9.066717357715102510e-02
9.107784993483311609e-02
9.148252343317465896e-02
9.187604876416882727e-02
9.226442878715662710e-02
9.265881166948526648e-02
9.303604352512591380e-02
9.341670558610419561e-02
9.380851581442958831e-02
9.417717215672628817e-02
9.459556647641807758e-02
9.501224569344106363e-02
9.543664287247359546e-02
9.582759554946464198e-02
9.627000130651959531e-02
9.670211644756183944e-02
9.713337403726961250e-02
9.753290222760462036e-02
9.796415981731243505e-02
9.851118683716418578e-02
9.895016238888157400e-02
9.935054813055095579e-02
9.979638409294355750e-02
1.003279751887761057e-01
1.008338397445766449e-01
1.013148353116796047e-01
1.017838251601010102e-01
1.022288035711592102e-01
1.026557734041950581e-01
1.031616379599955419e-01
1.036580694511176903e-01
1.041665066609214763e-01
1.046526475360308739e-01
1.050624663423786048e-01
1.055829092708640143e-01
1.061470873174037016e-01
1.066666726945546262e-01
1.071751099043583982e-01
1.077821655176181420e-01
1.083326227428074301e-01
1.089173820213727856e-01
1.094189588205012886e-01
1.099642707376841944e-01
1.104632748828095895e-01
1.109408402445749425e-01
1.115316023824810682e-01
1.120589057216415940e-01
1.126702490915733046e-01
1.131846891607178052e-01
1.137274284238975891e-01
1.143567803718517212e-01
1.149706963957865535e-01
1.155880426250590481e-01
1.162628447937361642e-01
1.168124444675911339e-01
1.174023490541628301e-01
1.179871083327281578e-01
1.186782039767589059e-01
1.192672510119962143e-01
1.198142780318480066e-01
1.204359120177924541e-01
1.210541157983993366e-01
1.215556925975278119e-01
1.222339249715426179e-01
1.229618953229526940e-01
1.236984411877066481e-01
1.243080694549695414e-01
1.248362303454644412e-01
1.253875451219882142e-01
1.259954582865822625e-01
1.266711180065938636e-01
1.272147148211079659e-01
1.278509271797372560e-01
1.285240142457455825e-01
1.292048192737635104e-01
1.297895785523288104e-01
1.305226942117452271e-01
1.310808693989441442e-01
1.316227511107894155e-01
1.322178010053675079e-01
1.328137084512800159e-01
1.334181914105365130e-01
1.339677910843913855e-01
1.345671287356413337e-01
1.351141557554930150e-01
1.357606587301350143e-01
1.363762898567386084e-01
1.370519495767502371e-01
1.376401390606531161e-01
1.382026020045240833e-01
1.387839310777518043e-01
1.393772658696610933e-01
1.400049027149462832e-01
1.405862317881739765e-01
1.412044355687810393e-01
1.418852405967990782e-01
1.425703333814888896e-01
1.431988277781086338e-01
1.436635298698579477e-01
1.443486226545483420e-01
1.449128007010880292e-01
1.455635914324018843e-01
1.461346298896169238e-01
1.467854206209311674e-01
1.473933337855252435e-01
1.480801416728840525e-01
1.487214993395199747e-01
1.494151676375540250e-01
1.501045481789162472e-01
1.508076495416283691e-01
1.514627280296146072e-01
1.521280971336136378e-01
1.526999931421629542e-01
1.533164818201007973e-01
1.539861386807716837e-01
1.546918126974874963e-01
1.552851474893967854e-01
1.559530892473987296e-01
1.566390395834232341e-01
1.572709641853805018e-01
1.578359997832548267e-01
1.585159472599381725e-01
1.591307208352074898e-01
1.597369188971326792e-01
1.603714161530933047e-01
1.610410730137643298e-01
1.617355988631324626e-01
1.623803867351059638e-01
1.629951603103753088e-01
1.636339453230079011e-01
1.643036021836784544e-01
1.649929827250406489e-01
1.657012293957595694e-01
1.663665984997584057e-01
1.670345402577602389e-01
1.677007669130936851e-01
1.683781417357742560e-01
1.690383655317666267e-01
1.696377031830168247e-01
1.702164596022414378e-01
1.708329482801796695e-01
1.714794512548216965e-01
1.721628289368428988e-01
1.727621665880930135e-01
1.734155299734103650e-01
1.740697509100620766e-01
1.747282596033857549e-01
1.753799078860344141e-01
1.759946814613034816e-01
1.766626232193056756e-01
1.772894025132565332e-01
1.779436234499082725e-01
1.785266676258047414e-01
1.791645950871026682e-01
1.797956621377254371e-01
1.804318744963548937e-01
1.810620839956431360e-01
1.816528461335495115e-01
1.822924886975162972e-01
1.829218406454701240e-01
1.835023121673635960e-01
1.841102253319578386e-01
1.847593009606030845e-01
1.854203823079298985e-01
1.860857514119286515e-01
1.866919494738539520e-01
1.873401675511648934e-01
1.879592288831063163e-01
1.885971563444043264e-01
1.891990666496576323e-01
1.898524300349748450e-01
1.904466223782186607e-01
1.910673988128285816e-01
1.917139017874707196e-01
1.923561170054407521e-01
1.930163408014330673e-01
1.936602711220720141e-01
1.942913381726948108e-01
1.949326958393305942e-01
1.955500420686031582e-01
1.962016903512514843e-01
1.968576263905718604e-01
1.975092746732202975e-01
1.981626380585377878e-01
1.987911324551573100e-01
1.994282023651209601e-01
2.000421183890559729e-01
2.006706127856756061e-01
2.012896741176168069e-01
2.019207411682396591e-01
2.025535233215314257e-01
2.031700119994694631e-01
2.038036517040954232e-01
2.044518697814063368e-01
2.050623556000035486e-01
2.056171005818649145e-01
2.062404496704783874e-01
2.068689440670980484e-01
2.074639939616763906e-01
2.080521834455791308e-01
2.086540937508322424e-01
2.092439983374042300e-01
2.098356180266447713e-01
2.104426736399041264e-01
2.110377235344825519e-01
2.116053317863597905e-01
2.121660796275618988e-01
2.127611295221398247e-01
2.133304528766860886e-01
2.138929158205571668e-01
2.144502334564214741e-01
2.150178417082989069e-01
2.155820197548387607e-01
2.161496280067161102e-01
2.167009427832397583e-01
2.172548302137667087e-01
2.178052874389560245e-01
2.183574597668142547e-01
2.188658969766178186e-01
2.194009182777881539e-01
2.199659538756625898e-01
2.204898270094853840e-01
2.210359964780027331e-01
2.216087500378862429e-01
2.221574921604070330e-01
2.226916559102427862e-01
2.232403980327634929e-01
2.237822797446085976e-01
2.243181585971133485e-01
2.248540374496180994e-01
2.253796256861100022e-01
2.259163620899487523e-01
2.263450651719524920e-01
2.263450651719524920e-01
2.263450651719524920e-01
2.263450651719524920e-01
2.263450651719524920e-01
2.263450651719524920e-01
2.263450651719524920e-01
2.263450651719524920e-01
2.263450651719524920e-01
2.263450651719524920e-01
2.263450651719524920e-01
2.263450651719524920e-01
2.263450651719524920e-01
2.263450651719524920e-01
2.263450651719524920e-01
2.263450651719524920e-01
2.263450651719524920e-01
2.263450651719524920e-01
2.263450651719524920e-01
2.263450651719524920e-01
2.263450651719524920e-01
2.263450651719524920e-01
2.263450651719524920e-01
2.263450651719524920e-01
2.263450651719524920e-01
2.263450651719524920e-01
2.263450651719524920e-01
2.263450651719524920e-01
2.263450651719524920e-01
2.263450651719524920e-01
2.263450651719524920e-01
2.263450651719524920e-01
2.263450651719524920e-01
2.263450651719524920e-01
2.263450651719524920e-01
2.263450651719524920e-01
2.263450651719524920e-01
2.263450651719524920e-01
2.263450651719524920e-01
2.263450651719524920e-01
2.263450651719524920e-01
2.263450651719524920e-01
2.263450651719524920e-01
2.263450651719524920e-01
2.263450651719524920e-01
2.263450651719524920e-01
2.263450651719524920e-01
2.263450651719524920e-01
2.263450651719524920e-01
2.263450651719524920e-01
2.263450651719524920e-01
2.263450651719524920e-01
2.263450651719524920e-01
2.263450651719524920e-01
2.263450651719524920e-01
2.263450651719524920e-01
2.263450651719524920e-01
2.263450651719524920e-01
2.263450651719524920e-01
2.263450651719524920e-01
2.263450651719524920e-01
2.263450651719524920e-01
2.263450651719524920e-01
2.263450651719524920e-01
2.263450651719524920e-01
2.263450651719524920e-01
2.263450651719524920e-01
2.263450651719524920e-01
2.263450651719524920e-01
2.263450651719524920e-01
2.263450651719524920e-01
2.263450651719524920e-01
2.263450651719524920e-01
2.263450651719524920e-01
2.263450651719524920e-01
2.263450651719524920e-01
2.263450651719524920e-01
2.263450651719524920e-01
2.263450651719524920e-01
2.263450651719524920e-01
2.263450651719524920e-01
2.263450651719524920e-01
2.263450651719524920e-01
