1.700780468478024082e-02
1.484671414998872500e-02
1.321141374437518820e-02
1.185096529209741373e-02
1.067188670952629037e-02
9.635525793057120661e-03
8.712669466021779469e-03
7.896406090738095768e-03
7.158371923235099660e-03
6.500656762949134915e-03
5.912694918148885502e-03
5.381690413739235318e-03
4.898292989396198054e-03
4.473925162436154929e-03
4.092763864991151752e-03
3.759135424327538205e-03
3.459557841621451173e-03
3.195855582826309833e-03
2.960648033205241694e-03
2.751949215525093060e-03
2.567865566840201851e-03
2.404044066875765488e-03
2.259562687075491669e-03
2.131292782443826653e-03
2.017358481996355934e-03
1.918052743463115675e-03
1.825040037299583123e-03
1.740566877073918299e-03
1.666727404190861345e-03
1.599442626207614373e-03
1.537848155650201358e-03
1.484006340139140331e-03
1.434612324764769587e-03
1.389961510926029237e-03
1.342471063558037985e-03
1.301223063536468844e-03
1.263503688948103016e-03
1.218402648741646064e-03
1.184848129703362047e-03
1.151031706006329413e-03
1.121434480598714183e-03
1.092957123722392877e-03
1.065832026892057438e-03
1.038646766465843325e-03
1.012961675748180008e-03
9.881674927345598328e-04
9.642090994789127888e-04
9.414221906674447504e-04
9.198042043911683558e-04
8.989997294871620182e-04
8.793720873800784429e-04
8.605414759511580830e-04
8.422534793873925766e-04
8.244723404494279026e-04
8.072324828494182843e-04
7.907958818789787578e-04
7.747932944231994369e-04
7.592265313701735546e-04
7.440361617250886191e-04
7.289641311145860078e-04
7.146614819832664564e-04
7.008732163266273704e-04
6.874462396822658737e-04
6.744754736295344730e-04
6.618867651778096621e-04
6.499847994505120186e-04
6.381572363741362837e-04
6.270774326614019043e-04
6.160365311698587842e-04
6.043165154222042987e-04
5.939296707779158357e-04
5.841123740566480900e-04
5.745564660298460536e-04
5.651918417290925038e-04
5.564113122942626437e-04
5.478411076676912520e-04
5.397218282070292755e-04
5.318656863022623799e-04
5.241129999172149719e-04
5.167462150671284964e-04
5.096314597957293498e-04
5.027812156122486460e-04
4.962860499397181305e-04
4.900186830941252606e-04
4.836946495318312686e-04
4.779602676543097243e-04
4.725024150348126938e-04
4.673858328532721454e-04
4.623375735780776681e-04
4.566774313409477739e-04
4.519106334214533925e-04
4.475712549833835434e-04
4.434387472032607367e-04
4.394431343726498619e-04
4.357388417065711627e-04
4.322931511994813642e-04
4.255339216993617103e-04
4.220999459060677727e-04
4.190134197319307250e-04
4.160584123522357647e-04
4.134124583889115098e-04
4.109353471133825471e-04
4.073831282728763016e-04
4.051126933540390661e-04
4.030535907287117201e-04
4.010929000426057402e-04
3.988980747037773589e-04
3.965451619886413513e-04
3.949270825898486921e-04
3.934132917905714777e-04
3.920499011972463309e-04
3.894358536099644386e-04
3.881817412686707695e-04
3.870327743913675898e-04
3.860619793770631069e-04
3.851273904378824109e-04
3.833850762210665977e-04
3.821041062747612075e-04
3.814055590033712867e-04
3.808256028208114978e-04
3.803386076298632848e-04
3.798314119633087516e-04
3.794187920576108696e-04
3.789377337274948661e-04
3.786261732841665465e-04
3.783593356249849307e-04
3.780956309896082784e-04
3.778502038521918500e-04
3.775364963772972690e-04
3.773120375333774835e-04
3.771236799191928207e-04
3.769547403680156296e-04
3.767670799657646071e-04
3.765516719958810128e-04
3.764205306001170977e-04
3.762718539731739844e-04
3.761544830823699138e-04
3.760408076202169706e-04
3.759337369486185102e-04
3.758377817503402566e-04
3.757321241437398167e-04
3.756468314775849053e-04
3.755619114396734678e-04
3.754969769651842187e-04
3.754255064363239526e-04
3.753742834071467508e-04
3.753259623091597958e-04
3.752833682551586446e-04
3.752237372930962000e-04
3.751661317888516610e-04
3.751182838802358016e-04
3.750637270491369562e-04
3.750277880185464655e-04
3.749800844992960333e-04
3.749481521165279807e-04
3.749203862505606105e-04
3.748856355709883487e-04
3.748487476603808177e-04
3.748090185085883614e-04
3.747842548206552129e-04
3.747599489305437426e-04
3.747200071469388469e-04
3.746801138194784300e-04
3.746592321974951778e-04
3.746328936639988817e-04
3.746117515735981245e-04
3.745925548276804158e-04
3.745692569839373289e-04
3.745518308231448592e-04
3.745364778170617078e-04
3.745259833568004033e-04
3.745142801172912325e-04
3.745026983426925113e-04
3.744909576341865225e-04
3.744789841041852151e-04
3.744692571397759389e-04
3.744609912474795681e-04
3.744523200682441512e-04
3.744452963525275843e-04
3.744362334893723315e-04
3.744285942851568929e-04
3.744236488151186319e-04
3.744169780841063565e-04
3.744125842354305614e-04
3.744037211453445438e-04
3.744001092624640870e-04
3.743933103365033399e-04
3.743898537281150946e-04
3.743868359399041474e-04
3.743794939205292473e-04
3.743761451140726086e-04
3.743711576016423188e-04
3.743687404013402043e-04
3.743668131837292836e-04
3.743635596820360750e-04
3.743621443597944546e-04
3.743603848925948605e-04
3.743510434085007871e-04
3.743477757933116705e-04
3.743462076877589282e-04
3.743416976237959022e-04
3.743351068986178328e-04
3.743323022419028446e-04
3.743309090884226796e-04
3.743295674429497925e-04
3.743279860975918562e-04
3.743256242449279981e-04
3.743242769007571412e-04
3.743197193410668748e-04
3.743177692338344408e-04
3.743128815870480630e-04
3.743091865432708176e-04
3.743067287976496477e-04
3.743043318722308679e-04
3.743008266182998962e-04
3.742969686044752002e-04
3.742942174291586125e-04
3.742883152180459115e-04
3.742867593336382721e-04
3.742844774150164383e-04
3.742818822867701356e-04
3.742802589326310885e-04
3.742703718423233232e-04
3.742683887939001527e-04
3.742671928141063286e-04
3.742668347324481994e-04
3.742645524459428533e-04
3.742580362563552657e-04
3.742523484363746906e-04
3.742504938226143274e-04
3.742433600882465075e-04
3.742416912658980761e-04
3.742392042374461888e-04
3.742380692198290777e-04
3.742359646676013309e-04
3.742334928372821807e-04
3.742312349836515576e-04
3.742281739882817311e-04
3.742269502286561952e-04
3.742248603228803057e-04
3.742214335571044910e-04
3.742191590338516424e-04
3.742171774927313807e-04
3.742168601643513365e-04
3.742147777231317638e-04
3.742128899426088785e-04
3.742117384409749249e-04
3.742111839014876785e-04
3.742079652509906177e-04
3.742071628406739865e-04
3.742069657678150866e-04
3.742068912089468384e-04
3.742059446468122834e-04
3.741897198709219106e-04
3.741871744713136448e-04
3.741859212874563945e-04
3.741846771401269095e-04
3.741815405660955354e-04
3.741801834555976087e-04
3.741801130221396603e-04
3.741791732513439724e-04
3.741775978900703579e-04
3.741773739640124317e-04
3.741743475790563697e-04
3.741702769317456056e-04
3.741684526512993364e-04
3.741662071368036897e-04
3.741642712405997143e-04
3.741615618574588038e-04
3.741572760121304850e-04
3.741560238312972874e-04
3.741544439761992523e-04
3.741522183571385687e-04
3.741516599323310341e-04
3.741463929669349851e-04
3.741398154850458682e-04
3.741365506848153043e-04
3.741353574952827206e-04
3.741348314501081237e-04
3.741189212134582703e-04
3.741140344502818637e-04
3.741140734325692054e-04
3.741130702031164059e-04
3.741088963740715431e-04
3.741006621657114086e-04
3.740994726889957712e-04
3.740979627993691950e-04
3.740949489090456860e-04
3.740898271485315553e-04
3.740896724085030389e-04
3.740873238713436958e-04
3.740852572660135263e-04
3.740814345834855836e-04
3.740811389802074002e-04
3.740810625401271689e-04
3.740800034528848385e-04
3.740780183145880921e-04
3.740757375238380885e-04
3.740725714211178671e-04
3.740560122335575893e-04
3.740545304484966171e-04
3.740541069156184690e-04
3.740515700488606819e-04
3.740515372864852955e-04
3.740499476372990311e-04
3.740453313692616074e-04
3.740352873953018309e-04
3.740326170573886918e-04
3.740309000050558012e-04
3.740258443824123497e-04
3.740242179530128244e-04
3.740221541325132351e-04
3.740211523326957628e-04
3.740193886632640734e-04
3.740145162033250265e-04
3.740149773451929903e-04
3.740120300291733852e-04
3.740110534613691690e-04
3.740106191854387940e-04
3.740084501742983931e-04
3.740052995809431771e-04
3.739984807439669938e-04
3.739950996604860943e-04
3.739927662980504792e-04
3.739887431960306073e-04
3.739825116289405196e-04
3.739806894934583612e-04
3.739693938945400694e-04
3.739686873668590910e-04
3.739634824412955689e-04
3.739567148898491908e-04
3.739510510613056537e-04
3.738542504427992187e-04
3.738497034305648188e-04
3.738469662456836147e-04
3.738433833438851235e-04
3.738338377506773792e-04
3.738334825608900206e-04
3.738228116883169825e-04
3.738162897419119004e-04
3.737965187020827747e-04
3.737841542948921818e-04
3.737543386982196576e-04
3.737530289234620930e-04
3.737467098959705624e-04
3.737168095933585642e-04
3.737139270326030982e-04
3.737126878532502183e-04
3.737073557167423354e-04
3.737072071659428528e-04
3.737047514241788326e-04
3.736113723698860495e-04
3.735915353334294899e-04
3.735724135486909723e-04
3.735584254835370922e-04
3.735322721386311702e-04
3.735293204387027475e-04
3.735173805211137186e-04
3.735079559838491844e-04
3.734972524406823769e-04
3.734766732175721568e-04
3.734662844716755232e-04
3.734353887906833279e-04
3.734039053209009442e-04
3.733435474304229798e-04
3.732619560710465534e-04
3.732310132744448756e-04
3.732279846720879088e-04
3.732012943207723235e-04
3.731903438999627839e-04
3.731483852184492743e-04
3.731021815266915664e-04
3.730798949969910258e-04
3.730260379185505585e-04
3.729975969130903740e-04
3.729160193899648860e-04
3.726249776496988290e-04
3.723855774468096949e-04
3.722704610512047132e-04
3.721935121056333361e-04
3.721774994780399398e-04
3.721221719137181912e-04
3.719469675682428181e-04
3.719545092392430286e-04
3.718614474324867004e-04
3.724341789560889804e-04
3.724318823225424469e-04
3.726908989539501360e-04
3.744346613859278364e-04
3.755664534135326059e-04
3.768792579951017849e-04
3.800862161205393447e-04
3.856342740700901238e-04
3.884705688982350788e-04
4.000549990673929446e-04
4.118840542055112841e-04
4.441534269629298834e-04
4.737486040728860776e-04
5.281038904778263864e-04
6.070909171338207278e-04
7.408069229735125003e-04
9.823590392043857547e-04
1.243818353049698684e-03
1.570495368705483773e-03
1.883418001246523702e-03
2.641023740326969588e-03
3.403315665887641974e-03
4.491348565317859406e-03
5.361935841864347296e-03
7.028153649499417448e-03
1.141520509375924461e-02
1.761574641119377158e-02
2.644069376512393418e-02
3.504045025468745245e-02
4.832144874079160463e-02
7.571695330991885797e-02
1.467111970621274297e-01
8.751473697152690745e-01
8.971119227643108368e+08
8.971119226702501774e+08
8.971119225761897564e+08
8.971119224821307659e+08
8.971119223880712986e+08
8.971119222940130234e+08
8.971119221999549866e+08
8.971119221058976650e+08
8.971119220118411779e+08
8.971119219177851677e+08
8.971119218237296343e+08
8.971119217296751738e+08
8.971119216356211901e+08
8.971119215415676832e+08
8.971119214475148916e+08
8.971119213534621000e+08
8.971119212594107389e+08
8.971119211653597355e+08
8.971119210713090897e+08
8.971119209772595167e+08
8.971119208832104206e+08
8.971119207891620398e+08
8.971119206951135397e+08
8.971119206010665894e+08
8.971119205070196390e+08
8.971119204129735231e+08
8.971119203189283609e+08
8.971119202248834372e+08
8.971119201308397055e+08
8.971119200367958546e+08
8.971119199427529573e+08
8.971119198487102985e+08
8.971119197546685934e+08
8.971119196606272459e+08
8.971119195665864944e+08
8.971119194725470543e+08
8.971119193785077333e+08
8.971119192844696045e+08
8.971119191904309988e+08
8.971119190963938236e+08
8.971119190023568869e+08
8.971119189083205462e+08
8.971119188142856359e+08
8.971119187202502489e+08
8.971119186262158155e+08
8.971119185321819782e+08
8.971119184381492138e+08
8.971119183441168070e+08
8.971119182500851154e+08
8.971119181560541391e+08
8.971119180620230436e+08
8.971119179679932594e+08
8.971119178739638329e+08
8.971119177799350023e+08
8.971119176859074831e+08
8.971119175918798447e+08
8.971119174978530407e+08
8.971119174038265944e+08
8.971119173098008633e+08
8.971119172157759666e+08
8.971119171217522621e+08
8.971119170277279615e+08
8.971119169337048531e+08
8.971119168396821022e+08
8.971119167456603050e+08
8.971119166516391039e+08
8.971119165576184988e+08
8.971119164635984898e+08
8.971119163695791960e+08
8.971119162755603790e+08
8.971119161815416813e+08
8.971119160875242949e+08
8.971119159935077429e+08
8.971119158994916677e+08
8.971119158054753542e+08
8.971119157114599943e+08
8.971119156174457073e+08
8.971119155234318972e+08
8.971119154294191599e+08
8.971119153354065418e+08
8.971119152413945198e+08
8.971119151473830938e+08
8.971119150565060377e+08
