2.074601521493026457e+00
2.075423409321068835e+00
2.077071130726953818e+00
2.079552376194585772e+00
2.082878189290164883e+00
2.087062404741359511e+00
2.092120945813608746e+00
2.098071018559788836e+00
2.104930246946530747e+00
2.112715797325339206e+00
2.121443542886062517e+00
2.131127318343444710e+00
2.141778312008051799e+00
2.153404636559197005e+00
2.166011111404106959e+00
2.179599278769227322e+00
2.194167663080864639e+00
2.209712269336664647e+00
2.226227301729306607e+00
2.243706069497112043e+00
2.262142033587974055e+00
2.281529935945313170e+00
2.301866943708719138e+00
2.323153733919880892e+00
2.345395440899267214e+00
2.368602388643901158e+00
2.392790534625223842e+00
2.417981559326350283e+00
2.444202547707033268e+00
2.471485224302631512e+00
2.499864722443257747e+00
2.529377889482399056e+00
2.560061153085665619e+00
2.591947997436900852e+00
2.625066121368599070e+00
2.659434371477300108e+00
2.695059560782820718e+00
2.731933296092257102e+00
2.770028943852650638e+00
2.809298864243907179e+00
2.849672036407031595e+00
2.891052184400501712e+00
2.933316494639224281e+00
2.976314992534375925e+00
3.019870620434446984e+00
3.063780032480443616e+00
3.107815096251734577e+00
3.151725067471677022e+00
3.195239383583199366e+00
3.238071005327464391e+00
3.279920222801439689e+00
3.320478833751908443e+00
3.359434596755630942e+00
3.396475859967985844e+00
3.431296266759757074e+00
3.463599442284770458e+00
3.493103569360489935e+00
3.519545767621018229e+00
3.542686196420495648e+00
3.562311809211206715e+00
3.578239694947791705e+00
3.590319950372023783e+00
3.598438035740668450e+00
3.602516575607848992e+00
