1.686215186001793038e-05
5.287295670013523628e-04
1.037166776805088526e-03
1.541316229936829166e-03
2.042035477730970005e-03
2.541039622856311811e-03
3.047761729991250567e-03
3.552768734457390724e-03
4.068923906270722861e-03
4.579933770077656598e-03
5.093516287887787583e-03
5.613101665038718220e-03
6.101815194151267129e-03
6.606822198617405550e-03
7.102396138405148857e-03
7.622839066890478577e-03
8.115840352675025501e-03
8.608841638459570691e-03
9.101842924244110677e-03
9.614567890719837376e-03
1.009813611182597270e-02
1.058256188426650625e-02
1.108928399140142289e-02
1.158142772585155425e-02
1.208300452498007986e-02
1.257514825943020602e-02
1.307844016122753326e-02
1.357487165234965744e-02
1.408845417015977541e-02
1.460375179063869329e-02
1.511218900044241850e-02
1.562319886424933836e-02
1.613849648472825971e-02
1.664178838652558695e-02
1.713821987764771113e-02
1.763036361209784422e-02
1.814480368124236562e-02
1.864638048037088602e-02
1.914366952282741882e-02
1.964524632195593923e-02
2.015797128843165725e-02
2.065954808756018807e-02
2.115512202734791750e-02
2.165241106980443642e-02
2.214712745825778151e-02
2.261440220401033166e-02
2.310311573312285802e-02
2.359697457024179101e-02
2.409769381803591667e-02
2.458812244981724293e-02
2.508026618426737256e-02
2.557841277805830010e-02
2.604911772914843965e-02
2.653354350158897493e-02
2.700853620935110902e-02
2.749210443045724261e-02
2.797309999756018156e-02
2.846438618067591991e-02
2.895652991512604260e-02
2.941179894219698998e-02
2.989708226597192695e-02
3.038408069241565340e-02
3.085735829750899106e-02
3.135550489129991514e-02
3.187080251177883822e-02
3.233893480886577965e-02
3.281135486262471562e-02
3.329063532705885120e-02
3.376991579149297984e-02
3.427063503928710897e-02
3.474562774704925000e-02
3.522748086548657676e-02
3.571790949726796893e-02
3.620405037237735268e-02
3.672535085219711531e-02
3.722435499732251046e-02
3.773707996379827012e-02
3.822150573623885744e-02
3.872908539470823475e-02
3.923838015584640848e-02
3.972194837695259412e-02
4.019694108471477678e-02
4.068994237049938789e-02
4.118380120761835211e-02
4.168795066075011574e-02
4.216122826584352279e-02
4.261392463891132409e-02
4.309577775734871330e-02
4.355876474642930707e-02
4.403890276219790678e-02
4.452247098330408548e-02
4.499832124240069064e-02
4.546559598815329284e-02
4.594230379858427887e-02
4.642244181435287859e-02
4.690944024079666402e-02
4.739815376990925283e-02
4.789458526103144986e-02
4.836443266078722936e-02
4.884714333055900637e-02
4.933156910299958675e-02
4.980484670809297298e-02
5.028498472386157964e-02
5.076169253429256567e-02
5.124611830673314605e-02
5.174083469518651890e-02
5.222354536495830285e-02
5.269768052138608383e-02
5.317010057514507532e-02
5.363909042356646700e-02
5.413466436335424153e-02
5.460536931444443659e-02
5.506321099551864801e-02
5.555792738397201391e-02
5.603635029707177556e-02
5.652163362084677151e-02
5.699748387994335586e-02
5.748448230638712048e-02
5.795947501414929620e-02
5.846448201861549621e-02
5.893518696970564963e-02
5.941618253680863021e-02
5.989889320658040722e-02
6.037731611968018969e-02
6.087460516213677453e-02
6.133587704854859268e-02
6.182887833433314134e-02
6.230387104209534482e-02
6.280030253321752798e-02
6.327358013831091421e-02
6.375714835941709291e-02
6.424243168319204722e-02
6.472342725029504862e-02
6.520013506072604159e-02
6.569056369250743377e-02
6.616212619493201663e-02
6.663883400536299573e-02
6.711639936712839039e-02
6.759739493423137791e-02
6.807067253932476414e-02
6.854995300375894829e-02
6.903780898153712153e-02
6.950508372728969597e-02
7.000923318042145960e-02
7.049451650419644166e-02
7.097636962263377536e-02
7.144621702238952710e-02
7.190663135746695744e-02
7.239019957857305287e-02
7.285404411898803445e-02
7.333589723742545141e-02
7.380831729118436657e-02
7.428588265294976123e-02
7.476687822005272099e-02
7.523586806847409880e-02
7.570142771155782824e-02
7.617470531665115896e-02
7.664026495973498554e-02
7.708695847346190566e-02
7.755337566788012005e-02
7.801207490028863600e-02
7.847420433803484197e-02
7.894233663512172094e-02
7.940446607286789915e-02
7.987088326728614129e-02
8.034073066704183752e-02
8.079685724544723169e-02
8.125727158052457877e-02
8.172111612093964361e-02
8.218667576402333141e-02
8.265395050977586422e-02
8.312722811486923657e-02
8.357649428259951441e-02
8.403347841233918536e-02
8.449818050408849923e-02
8.494744667181872155e-02
8.540786100689602700e-02
8.588199616332382880e-02
8.633640763906035021e-02
8.680711259015053138e-02
8.726666937389346290e-02
8.772365350363328651e-02
8.818063763337305461e-02
8.864876993045994746e-02
8.911261447087495680e-02
8.960047044865310228e-02
9.006345743773375156e-02
9.052387177281111252e-02
9.101087019925475918e-02
9.147299963700103453e-02
9.194884989609752868e-02
9.239640096115901702e-02
9.286024550157397084e-02
9.332494759332322920e-02
9.379050723640698639e-02
9.424663381481239444e-02
9.470876325255857264e-02
9.519147392233034966e-02
9.566475152742372201e-02
9.613802913251699722e-02
9.661130673761046672e-02
9.709744761271975333e-02
9.754156847244363493e-02
9.799512239684576853e-02
9.844524611591033703e-02
9.891166331032846815e-02
9.934635110537391733e-02
9.981276829979199294e-02
1.003366414336150092e-01
1.007764745366667575e-01
1.012463219364225647e-01
1.016990183094902966e-01
1.021662930552429127e-01
1.026224196336483763e-01
1.030639678393688585e-01
1.035183793151055048e-01
1.040036626388804730e-01
1.044717949359674491e-01
1.049296366170416189e-01
1.053737574767653618e-01
1.058273114011675231e-01
1.062697171582226152e-01
1.067361343526407325e-01
1.071922609310461405e-01
1.076561054714611776e-01
1.081276679738857049e-01
1.086060908869855290e-01
1.090845138000852421e-01
1.095680820211914763e-01
1.100636559609792231e-01
1.105557996954293770e-01
1.110728124185771937e-01
1.115658137043616521e-01
1.120656754008213934e-01
1.125320925952395246e-01
1.130173759190144650e-01
1.134966563834487047e-01
1.140351078899563969e-01
1.145735593964641585e-01
1.150691333362518776e-01
1.155312627739980974e-01
1.160328395731265727e-01
1.165412767829303170e-01
1.170582895060781614e-01
1.175855928452386040e-01
1.181120386330647976e-01
1.186110427781900678e-01
1.191289130526722445e-01
1.196622192511735266e-01
1.201998132063469560e-01
1.207339769561826121e-01
1.212467019226583231e-01
1.217722901591500873e-01
1.222961632929730758e-01
1.228509082748342751e-01
1.233833569220011278e-01
1.239132329151649975e-01
1.244714081023638591e-01
1.250450192135819927e-01
1.255929037847681173e-01
1.261519365233013668e-01
1.267041088511595137e-01
1.272391301523296270e-01
1.277827269668437016e-01
1.283331841920331007e-01
1.289153708165951817e-01
1.294692582471219933e-01
1.300308636396585171e-01
1.305881812755230464e-01
1.311489291167250715e-01
1.317319732926216513e-01
1.323047268525052167e-01
1.328757653097201175e-01
1.334476613182693783e-01
1.340084091594715143e-01
1.346111770160592080e-01
1.351830730246085521e-01
1.357498237251514583e-01
1.363440160683950797e-01
1.369322055522980697e-01
1.375281129982104666e-01
1.381154449307790411e-01
1.387044919660163633e-01
1.393038296172663948e-01
1.399057399225196452e-01
1.404922143037537208e-01
1.410984123656788825e-01
1.417011802222669370e-01
1.422945150141761983e-01
1.428869922547509053e-01
1.435094837920300181e-01
1.441062487892767474e-01
1.447493215585815007e-01
1.453538045178380533e-01
1.459634327851007107e-01
1.465799214630389979e-01
1.472041281029866366e-01
1.478317649482720764e-01
1.484748377175765521e-01
1.491059047681991823e-01
1.497352567161535919e-01
1.503646086641075574e-01
1.509999634714025984e-01
1.516138794953373614e-01
1.522449465459602969e-01
1.528717258399112378e-01
1.534925022745213807e-01
1.541269995304818674e-01
1.547735025051238389e-01
1.554114299664220988e-01
1.560613631464017603e-01
1.566950028510278869e-01
1.573500813390139863e-01
1.580240259563567562e-01
1.586610958663203785e-01
1.593136017003032867e-01
1.599695377396237739e-01
1.606143256115971640e-01
1.612745494075896735e-01
1.619099042148841872e-01
1.625624100488673451e-01
1.632346395635412561e-01
1.638802849868491729e-01
1.645302181668288066e-01
1.651844391034801851e-01
1.658463780021416645e-01
1.665203226194845176e-01
1.671925521341586507e-01
1.678699269568390828e-01
1.685404413688441627e-01
1.692221039481967837e-01
1.698960485655397201e-01
1.705639903235419974e-01
1.712267867735376425e-01
1.718921558775363401e-01
1.725729609055544345e-01
1.732288969448749494e-01
1.739019840108833592e-01
1.745870767955732261e-01
1.752790299909385840e-01
1.759521170569470216e-01
1.766577910736628620e-01
1.773583197823720981e-01
1.780331219510492280e-01
1.787233600437458103e-01
1.794204585471174673e-01
1.801038362291389194e-01
1.808095102458544545e-01
1.815126116085667152e-01
1.822208582792856912e-01
1.829085237179788881e-01
1.835970467080066948e-01
1.842941452113781298e-01
1.849989616767596934e-01
1.857200716174942923e-01
1.864574750335830089e-01
1.871803000769864389e-01
1.878902618503741073e-01
1.885642064677170715e-01
1.892518719064101018e-01
1.899421099991064898e-01
1.906443538104844182e-01
1.913517429298688954e-01
1.920574169465845416e-01
1.927622334119658831e-01
1.934524715046623267e-01
1.941478549053649028e-01
1.948483836140743886e-01
1.955343339500986710e-01
1.962211418374577854e-01
1.969088072761510377e-01
1.976119086388632706e-01
1.982772777428623290e-01
1.989512223602048768e-01
1.996157339128695751e-01
2.003068295569002955e-01
2.009962100982623789e-01
2.016770151262805288e-01
2.023612503596361190e-01
2.030326223229757532e-01
2.036902734649649049e-01
2.043667907363109215e-01
2.050407353536538579e-01
2.057215403816719523e-01
2.063706160103172815e-01
2.070256944983033531e-01
2.076953513589739619e-01
2.083487147442914800e-01
2.089969328216022548e-01
2.096511537582541329e-01
2.102899387708866696e-01
2.109398719508661924e-01
2.115958079901869571e-01
2.122320203488159418e-01
2.128648025021079582e-01
2.134898666933900957e-01
2.141046402686589967e-01
2.147339922166132398e-01
2.153384751758695981e-01
2.159369552757853250e-01
2.165354353757011074e-01
2.171236248596040141e-01
2.177032388301625987e-01
2.182828528007215163e-01
2.188684696306212041e-01
2.194103513424665308e-01
2.199642387729937032e-01
2.204966874201606253e-01
2.210522899533563790e-01
2.216010320758768082e-01
2.221489166470629883e-01
2.226762199862235836e-01
2.232369678274258862e-01
2.237745617825991074e-01
2.243155859431102128e-01
2.248446043849396669e-01
2.253813407887788334e-01
2.259163620899487523e-01
2.263506288663711397e-01
2.263506288663711397e-01
2.263506288663711397e-01
2.263506288663711397e-01
2.263506288663711397e-01
2.263506288663711397e-01
2.263506288663711397e-01
2.263506288663711397e-01
2.263506288663711397e-01
2.263506288663711397e-01
2.263506288663711397e-01
2.263506288663711397e-01
2.263506288663711397e-01
2.263506288663711397e-01
2.263506288663711397e-01
2.263506288663711397e-01
2.263506288663711397e-01
2.263506288663711397e-01
2.263506288663711397e-01
2.263506288663711397e-01
2.263506288663711397e-01
2.263506288663711397e-01
2.263506288663711397e-01
2.263506288663711397e-01
2.263506288663711397e-01
2.263506288663711397e-01
2.263506288663711397e-01
2.263506288663711397e-01
2.263506288663711397e-01
2.263506288663711397e-01
2.263506288663711397e-01
2.263506288663711397e-01
2.263506288663711397e-01
2.263506288663711397e-01
2.263506288663711397e-01
2.263506288663711397e-01
2.263506288663711397e-01
2.263506288663711397e-01
2.263506288663711397e-01
2.263506288663711397e-01
2.263506288663711397e-01
2.263506288663711397e-01
2.263506288663711397e-01
2.263506288663711397e-01
2.263506288663711397e-01
2.263506288663711397e-01
2.263506288663711397e-01
2.263506288663711397e-01
2.263506288663711397e-01
2.263506288663711397e-01
2.263506288663711397e-01
2.263506288663711397e-01
2.263506288663711397e-01
2.263506288663711397e-01
2.263506288663711397e-01
2.263506288663711397e-01
2.263506288663711397e-01
2.263506288663711397e-01
2.263506288663711397e-01
2.263506288663711397e-01
2.263506288663711397e-01
2.263506288663711397e-01
2.263506288663711397e-01
2.263506288663711397e-01
2.263506288663711397e-01
2.263506288663711397e-01
2.263506288663711397e-01
2.263506288663711397e-01
2.263506288663711397e-01
2.263506288663711397e-01
2.263506288663711397e-01
2.263506288663711397e-01
2.263506288663711397e-01
2.263506288663711397e-01
2.263506288663711397e-01
2.263506288663711397e-01
2.263506288663711397e-01
2.263506288663711397e-01
2.263506288663711397e-01
2.263506288663711397e-01
2.263506288663711397e-01
2.263506288663711397e-01
2.263506288663711397e-01
