1.135759391760454012e-01
1.034751949279919259e-01
9.800842649267604845e-02
9.327008764568912869e-02
8.905483849994044743e-02
8.524640943965314244e-02
8.174669453202167146e-02
7.849291176150900717e-02
7.545402795210935654e-02
7.263207095480730957e-02
6.998991199413938380e-02
6.752660071998370372e-02
6.520590045632704279e-02
6.300251797336260673e-02
6.092352055078448930e-02
5.893004330623257542e-02
5.705373949048338916e-02
5.528063045778616041e-02
5.359822064785771389e-02
5.198021513815667682e-02
5.044759492007509089e-02
4.898578534257042733e-02
4.759410875468789853e-02
4.627380063419801737e-02
4.502195401761864557e-02
4.383194315574744093e-02
4.269826408350753388e-02
4.161693056085576797e-02
4.059198044566456748e-02
3.960995050614563723e-02
3.866427753616705904e-02
3.775800860293916650e-02
3.688917860900052526e-02
3.606003304603964260e-02
3.526976344928929585e-02
3.451261141941380783e-02
3.378146203109113482e-02
3.308189896033469218e-02
3.240918111301299698e-02
3.176112527203457658e-02
3.113665239146971506e-02
3.053571704361044900e-02
2.995823272685741584e-02
2.940220919250520135e-02
2.886251512565575494e-02
2.834444896418054916e-02
2.784537822424755157e-02
2.736389270579842395e-02
2.689714419641412238e-02
2.644462700178718678e-02
2.600924571723948683e-02
2.559202772087790581e-02
2.519205883251995556e-02
2.480492778185340932e-02
2.443328567146523314e-02
2.407335707266423930e-02
2.372616481703982219e-02
2.338613134335126159e-02
2.305745577406141666e-02
2.273716195661667702e-02
2.242637483456485711e-02
2.212691023695644368e-02
2.183577104388821286e-02
2.155559618667835659e-02
2.128208693969757537e-02
2.101877580765537309e-02
2.076462627532504532e-02
2.051756711845871897e-02
2.027924503553053814e-02
2.004882182416527561e-02
1.982490378946762111e-02
1.960883122864549855e-02
1.940119507514260003e-02
1.920141925568397134e-02
1.900785665411228176e-02
1.882013787498651100e-02
1.863781992857503622e-02
1.846189977551983968e-02
1.829006266805660585e-02
1.812016840183026944e-02
1.795911717480758174e-02
1.780324038636987502e-02
1.765143771043259716e-02
1.750383809189629686e-02
1.736010773267609997e-02
1.721978483340360494e-02
1.708320784154632524e-02
1.694994891763303840e-02
1.681996879292216654e-02
1.669340547593516771e-02
1.656650328581257131e-02
1.644534264474904750e-02
1.632754530789597147e-02
1.621294602068873436e-02
1.609833336787696439e-02
1.598794553146743597e-02
1.587684543098202491e-02
1.576938395867007875e-02
1.566582497652114353e-02
1.556483868167543756e-02
1.546639999973566972e-02
1.537078847086349037e-02
1.527804396601462056e-02
1.518786434521603862e-02
1.510018402230707373e-02
1.501439018942780923e-02
1.493099675331678242e-02
1.484949362128250121e-02
1.477003502010547017e-02
1.469249728811585290e-02
1.461668011754864091e-02
1.454200803701945731e-02
1.446823954628910329e-02
1.439646018810128610e-02
1.432586377664895293e-02
1.425672087063947074e-02
1.418896861960404661e-02
1.412250342340238066e-02
1.405780753663217301e-02
1.399398693713394676e-02
1.393137949211005998e-02
1.386552293435135315e-02
1.380509049962911662e-02
1.374587511804419883e-02
1.368740187622739454e-02
1.362984034299734477e-02
1.357369059828466944e-02
1.351750234660585408e-02
1.346323095462364887e-02
1.340996651331162817e-02
1.335776308117595651e-02
1.330674664025443231e-02
1.325703196867893813e-02
1.320844483689130773e-02
1.316073880604583420e-02
1.311389764094160124e-02
1.306801384678975969e-02
1.302302199093894990e-02
1.297874625839669747e-02
1.293530338721803757e-02
1.289243402502866440e-02
1.285039278939959298e-02
1.280909419477545275e-02
1.276402879489519325e-02
1.272337784584298866e-02
1.268362241661454871e-02
1.264447765692706255e-02
1.260607162082398938e-02
1.256803979144858682e-02
1.253089553490640586e-02
1.249443901696533840e-02
1.245865930738930538e-02
1.242331972720685414e-02
1.238873875894433256e-02
1.235471836459790980e-02
1.232131010662605719e-02
1.228828319716233387e-02
1.225579948358691829e-02
1.222391942334639589e-02
1.219269010936401866e-02
1.216197545652791812e-02
1.213194723149779199e-02
1.210235098263830189e-02
1.207328277556048851e-02
1.204474939925450488e-02
1.201658936234347580e-02
1.198903809412046537e-02
1.196197095479755064e-02
1.193547996973162717e-02
1.190961497063437041e-02
1.188409986639898941e-02
1.185890363142107218e-02
1.183414516096200145e-02
1.180987897585193507e-02
1.178293219736597022e-02
1.175947465580113802e-02
1.173642245286598759e-02
1.171366827443418197e-02
1.169131310413751984e-02
1.166923120429648290e-02
1.164760982124006354e-02
1.162642542113532726e-02
1.160566824575070405e-02
1.158521688682322311e-02
1.156521716785214628e-02
1.154540065672221734e-02
1.152616256160019642e-02
1.150731492637309394e-02
1.148888764252685435e-02
1.147086721061943253e-02
1.145313308249810633e-02
1.143588464191140630e-02
1.141897592664408399e-02
1.140250088528934128e-02
1.138639150137404563e-02
1.137061345733648803e-02
1.135518560528092809e-02
1.134005299186704660e-02
1.132516770893413072e-02
1.131063184354859190e-02
1.129640924130291720e-02
1.128249740628316580e-02
1.126887060425941535e-02
1.125552727218497202e-02
1.124253187689865617e-02
1.122983113598408599e-02
1.121745257893363469e-02
1.120537112808990023e-02
1.119290921806707570e-02
1.118118796158219970e-02
1.116973850765645010e-02
1.115859185853805904e-02
1.114762495163966818e-02
1.113686495376424446e-02
1.112627352684515160e-02
1.111583077440805693e-02
1.110559894381087792e-02
1.109545506873207965e-02
1.108562404296396103e-02
1.107611083262444174e-02
1.106680548616949603e-02
1.105769608516009479e-02
1.104882061546728043e-02
1.104014029374056349e-02
1.103169077825358856e-02
1.102283211558410282e-02
1.101467020964137962e-02
1.100676573475668947e-02
1.099656353212054467e-02
1.098877175345482592e-02
1.098129314844546386e-02
1.097404299088145484e-02
1.096678828762213433e-02
1.095962112502498267e-02
1.095279886376922598e-02
1.094616686636446130e-02
1.093976564643906607e-02
1.093333122717846974e-02
1.092663699801287892e-02
1.092059131852519439e-02
1.091478635837300586e-02
1.090916429854004582e-02
1.090380772424821669e-02
1.089865754369546622e-02
1.089340636616908768e-02
1.088841288190760086e-02
1.088368614621005280e-02
1.087905075006170667e-02
1.087452317412519048e-02
1.086919688194955790e-02
1.086482470035749805e-02
1.086075789438448701e-02
1.085687951448810820e-02
1.085320125994022715e-02
1.084959100001938945e-02
1.084623629857412765e-02
1.084291752719406324e-02
1.083978479062412334e-02
1.083277381136673982e-02
1.082959202365202725e-02
1.082645241698705109e-02
1.082369681895437030e-02
1.082104582592352537e-02
1.081849782745699859e-02
1.081601893258216443e-02
1.081354281285794132e-02
1.081127285612801074e-02
1.080905869441956511e-02
1.080692873004699545e-02
1.080491768930178821e-02
1.080287625194147581e-02
1.080100104467664364e-02
1.079918836003933465e-02
1.079746784373197474e-02
1.079586760514929071e-02
1.079428834020105914e-02
1.079286302293586131e-02
1.079142863488359236e-02
1.079006286823857262e-02
1.078877366352764926e-02
1.078748442749741937e-02
1.078631688966285099e-02
1.078514778538143710e-02
1.078408211935496901e-02
1.078300226270131369e-02
1.078207337832321269e-02
1.078118392063470363e-02
1.078033661605150816e-02
1.077953985202495350e-02
1.077867667301962012e-02
1.077790914849828703e-02
1.077721779786710958e-02
1.077648674952668556e-02
1.077574757729305235e-02
1.077511762987464622e-02
1.077452589734369595e-02
1.077396769932337760e-02
1.077332837008124558e-02
1.077281375148630115e-02
1.077230465526175275e-02
1.077182441294799453e-02
1.077138681307552616e-02
1.077092684664485676e-02
1.077050728504313007e-02
1.077010785656260308e-02
1.076974509615870497e-02
1.076936909799248651e-02
1.076898620392048415e-02
1.076860321589835461e-02
1.076825740789567887e-02
1.076794141612890179e-02
1.076766790271438227e-02
1.076739450950354830e-02
1.076712258264539944e-02
1.076689034121039446e-02
1.076666254233977181e-02
1.076643050382881071e-02
1.076621334784462827e-02
1.076602713390144642e-02
1.076561541431456104e-02
1.076543454411204095e-02
1.076526894230116389e-02
1.076511586771316739e-02
1.076497260693956050e-02
1.076480241539744601e-02
1.076466484071072691e-02
1.076453868840078661e-02
1.076442333476281508e-02
1.076432227990414131e-02
1.076420578050588800e-02
1.076410479761064597e-02
1.076401303882639805e-02
1.076392294210821998e-02
1.076383246108580070e-02
1.076375928705450118e-02
1.076369556439358416e-02
1.076361421912996712e-02
1.076354620673003123e-02
1.076346421646899414e-02
1.076339969612713499e-02
1.076333810017374680e-02
1.076329036587721569e-02
1.076323631405810138e-02
1.076316717498949395e-02
1.076312224901303238e-02
1.076308763984553871e-02
1.076298647482512930e-02
1.076295362456880685e-02
1.076292134165130095e-02
1.076288649539602557e-02
1.076285823462500360e-02
1.076283693041845714e-02
1.076282139277173061e-02
1.076279764676199395e-02
1.076278707034103790e-02
1.076278665795235394e-02
1.076278124136675896e-02
1.076276982205840935e-02
1.076276287535459474e-02
1.076275199930752310e-02
1.076274820509546745e-02
1.076274422408560888e-02
1.076273153974554968e-02
1.076271882914687887e-02
1.076271493350970838e-02
1.076270450324998476e-02
1.076269073103434774e-02
1.076267908140661131e-02
1.076267534490132211e-02
1.076266710787860022e-02
1.076266078443737818e-02
1.076265749453738166e-02
1.076263784315091565e-02
1.076263077449355308e-02
1.076262969685226091e-02
1.076261786836446750e-02
1.076261413484209603e-02
1.076260936931105160e-02
1.076259480669325939e-02
1.076258476136260529e-02
1.076253180370420788e-02
1.076249281550484445e-02
1.076248541071570843e-02
1.076248067145089624e-02
1.076246998883692400e-02
1.076246566320210665e-02
1.076244692997679192e-02
1.076240073846229141e-02
1.076235537422789296e-02
1.076231606990858160e-02
1.076226888001273994e-02
1.076210376340223061e-02
1.076206236829799906e-02
1.076209192918630916e-02
1.076207884096651649e-02
1.076217015931507301e-02
1.076241775882266771e-02
1.076258123049536435e-02
1.076776125061601475e-02
1.077609311303662568e-02
1.079229419389991784e-02
1.083764829903908003e-02
1.096715563355588063e-02
1.119125558799670753e-02
1.162283134661951274e-02
1.177819590997593487e-02
1.284988475200183472e-02
1.405728572725592485e-02
1.479399539566737982e-02
1.826883012956708602e-02
2.211250332090874959e-02
2.837490538294548323e-02
3.518845530777042069e-02
4.382457255571754751e-02
5.551495200694279292e-02
7.872041873754982710e-02
1.500088954367678196e-01
8.795022939320409350e-01
8.971119146879646778e+08
8.971119145940723419e+08
8.971119145001802444e+08
8.971119144062889814e+08
8.971119143123984337e+08
8.971119142185082436e+08
8.971119141246190071e+08
8.971119140307298899e+08
8.971119139368418455e+08
8.971119138429545164e+08
8.971119137490669489e+08
8.971119136551809311e+08
8.971119135612956285e+08
8.971119134674105644e+08
8.971119133735255003e+08
8.971119132796412706e+08
8.971119131857583523e+08
8.971119130918759108e+08
8.971119129979935884e+08
8.971119129041122198e+08
8.971119128102312088e+08
8.971119127163516283e+08
8.971119126224721670e+08
8.971119125285931826e+08
8.971119124347149134e+08
8.971119123408372402e+08
8.971119122469600439e+08
8.971119121530833244e+08
8.971119120592076778e+08
8.971119119653325081e+08
8.971119118714578152e+08
8.971119117775835991e+08
8.971119116837105751e+08
8.971119115898375511e+08
8.971119114959658384e+08
8.971119114020946026e+08
8.971119113082243204e+08
8.971119112143536806e+08
8.971119111204839945e+08
8.971119110266140699e+08
8.971119109327456951e+08
8.971119108388782740e+08
8.971119107450109720e+08
8.971119106511446238e+08
8.971119105572786331e+08
8.971119104634134769e+08
8.971119103695492744e+08
8.971119102756851912e+08
8.971119101818212271e+08
8.971119100879586935e+08
8.971119099940961599e+08
8.971119099002344608e+08
8.971119098063735962e+08
8.971119097125133276e+08
8.971119096186535358e+08
8.971119095247939825e+08
8.971119094309364557e+08
8.971119093370782137e+08
8.971119092432205677e+08
8.971119091493641138e+08
8.971119090555078983e+08
8.971119089616531134e+08
8.971119088677978516e+08
8.971119087739439011e+08
8.971119086800912619e+08
8.971119085862375498e+08
8.971119084923855066e+08
8.971119083985337019e+08
8.971119083046822548e+08
8.971119082108318806e+08
8.971119081169828176e+08
8.971119080231332779e+08
8.971119079292846918e+08
8.971119078354365826e+08
8.971119077415889502e+08
8.971119076477421522e+08
8.971119075538963079e+08
8.971119074600512981e+08
8.971119073662061691e+08
8.971119072723612785e+08
8.971119071785181761e+08
8.971119070846753120e+08
8.971119069939604998e+08
