1.575379603007654450e-01
1.576069764392496186e-01
1.577446890462820273e-01
1.579505885749907246e-01
1.582241906836238665e-01
1.585652628626058602e-01
1.589739849771951152e-01
1.594509890093300797e-01
1.599972652141098961e-01
1.606139684546467328e-01
1.613021935598269452e-01
1.620627999618060588e-01
1.628963495127916106e-01
1.638031826612205699e-01
1.647836101682776389e-01
1.658381566179574496e-01
1.669677722277169429e-01
1.681739379535478196e-01
1.694586230760012358e-01
1.708241029525267296e-01
1.722726909558292274e-01
1.738064668952886416e-01
1.754270846401903283e-01
1.771357139471365361e-01
1.789331250169039489e-01
1.808198749593015464e-01
1.827965201776711734e-01
1.848637700984424870e-01
1.870225190602039511e-01
1.892737375238946196e-01
1.916182557995924907e-01
1.940565148069826606e-01
1.965883738508033829e-01
1.992130484920860700e-01
2.019292069251332478e-01
2.047351952042348877e-01
2.076293097012633093e-01
2.106100074604956851e-01
2.136759522281681534e-01
2.168258349862394185e-01
2.200579703258550845e-01
2.233697337681344874e-01
2.267569490800438459e-01
2.302133440955737298e-01
2.337301656256847993e-01
2.372959888110983406e-01
2.408966935823227962e-01
2.445155336521996070e-01
2.481332096984595892e-01
2.517278845973582313e-01
2.552751367197435561e-01
2.587479167582553141e-01
2.621166276001147266e-01
2.653494617734004080e-01
2.684130951591132130e-01
2.712737541000364572e-01
2.738985674571282058e-01
2.762570178984866676e-01
2.783222508134463036e-01
2.800720075705517287e-01
2.814890264856294011e-01
2.825608821546797267e-01
2.832793763582674429e-01
2.836397089635619984e-01
