1.315541923690725802e-05
6.099271237250685103e-04
1.262331198120549697e-03
1.974458257857708392e-03
2.723400856504119751e-03
3.473979701324278902e-03
4.233557900100035944e-03
4.951411821445300850e-03
5.694627558483613371e-03
6.432116433913819681e-03
7.156515339954071415e-03
7.903003569339882989e-03
8.641310567856974253e-03
9.403343135893369245e-03
1.017437505788535389e-02
1.094049824135610166e-02
1.170253080939248277e-02
1.248010771607943950e-02
1.327404708450383684e-02
1.405244211427765857e-02
1.484065462109394537e-02
1.563459398951833404e-02
1.642853335794271230e-02
1.722819958797519591e-02
1.802295707948644438e-02
1.881771457099770326e-02
1.961492643176956582e-02
2.041950140032327762e-02
2.121344076874765242e-02
2.200492576791140964e-02
2.280786449029137755e-02
2.361898444354008572e-02
2.441292381196446051e-02
2.521913502669191967e-02
2.602534624141937189e-02
2.681928560984374321e-02
2.762631494765808993e-02
2.843252616238554215e-02
2.922564740772304673e-02
3.001958677614741805e-02
3.083397922174361053e-02
3.164673542116602095e-02
3.244476540502472944e-02
3.325752160444715722e-02
3.404982472669777077e-02
3.486258092612020548e-02
3.568597272567199108e-02
3.647418523248825706e-02
3.727466958560760046e-02
3.807842643107445246e-02
3.889363699975754290e-02
3.968348575274757706e-02
4.050196881377814140e-02
4.129018132059440738e-02
4.199249090328909667e-02
4.264244060842396766e-02
4.307804206479828174e-02
4.360690955307602173e-02
4.406950907131710476e-02
4.453619920499254925e-02
4.504788610844596974e-02
4.555957301189939024e-02
4.605326120744161755e-02
4.657885620337188365e-02
4.714862984599322432e-02
4.763986367227485141e-02
4.815318682190200539e-02
4.867714557165852413e-02
4.921828490623934849e-02
4.972833556351902856e-02
5.026783865192608475e-02
5.074516438573085930e-02
5.126503252005300965e-02
5.169245274555856612e-02
5.223522832631311702e-02
5.290808547788039551e-02
5.347622287432799576e-02
5.396500233134896019e-02
5.456668277435834657e-02
5.502437355407819447e-02
5.551315301109918665e-02
5.607883603828620056e-02
5.654470804887479218e-02
5.701794316724524692e-02
5.774316019637246167e-02
5.829902574651707470e-02
5.881643951157868033e-02
5.943611866249930153e-02
6.013433762975967795e-02
6.055848536291787154e-02
6.101126740411653288e-02
6.146077695296767174e-02
6.218681210518171160e-02
6.276149448632441230e-02
6.340408108367746876e-02
6.403112334237995307e-02
6.467289181664612197e-02
6.522548487444322640e-02
6.573962614715733732e-02
6.633557972855870510e-02
6.691353460204885195e-02
6.739331470511433775e-02
6.779128249949262219e-02
6.850422768231673176e-02
6.917872108005784781e-02
6.974685847650549664e-02
7.041889750498603329e-02
7.108439154877152499e-02
7.161489528322309561e-02
7.215112587928275423e-02
7.275362444537911144e-02
7.345020716646576131e-02
7.442986047561023222e-02
7.529088593715824174e-02
7.595392561168316792e-02
7.652124488504402633e-02
7.696666381846085925e-02
7.759370607716339907e-02
7.812502793470181561e-02
7.878970385540039201e-02
7.930057263576702209e-02
7.974762781535761624e-02
8.048266232152725963e-02
8.120787935065443275e-02
8.172938373115042066e-02
8.234824475898414042e-02
8.325508511339700657e-02
8.406620506664573556e-02
8.461143501666101852e-02
8.543237244695232879e-02
8.643984194105049090e-02
8.702352367614872575e-02
8.756548113381652787e-02
8.810171172987617261e-02
8.897991777624854326e-02
8.972149726711316220e-02
9.033381331025200356e-02
9.086758953705105502e-02
9.161407776643699929e-02
9.261009353731894378e-02
9.362574426228581492e-02
9.455876455547859716e-02
9.523243983013283953e-02
9.589711575083145756e-02
9.650452305544902909e-02
9.731318863943723418e-02
9.832065813353542405e-02
9.902869457783836094e-02
9.971464169879565298e-02
1.003662276501042505e-01
1.009638174776793657e-01
1.014321438575286199e-01
1.019618294688932891e-01
1.026142335432888159e-01
1.036061586987364752e-01
1.045931751156628092e-01
1.055409216244192899e-01
1.062203237606816758e-01
1.067982786341718227e-01
1.072870580911929050e-01
1.077897456406908400e-01
1.086695879332369302e-01
1.092262716064683614e-01
1.097796827873523673e-01
1.103412751991051377e-01
1.112153906300430983e-01
1.120445092912030760e-01
1.129161703528803323e-01
1.138230107072933373e-01
1.146120413371966157e-01
1.154894292604820849e-01
1.165304418011420817e-01
1.175665456032805867e-01
1.186353743288941637e-01
1.196166638842123958e-01
1.202797035587372249e-01
1.213297154533527489e-01
1.221032017446053858e-01
1.228930504975954269e-01
1.234538247862612126e-01
1.241446806457398022e-01
1.246432775798035353e-01
1.252531392536816168e-01
1.257697348956564320e-01
1.263665066001446458e-01
1.273960654175882445e-01
1.282325471865301547e-01
1.289544917233098609e-01
1.296338938595721080e-01
1.302380286718422542e-01
1.308454359764598951e-01
1.314078465112994698e-01
1.320005276003531902e-01
1.330554482334899702e-01
1.341619106210995560e-01
1.352372843314081918e-01
1.362153013943789293e-01
1.372407695963883956e-01
1.382400578596178764e-01
1.390119079046966966e-01
1.395923171474474922e-01
1.401530914361133751e-01
1.407146838478661732e-01
1.413245455217443936e-01
1.421029405515181199e-01
1.429353317050255923e-01
1.438847144599558758e-01
1.445428453959595738e-01
1.451068921769728959e-01
1.457077544968955196e-01
1.464599695878893437e-01
1.470796487388101870e-01
1.476518767506921348e-01
1.486421656599659358e-01
1.497306293396642729e-01
1.507078282795482060e-01
1.515066763864940380e-01
1.522032591075805352e-01
1.530724657999973093e-01
1.538696776607692829e-01
1.546480726905432868e-01
1.553209298421102391e-01
1.561115967181872233e-01
1.568703567938763144e-01
1.574106780053703414e-01
1.579428179859955206e-01
1.588701114175802565e-01
1.598342203880741552e-01
1.605946167099367161e-01
1.612789275847201498e-01
1.623493925565076268e-01
1.633355908503471288e-01
1.638898201543180222e-01
1.644743200125032001e-01
1.652486244268425719e-01
1.660810155803502108e-01
1.668921355335989398e-01
1.679020593969577646e-01
1.688923483062316766e-01
1.698294592148588134e-01
1.708393830782174161e-01
1.718296719874913003e-01
1.724436242768038197e-01
1.733676452160410053e-01
1.741313140302513385e-01
1.750888780160499147e-01
1.758836355075612534e-01
1.768690156783138956e-01
1.778601227106746396e-01
1.789567676212417968e-01
1.798267924367454029e-01
1.804726515264460651e-01
1.810759682156292960e-01
1.816334700119476009e-01
1.821091594995788432e-01
1.829562768686498753e-01
1.838181204532846336e-01
1.843780766188635178e-01
1.850861130631663853e-01
1.858162388308148560e-01
1.865111853057277724e-01
1.872306754732465384e-01
1.878634445935571939e-01
1.884536713133505570e-01
1.892647912665994248e-01
1.902329908525276225e-01
1.912159166540196020e-01
1.921931155939034519e-01
1.932218562882603019e-01
1.942293257823585473e-01
1.951991616144606034e-01
1.961853599083000776e-01
1.972034650025274449e-01
1.981463027727626280e-01
1.991750434671193393e-01
2.001056093910515976e-01
2.010500834074604448e-01
2.019503787771782799e-01
2.027320462992996952e-01
2.033631791734365757e-01
2.040933049410849631e-01
2.048422475397314313e-01
2.057212717091905507e-01
2.067254687109412459e-01
2.073737821699024320e-01
2.079206483660914484e-01
2.088291249666780203e-01
2.095625232266739302e-01
2.101838386237682155e-01
2.107225235890882731e-01
2.112473004619318806e-01
2.119422469368449913e-01
2.127820011981342019e-01
2.136209373363368302e-01
2.145531395064425306e-01
2.155197028461970088e-01
2.163725470768762538e-01
2.173718353401057624e-01
2.183261268335570660e-01
2.191274293097633941e-01
2.201348988038616672e-01
2.211636394982185172e-01
2.217939542492683713e-01
2.224529033083590401e-01
2.229784983042893964e-01
2.236349929941193193e-01
2.244232055009356686e-01
2.250837908062000847e-01
2.260389004227381093e-01
2.270030093932316473e-01
2.279393021787715357e-01
2.289721334885621296e-01
2.299043356586673026e-01
2.304520199779432343e-01
2.310610635287343451e-01
2.319531776675831936e-01
2.330490044550632689e-01
2.339386642246510939e-01
2.344773491899710960e-01
2.351248445258454778e-01
2.358296084778005175e-01
2.368706210184599592e-01
2.377970963269573634e-01
2.387202991431071342e-01
2.395805064815678953e-01
2.403965351733375333e-01
2.413164654971399758e-01
2.421374029274309392e-01
2.428094419559110595e-01
2.433677618753161132e-01
2.440258928113190617e-01
2.447151124246237930e-01
2.455769560092584125e-01
2.464453445785880215e-01
2.473497305637396004e-01
2.480119521151774309e-01
2.489433361621958551e-01
2.498100884853516612e-01
2.504297676362721714e-01
2.514266015302405455e-01
2.524258897934694712e-01
2.532713709163663118e-01
2.538648701285070031e-01
2.546465376506281686e-01
2.556024653902530530e-01
2.565649381145729824e-01
2.574087829912960479e-01
2.583033514994051982e-01
2.593083666242425034e-01
2.602675668562147160e-01
2.611498635180211081e-01
2.621663323660740619e-01
2.631116245055692415e-01
2.639391069205554996e-01
2.647886786588866670e-01
2.655048963340579937e-01
2.664632784429435408e-01
2.672850339963213084e-01
2.682900491211583915e-01
2.692827923996923833e-01
2.700832767528112965e-01
2.711529236015112199e-01
2.718216901376440675e-01
2.724708217196917803e-01
2.732704879497239170e-01
2.742100532276114389e-01
2.750457168734661284e-01
2.756793041168632552e-01
2.766123244100556766e-01
2.776557913199754757e-01
2.786747145372895362e-01
2.795848273840494391e-01
2.805693894317146109e-01
2.814672304321714780e-01
2.821801756149954210e-01
2.828513965203886538e-01
2.838081423831000372e-01
2.847239820914682085e-01
2.857093622622204343e-01
2.866178388628068396e-01
2.873880526617116349e-01
2.880306392590645248e-01
2.888990278283937174e-01
2.896757866119935576e-01
2.906038981666647092e-01
2.915213741212066001e-01
2.924576669067466272e-01
2.930176230723254838e-01
2.937452944707129032e-01
2.942839794360327943e-01
2.952268172062678109e-01
2.961843811920662484e-01
2.971362183162565285e-01
2.979219764538119652e-01
2.986087416978557840e-01
2.993020519265943147e-01
3.000100883708966548e-01
3.006346762603379075e-01
3.015513340917930774e-01
3.025228061700684923e-01
3.034026484626141107e-01
3.044150266952329598e-01
3.054044974814191793e-01
3.063596070979571762e-01
3.073711672074891932e-01
3.084129978712357167e-01
3.092862951790862902e-01
3.101743187025003956e-01
3.111662438579472778e-01
3.119364576568521286e-01
3.128915672733900144e-01
3.138000438739768083e-01
3.146070732117907109e-01
3.156259964291046050e-01
3.165573804761228627e-01
3.175018544925312103e-01
3.183620618309924155e-01
3.192762652931868117e-01
3.200832946310008809e-01
3.207446980593516295e-01
3.215255474583859630e-01
3.223988447662368695e-01
3.233253200747339684e-01
3.240595364578165438e-01
3.246497631776092407e-01
3.253700714682149497e-01
3.263358166848822628e-01
3.273490130405878884e-01
3.283630275193807901e-01
3.293320452283954869e-01
3.302724286293692857e-01
3.309092883651140182e-01
3.315256950236867839e-01
3.323580861771939787e-01
3.333786456406815923e-01
3.341897655939303213e-01
3.350516091785648576e-01
3.359224521171547684e-01
3.369151953956889267e-01
3.377934014420604369e-01
3.386928786886909126e-01
3.397175287676131861e-01
3.407364519849275242e-01
3.416334748622972262e-01
3.423914168148990966e-01
3.430781820589426379e-01
3.437976722264612373e-01
3.444304413467713100e-01
3.452014732687631038e-01
3.460502268840074946e-01
3.470135177314142005e-01
3.478778156853092884e-01
3.486660281921255544e-01
3.494714212837657930e-01
3.504715276700817728e-01
3.513693686705381403e-01
3.522099410549140441e-01
3.530914195936337707e-01
3.539917149633513005e-01
3.548167430090765073e-01
3.556573153934526887e-01
3.565248858396949938e-01
3.574521792712792023e-01
3.581520344847128334e-01
3.590572385929516330e-01
3.599190821775859472e-01
3.606058474216300436e-01
3.613834243283168268e-01
3.621560924964821182e-01
3.629467593725590469e-01
3.637006107097261465e-01
3.644920957088899627e-01
3.654251160020821065e-01
3.661863304470314162e-01
3.670138128620170637e-01
3.679861030633795882e-01
3.689960269267377746e-01
3.698660517422412419e-01
3.704898215085959401e-01
3.712657621691090037e-01
3.721406957231332413e-01
3.730532629391538069e-01
3.737514819064135518e-01
3.745601474904015626e-01
3.754383535367736835e-01
3.761848417661592392e-01
3.770622296894446390e-01
3.778373522268707041e-01
3.786681071342039573e-01
3.795913099503536725e-01
3.803108001178724940e-01
3.810875589014720566e-01
3.820222154408381976e-01
3.827719761625715256e-01
3.837499932255416524e-01
3.844735740084950226e-01
3.852642408845714517e-01
3.861285388384668171e-01
3.869396587917154351e-01
3.877000551135776907e-01
3.883957542617299530e-01
