3.474092422636439539e-04
1.666582779978809299e-04
1.023733433278398625e-04
6.628314375645802013e-05
4.556112974654408823e-05
3.306103774573432752e-05
2.554175972202235085e-05
2.111956521956696693e-05
1.857387306650947557e-05
1.677368150702780296e-05
1.536704297106665358e-05
1.411595329888135200e-05
1.311474577460848751e-05
1.218157066246645348e-05
1.138241368545901907e-05
1.066334343052562146e-05
1.002286488126741527e-05
9.417246929511527962e-06
8.853478428102302218e-06
8.319797392735604297e-06
7.814834130962601327e-06
7.351583529127871396e-06
6.902635140641778845e-06
6.485660180033564931e-06
6.086505875538812385e-06
5.705204386783693149e-06
5.349231298577563173e-06
5.006139984094126967e-06
4.692394535602330567e-06
4.391859629939799385e-06
4.113619505403401787e-06
3.855586643519076953e-06
3.612567633340012311e-06
3.389653552896517025e-06
3.180809644013534254e-06
2.987030379580365090e-06
2.809169010766138928e-06
2.645378983421132716e-06
2.497523863199669459e-06
2.362101286203014331e-06
2.239570105213849978e-06
2.130279667850327691e-06
2.034402881988233896e-06
1.948578331432936886e-06
1.870894040293032038e-06
1.807086968133584061e-06
1.748611492824939203e-06
1.705250349409355772e-06
1.671537544072999664e-06
1.644231631063084619e-06
1.625479500916847210e-06
1.612277937854259107e-06
1.603817345681322308e-06
1.597829325440794193e-06
1.594380903772423963e-06
1.593142467464009135e-06
1.592992754724842949e-06
1.592705657705367846e-06
1.592539596875635829e-06
1.592496490296082880e-06
1.592479835998608660e-06
1.592474669389589748e-06
1.592458354152516030e-06
1.592436685536504928e-06
1.591915712893124867e-06
1.591799543440703496e-06
1.591749685230607120e-06
1.591719440423898004e-06
1.591693743235172139e-06
1.591643497152916827e-06
1.591425441991672488e-06
1.591389568790548535e-06
1.591329025224364899e-06
1.591264427669161681e-06
1.591204593895909441e-06
1.591176587469915237e-06
1.590367362477365990e-06
1.590193911093053001e-06
1.590168909542841410e-06
1.590139242549818271e-06
1.590137947352869414e-06
1.589951443016075587e-06
1.589891296348288507e-06
1.589837820758434129e-06
1.589697534930297294e-06
1.589626686126500159e-06
1.589569913852892312e-06
1.589522490030122862e-06
1.589520363244973630e-06
1.589484592944447239e-06
1.589422700047512144e-06
1.589417057765699486e-06
1.589388743331237435e-06
1.589376950525701055e-06
1.589243808964252624e-06
1.589221945302339570e-06
1.589211782018872668e-06
1.589135244302462026e-06
1.589114237524100191e-06
1.589092369145218837e-06
1.589066580802181345e-06
1.588989737556728805e-06
1.588981341179801933e-06
1.588852357489273776e-06
1.587443479214576845e-06
1.587333678645325406e-06
1.587176689543468683e-06
1.586825208410030607e-06
1.586730885393378726e-06
1.586662672966721349e-06
1.586537436242058757e-06
1.586425820638361116e-06
1.586367214311382482e-06
1.586275733387203027e-06
1.586175648197527364e-06
1.586068932718302896e-06
1.586005538855166911e-06
1.585936935297010804e-06
1.585727190028611155e-06
1.585606656542017350e-06
1.585392505326081974e-06
1.585385411887604145e-06
1.585382987645073302e-06
1.585301736430736409e-06
1.585215248350948326e-06
1.584988983083566812e-06
1.584966399670644739e-06
1.584908145700041672e-06
1.584701688775485587e-06
1.584538101377124763e-06
1.584521323800406733e-06
1.584278379564271583e-06
1.584254936182107663e-06
1.584123442729154461e-06
1.584074598433092154e-06
1.583966163532684587e-06
1.583925127688780486e-06
1.583812880935585276e-06
1.583633644922549571e-06
1.583584141358336160e-06
1.583550694859623290e-06
1.583545198937862421e-06
1.583508736797408771e-06
1.583433432650828453e-06
1.583300701528303394e-06
1.583209787574034409e-06
1.582963508907803645e-06
1.582886056259345125e-06
1.582882641194273936e-06
1.582831883828820727e-06
1.582743750111574774e-06
1.582630762113452747e-06
1.582597506130810212e-06
1.582440221279117878e-06
1.582332541163697231e-06
1.582359058178073444e-06
1.582297081621944079e-06
1.582276543353411167e-06
1.582124407368435384e-06
1.581876438045550808e-06
1.581462796021818251e-06
1.581263445697303213e-06
1.581146789241220365e-06
1.581061956282095693e-06
1.580984645515398665e-06
1.580534279576256515e-06
1.580113614530136070e-06
1.579997139871961562e-06
1.579951093003937066e-06
1.579993680362034227e-06
1.579925136854472462e-06
1.579897581165255617e-06
1.579888738090507716e-06
1.579864216258125145e-06
1.579844479361480190e-06
1.579631250657395980e-06
1.579585726021620707e-06
1.578448217745006446e-06
1.574706597684870012e-06
1.574386731992299897e-06
1.574261125117035622e-06
1.573874525753345492e-06
1.573794564934768459e-06
1.573438151531670566e-06
1.573291086481405561e-06
1.573247874325256893e-06
1.572912028338526053e-06
1.572695017298385379e-06
1.572494068079611840e-06
1.572246726591508990e-06
1.572097207810806071e-06
1.571745834498275976e-06
1.571443338468467857e-06
1.571427310400233939e-06
1.571427224604479741e-06
1.571375987600273755e-06
1.571294346819157648e-06
1.571270246753738786e-06
1.571279320158346080e-06
1.571145254884245566e-06
1.570861329279145083e-06
1.570430010830168995e-06
1.570030314035483757e-06
1.569913159897124125e-06
1.569813615523113503e-06
1.569687578487601528e-06
1.569679352803804240e-06
1.569383627522693831e-06
1.569193952583576717e-06
1.568972471007453165e-06
1.568897201801379603e-06
1.568728580482039280e-06
1.568473229699023550e-06
1.568398952523367363e-06
1.568435010545378507e-06
1.568339977151641922e-06
1.568270498372177602e-06
1.567530086152146072e-06
1.565893891812081490e-06
1.565682402016260286e-06
1.565346487000096813e-06
1.564859324877764025e-06
1.564789279364373672e-06
1.564479549724034706e-06
1.561303349356838421e-06
1.561027579371817343e-06
1.560532468872949155e-06
1.560507752265167780e-06
1.560370033390454186e-06
1.559726024613269464e-06
1.559728039707539788e-06
1.559617633881158186e-06
1.559598990707172778e-06
1.559480963545199888e-06
1.558962658049244257e-06
1.558789060385505369e-06
1.558457908410295959e-06
1.558405311958608866e-06
1.558397903022978834e-06
1.557707840959038645e-06
1.557520773609882553e-06
1.557303344174191223e-06
1.556757226380277686e-06
1.556698419456294682e-06
1.555786955438972286e-06
1.555764379327769410e-06
1.555644223216353382e-06
1.555585621006060751e-06
1.555657375779529770e-06
1.555567640227105959e-06
1.555386371402478688e-06
1.555360748549041978e-06
1.554323588498723791e-06
1.554214117234310222e-06
1.553023602457791512e-06
1.552729645773313808e-06
1.552031560158736783e-06
1.551357983960646567e-06
1.550513983328826900e-06
1.549774321218508975e-06
1.549495770391117946e-06
1.549220687213981383e-06
1.548903719294662801e-06
1.548383871804980420e-06
1.548025253748700321e-06
1.547811880803889673e-06
1.547814843954773188e-06
1.547738509357985193e-06
1.547689237493736189e-06
1.547681380094538011e-06
1.547681870920641493e-06
1.547596290008263339e-06
1.547492783807719163e-06
1.547525220469927115e-06
1.547603857648654155e-06
1.547435585298913074e-06
1.547186176444313063e-06
1.546764317959265876e-06
1.546188954861678856e-06
1.545750008018600430e-06
1.545652155324824703e-06
1.545203948364426576e-06
1.545095843902912657e-06
1.544949634625583882e-06
1.544686618992236375e-06
1.544357958167152791e-06
1.543880743240105544e-06
1.543112529519941984e-06
1.542924818175290407e-06
1.542296623402597690e-06
1.540500005025621928e-06
1.539820331191234010e-06
1.539359852574559264e-06
1.538331024945413541e-06
1.538307646916428609e-06
1.538237362499049315e-06
1.537920453403885107e-06
1.537477330684071461e-06
1.537391795611610387e-06
1.536721188925526889e-06
1.536676821039346086e-06
1.536658720475705151e-06
1.535993664553445486e-06
1.535572935320066577e-06
1.533664746112286123e-06
1.533322911274643015e-06
1.532648303195271734e-06
1.532202498081039326e-06
1.531112089901013468e-06
1.530899431774654171e-06
1.530300223341516537e-06
1.528934793324856183e-06
1.527897162943521744e-06
1.526931337999355102e-06
1.526616599453121009e-06
1.526722518267294247e-06
1.526614068250154581e-06
1.525966964434979262e-06
1.525361327171372174e-06
1.524855192706355267e-06
1.523729396702683954e-06
1.523716731322972328e-06
1.523470442573047049e-06
1.523370119686178449e-06
1.523183733999212422e-06
1.522311117707849558e-06
1.522216500200632820e-06
1.522193737028105669e-06
1.520893788235419717e-06
1.518102913942031716e-06
1.517767853378582076e-06
1.517748910776014170e-06
1.516890049793739373e-06
1.516512888787372353e-06
1.515937846048542005e-06
1.515632047396940855e-06
1.515571978383466572e-06
1.514866998137164096e-06
1.512982462834143935e-06
1.512808170058391206e-06
1.512057443774544494e-06
1.511329691166077179e-06
1.509351043648229733e-06
1.508803340500869538e-06
1.508181664642090146e-06
1.507776020962736623e-06
1.507256105885362953e-06
1.507151686106158872e-06
1.507209996523169470e-06
1.507123650586719782e-06
1.506532818753365221e-06
1.506370176813117018e-06
1.506183127676055925e-06
1.505578047209366344e-06
1.505333917598622021e-06
1.505078064204131386e-06
1.504226689544173852e-06
1.504019464821009347e-06
1.503544683778870376e-06
1.503552681701112118e-06
1.503187000888743734e-06
1.502647258365631438e-06
1.502108039682568824e-06
1.500748706811222253e-06
1.500379974071149977e-06
1.499850886951338660e-06
1.499089100906202887e-06
1.498654333908704977e-06
1.497622856693370341e-06
1.497652515799067892e-06
1.497738977893044741e-06
1.497034737156599594e-06
1.496783654460293380e-06
1.497215885096335556e-06
1.496531892654237080e-06
1.495144715540976422e-06
1.495157942838209195e-06
1.493321317946466033e-06
1.491132687962765486e-06
1.490753148628390095e-06
1.488918945759267052e-06
1.485035548799452948e-06
1.483376571854522083e-06
1.482736784409511030e-06
1.482539451496973983e-06
1.482503406107170487e-06
1.482378681566807604e-06
1.474490726511146323e-06
1.472746737143640189e-06
1.468858267687817592e-06
1.468214831013271409e-06
1.468118608536145518e-06
1.467848591241603154e-06
1.466663820551601321e-06
1.463806022496610863e-06
1.463338204062598404e-06
1.459151271675128767e-06
1.456649955320015406e-06
1.454907671260485731e-06
1.455280438078010298e-06
1.454604292789088185e-06
1.453226701404196599e-06
1.452647339488005919e-06
1.452449754028504902e-06
1.451686896298864261e-06
1.451933578425729838e-06
1.445842409740602819e-06
1.442263000859206057e-06
1.441798913976015823e-06
1.437221319629227022e-06
1.437726164220258482e-06
1.436416937311432469e-06
1.432853395123858560e-06
1.432442205196895918e-06
1.431784987329615524e-06
1.432084871170616666e-06
1.430254617408407846e-06
1.429494687731953495e-06
1.429033228025843440e-06
1.427548018249425373e-06
1.426091527008424656e-06
1.426636760863099436e-06
1.425645643296792544e-06
1.425973534033621184e-06
1.423474591738351902e-06
1.417409081150734158e-06
1.417503440995541929e-06
1.416725461267277283e-06
1.415476432643222520e-06
1.413180468320419391e-06
1.412564052786914438e-06
1.409516548613379448e-06
1.406287823483319507e-06
1.403328886864939372e-06
1.403094464260177809e-06
1.399971165512795281e-06
1.400269809834223294e-06
1.400213650621877106e-06
1.399220254353145268e-06
1.399683792010923537e-06
1.398397158215253402e-06
1.398282395162124439e-06
1.397552348495102945e-06
1.385468042582454393e-06
1.371372633185413659e-06
1.363699883260351102e-06
1.363864218641198422e-06
1.356800907980775937e-06
1.360596667314061632e-06
1.359179857180381313e-06
1.360315447257245754e-06
1.355737975223532632e-06
1.352924406456127893e-06
1.341154685991437258e-06
1.341565564937624197e-06
1.338125024636753293e-06
1.333698806679221474e-06
1.331926066485433324e-06
1.325855970797557152e-06
1.321692920175085022e-06
1.328729052793985619e-06
1.330546134803821844e-06
1.328189151459893337e-06
1.312521780825787827e-06
1.308458820388994123e-06
1.308933009664108842e-06
1.297307355218549908e-06
1.294314114224788352e-06
1.287897862926852738e-06
1.283859717274760748e-06
1.242912861371718456e-06
1.240003450302902589e-06
1.238080478023683431e-06
1.225213000262216705e-06
1.214823968150687918e-06
1.223548414738541882e-06
1.221777303721746434e-06
1.215229846796462414e-06
1.200847838596071169e-06
1.194986800040501695e-06
1.197172772620354294e-06
1.193640953544335032e-06
1.204650594872778316e-06
1.230029282994137582e-06
1.274954216507225575e-06
1.288082395770017095e-06
1.293779959391418629e-06
1.323044863444577821e-06
1.374482523108537694e-06
1.378644603946733950e-06
1.312500070212923088e-06
1.404300503342065435e-06
1.466028286263942384e-06
1.597742309540439443e-06
1.655100326274634719e-06
1.855748419487334966e-06
2.121250007122512667e-06
2.502866071843661392e-06
2.882319317907147724e-06
4.374518961060581347e-06
7.789374571779041287e-06
