1.938855157685920538e+00
1.939972741624855557e+00
1.942212752826817379e+00
1.945584841023598743e+00
1.950103386338853273e+00
1.955787379953405125e+00
1.962660255483032357e+00
1.970749663764101767e+00
1.980087182927552147e+00
1.990707955429980691e+00
2.002650244155264048e+00
2.015954900821509632e+00
2.030664741711229127e+00
2.046823828137026791e+00
2.064476651975086785e+00
2.083667229926023712e+00
2.104438113751302630e+00
2.126829327415442172e+00
2.150877245658531223e+00
2.176613431845805025e+00
2.204063455814377015e+00
2.233245714704302110e+00
2.264170281294736409e+00
2.296837805078630002e+00
2.331238491159340676e+00
2.367351181048036768e+00
2.405142557636806178e+00
2.444566494117851541e+00
2.485563563545126531e+00
2.528060722244842573e+00
2.571971176536182124e+00
2.617194438379556232e+00
2.663616571764889418e+00
2.711110627999040013e+00
2.759537264628701525e+00
2.808745539588842544e+00
2.858573869310310211e+00
2.908851136941883020e+00
2.959397934512489226e+00
3.010027920743535645e+00
3.060549274289312560e+00
3.110766220421637751e+00
3.160480607595201441e+00
3.209493508975078235e+00
3.257606822954090209e+00
3.304624846040983055e+00
3.350355791389238558e+00
3.394613226798526284e+00
3.437217407387048951e+00
3.477996480408761748e+00
3.516787542934778799e+00
3.553437537332269081e+00
3.587803974580767274e+00
3.619755481308125411e+00
3.649172172769135525e+00
3.675945860522059849e+00
3.699980109921563010e+00
3.721190168354001404e+00
3.739502790007207977e+00
3.754855986541767443e+00
3.767198735029402279e+00
3.776490674755092591e+00
3.782701822864598551e+00
3.785812335424976638e+00
