1.429905072246752809e-05
4.533926237800534878e-04
9.203218381424292530e-04
1.333266778459151359e-03
1.767299325824957029e-03
2.192053326089168919e-03
2.630303394864792841e-03
3.072770985050234365e-03
3.505960028134078206e-03
3.974576251060376979e-03
4.435600935449005196e-03
4.901686645529415229e-03
5.355963295662336671e-03
5.815300971487039929e-03
6.274638647311739717e-03
6.728071793162702582e-03
7.167165366220284647e-03
7.634938084864626578e-03
8.105241316354858117e-03
8.561204975051714058e-03
9.017168633748568266e-03
9.486628360956837758e-03
9.951027062473331505e-03
1.041626926827177689e-02
1.090934711537501836e-02
1.135687573125223997e-02
1.181030887710320630e-02
1.226964655292791563e-02
1.273573226300833174e-02
1.320350498165267540e-02
1.367212120457898285e-02
1.413230238468566116e-02
1.459754459048411002e-02
1.506784782197434329e-02
1.552887250636298018e-02
1.597977513936805344e-02
1.643573879806491111e-02
1.691025955096496849e-02
1.735441414971433324e-02
1.783399592830616637e-02
1.831863873258977524e-02
1.878641145123411543e-02
1.924406211849490761e-02
1.970002577719174794e-02
2.017285952152786735e-02
2.065244130011969700e-02
2.112527504445580948e-02
2.160316981448370810e-02
2.207009902884607758e-02
2.252100166185115951e-02
2.299973993616101151e-02
2.348269573188068587e-02
2.396227751047251900e-02
2.441655416060544218e-02
2.487083081073837923e-02
2.537065669209731533e-02
2.585023847068913805e-02
2.630620212938599572e-02
2.677481835231229970e-02
2.724512158380252430e-02
2.770445925962723710e-02
2.815789240547821384e-02
2.862650862840449353e-02
2.906644570574404979e-02
2.954180996292610217e-02
3.002392225436375725e-02
3.050350403295562854e-02
3.096031119593441877e-02
3.145591955588354638e-02
3.190344817176081482e-02
3.235350730048386358e-02
3.279766189923324915e-02
3.327302615641529460e-02
3.375682545641688070e-02
3.422628518362517275e-02
3.469321439798759427e-02
3.517026566373348401e-02
3.564394291235156720e-02
3.613364674232701079e-02
3.661154151235486431e-02
3.709534081235651287e-02
3.757745310379428244e-02
3.805703488238607046e-02
3.853492965241397256e-02
3.905078211513029335e-02
3.953879893654169836e-02
4.004031182646457243e-02
4.054013770782355364e-02
4.102815452923504191e-02
4.150183177785309041e-02
4.200165765921207162e-02
4.249810952344321158e-02
4.298528284057265975e-02
4.348342171336768563e-02
4.394697691060223815e-02
4.441559313352860111e-02
4.490023593781215100e-02
4.538319173353184272e-02
4.586108650355977256e-02
4.633307674361394901e-02
4.682446758215322302e-02
4.731754542925648704e-02
4.777857011364514128e-02
4.830538813202694265e-02
4.879340495343834766e-02
4.927889126200392378e-02
4.976353406628756387e-02
5.025408140054495043e-02
5.071426258065160619e-02
5.121408846201051801e-02
5.170547930054985447e-02
5.221795774613829239e-02
5.266717337057943982e-02
5.314422463632535037e-02
5.363477197058272306e-02
5.413291084337778364e-02
5.461502313481551157e-02
5.505917773356482081e-02
5.549658429805846838e-02
5.593146034970626623e-02
5.640598110260628545e-02
5.687712783837853281e-02
5.734996158271468691e-02
5.779749019859187903e-02
5.826104539582636910e-02
5.874653170439196603e-02
5.922611348298388589e-02
5.965677201322178158e-02
6.010092661197111857e-02
6.054508121072041393e-02
6.100441888654521000e-02
6.145110399814059793e-02
6.188682355407021385e-02
6.239339746968482203e-02
6.284514360697190938e-02
6.332219487271791014e-02
6.380346365987367430e-02
6.427292338708189001e-02
6.476262721705719483e-02
6.521859087575417047e-02
6.570407718431980904e-02
6.617353691152801087e-02
6.662865706594284232e-02
6.708040320322988803e-02
6.760469070876588826e-02
6.808258547879374178e-02
6.855794973597577335e-02
6.901728741180040982e-02
6.951120876318558905e-02
6.998994703749551738e-02
7.048639890172668510e-02
7.093645803044967835e-02
7.140676126193992723e-02
7.186356842491867236e-02
7.233049763928112164e-02
7.281176642643694130e-02
7.329219170931065841e-02
7.377767801787626922e-02
7.429268697631051521e-02
7.477732978059413449e-02
7.525185053349423003e-02
7.570528367934520331e-02
7.616715186801570336e-02
7.669734390352538067e-02
7.720138730629408363e-02
7.767928207632203430e-02
7.820019556473011002e-02
7.864856768488927286e-02
7.908850476222879788e-02
7.956049500228294658e-02
8.010165259345806976e-02
8.059894796197117350e-02
8.109202580907445834e-02
8.157076408338424789e-02
8.208492953753661336e-02
8.258897294030527469e-02
8.309132933451011949e-02
8.357512863451183049e-02
8.408507656725436319e-02
8.458490244861320562e-02
8.507713679143455443e-02
8.558033668992125198e-02
8.608353658840811606e-02
8.656733588840977156e-02
8.708656236825393360e-02
8.757879671107506037e-02
8.807440507102429206e-02
8.855398684961611477e-02
8.901754204685057015e-02
8.951736792820956523e-02
9.004081192946356005e-02
9.051786319520943591e-02
9.098647941813570172e-02
9.147787025667503125e-02
9.201987135213213209e-02
9.252560176346485976e-02
9.300687055062063779e-02
9.353959309897602603e-02
9.402845342466949197e-02
9.452996631459235910e-02
9.501629612743982267e-02
9.552708756446429139e-02
9.603366148007902448e-02
9.651661727579863292e-02
9.700632110577406264e-02
9.747746784154617816e-02
9.796632816723954695e-02
9.846446704003457284e-02
9.898538052844266244e-02
9.945568375993295296e-02
9.995972716270168368e-02
1.004890756939293972e-01
1.010066151652095345e-01
1.015005365165946860e-01
1.020349460735141961e-01
1.025516420405124807e-01
1.030691815117927568e-01
1.035791294445352340e-01
1.040857033601499115e-01
1.045576936002040047e-01
1.050549889687170113e-01
1.055514408329481790e-01
1.060942854326873408e-01
1.066033898611479930e-01
1.070812846311758881e-01
1.076021981195839777e-01
1.080741883596381264e-01
1.085832927880986121e-01
1.091320419178114370e-01
1.096487378848097494e-01
1.101502507747326581e-01
1.106289890490424616e-01
1.111035098019425710e-01
1.115957441447638365e-01
1.120888219918670103e-01
1.125878043689440278e-01
1.130656991389720756e-01
1.136228833115044828e-01
1.141362052613748290e-01
1.146436226812713594e-01
1.150911512971486972e-01
1.155943511956353253e-01
1.160950205812764369e-01
1.166302736424778275e-01
1.171419085837843432e-01
1.176552305336545229e-01
1.182006056462395066e-01
1.187198321260834188e-01
1.192331540759538760e-01
1.197296059401849466e-01
1.202589544714127573e-01
1.208077036011253880e-01
1.213252430724055808e-01
1.218529045950691309e-01
1.223729745791953399e-01
1.228829225119378310e-01
1.233827483932969649e-01
1.239137839330884117e-01
1.244271058829586607e-01
1.249395843285470847e-01
1.254503757655715535e-01
1.259755067753893787e-01
1.265284734265123001e-01
1.270156467436416026e-01
1.275222206592561414e-01
1.280389166262543288e-01
1.285404295161771127e-01
1.290453164232278349e-01
1.295552643559705341e-01
1.300795518615063540e-01
1.305498550929964641e-01
1.310901691798895818e-01
1.315942125826582709e-01
1.320931949597353439e-01
1.326537531493957034e-01
1.331333349279874845e-01
1.336415958521659231e-01
1.341675703662657260e-01
1.347154759916965316e-01
1.352794081984847185e-01
1.358062262168665824e-01
1.363296702181203690e-01
1.368640797750396154e-01
1.373858367677296966e-01
1.379168723075212821e-01
1.384748999843355977e-01
1.390169010797928650e-01
1.395715547394793532e-01
1.401068078006806328e-01
1.406133817162954491e-01
1.411410432389590408e-01
1.416476171545737461e-01
1.421347904717032984e-01
1.426818525928521542e-01
1.431833654827750213e-01
1.437338016210519820e-01
1.442665241694071621e-01
1.447486364608450149e-01
1.452552103764595814e-01
1.457913069419430885e-01
1.462936633361479055e-01
1.467875846875330570e-01
1.472351133034104642e-01
1.478100110658639443e-01
1.483123674600688446e-01
1.487919492386605980e-01
1.492833400772000108e-01
1.497983490356342706e-01
1.503715597895242118e-01
1.508469240467061323e-01
1.513813336036255175e-01
1.518474193137059614e-01
1.523303751094255976e-01
1.528318879993486035e-01
1.533654540519859832e-01
1.538526273691157020e-01
1.543583577804482909e-01
1.548370960547580111e-01
1.553495745003464767e-01
1.558502438859873662e-01
1.563424782288086734e-01
1.568271210330922649e-01
1.573505650343463846e-01
1.578512344199872741e-01
1.583721479083952111e-01
1.589048704567507520e-01
1.593869827481885215e-01
1.599348883736193827e-01
1.604127831436472085e-01
1.609202005635440302e-01
1.614461750776438331e-01
1.619451574547207673e-01
1.624686014559747482e-01
1.630274726370711802e-01
1.635315160398399525e-01
1.641097878194213988e-01
1.646163617350361874e-01
1.651811374461063242e-01
1.656944593959767953e-01
1.661841632259521140e-01
1.666924241501307469e-01
1.672150246471025559e-01
1.677350946312285151e-01
1.682754087181218272e-01
1.687575210095596523e-01
1.692581903952005973e-01
1.697664513193790914e-01
1.703084524148362477e-01
1.707745381249166639e-01
1.713350963145768846e-01
1.718163651017325655e-01
1.723870453427765459e-01
1.729054283183389107e-01
1.733748880455471542e-01
1.738755574311881269e-01
1.743753833125468722e-01
1.749106363737482350e-01
1.754264888364644726e-01
1.759406542906168103e-01
1.764868729074837994e-01
1.770162214387113742e-01
1.775109862943786421e-01
1.780318997827866345e-01
1.785570307926043487e-01
1.791074669308810596e-01
1.796292239235711685e-01
1.801197712578285204e-01
1.805883874807548695e-01
1.810637517379367900e-01
1.815736996706792672e-01
1.820178542694285140e-01
1.825522638263478437e-01
1.830183495364282875e-01
1.835789077260888136e-01
1.840542719832707064e-01
1.846190476943408987e-01
1.851618922940798939e-01
1.856870233038976636e-01
1.862003452537678572e-01
1.867296937849955707e-01
1.872649468461969890e-01
1.878390011043685470e-01
1.884265514310516643e-01
1.889761440650464253e-01
1.895729729388312412e-01
1.901369051456192893e-01
1.907539781221710973e-01
1.913668335773131834e-01
1.919746280067635980e-01
1.925824224362136794e-01
1.931615377200771588e-01
1.937828282180386053e-01
1.944150842716658723e-01
1.950245657096802698e-01
1.956382646691041949e-01
1.962637726884757794e-01
1.968901242121292305e-01
1.975164757357824319e-01
1.981327052080524009e-01
1.987649612616797790e-01
1.993862517596413364e-01
2.000446564460093002e-01
2.006946260895577094e-01
2.013505002630797125e-01
2.020080614451657819e-01
2.026749011743536610e-01
2.033417409035413459e-01
2.040153286669846855e-01
2.046821683961723148e-01
2.053287640225926469e-01
2.060074128117279080e-01
2.066801570708893532e-01
2.073368747486936392e-01
2.079809398622680661e-01
2.086511536085836060e-01
2.092985927392858603e-01
2.099645889641916785e-01
2.106449247618907838e-01
2.113269475681540110e-01
2.119777607159843424e-01
2.126749665993227512e-01
2.133696419698151436e-01
2.140617868274616586e-01
2.147606797193639394e-01
2.154680076540859135e-01
2.161669005459883608e-01
2.168776024978379680e-01
2.175781823983041485e-01
2.182964758886916101e-01
2.189911512591841969e-01
2.196984791939060322e-01
2.204285817442409867e-01
2.211249441232973623e-01
2.218567336821961888e-01
2.225733401640196951e-01
2.232941641672530064e-01
2.239728129563881565e-01
2.246801408911099640e-01
2.254060259200350302e-01
2.261335979575241351e-01
2.268653875164231837e-01
2.276005510924495878e-01
2.283239056085290541e-01
2.290607561931196912e-01
2.298178508804771814e-01
2.305445794136846138e-01
2.312772124768655291e-01
2.320149065657381160e-01
2.327433221075087821e-01
2.334877642306373013e-01
2.342195537895362667e-01
2.349572478784088536e-01
2.356957854715633627e-01
2.364436016118192374e-01
2.372015398034592326e-01
2.379501994479972515e-01
2.387056071267909252e-01
2.394517362584832332e-01
2.401944913730479081e-01
2.409659256331987132e-01
2.417297683548124132e-01
2.424902370592980916e-01
2.432717933708325453e-01
2.440533496823678039e-01
2.448180359082630098e-01
2.455877831598500816e-01
2.463566869071550647e-01
2.471222166373330531e-01
2.478793113246904600e-01
2.486456845591499820e-01
2.494145883064549929e-01
2.501598739338655175e-01
2.509245601597612230e-01
2.516850288642467626e-01
2.524370625259128587e-01
2.531933137089886210e-01
2.539453473706546061e-01
2.547015985537302019e-01
2.554679717881899181e-01
2.562056658770621720e-01
2.569602300515743121e-01
2.577215422603422179e-01
2.584474272892670066e-01
2.591952434295233254e-01
2.599455900826254662e-01
2.606976237442915068e-01
2.614547184316492467e-01
2.622101261104432535e-01
2.629393851564957862e-01
2.636509306126277874e-01
2.643489800002482570e-01
2.649997931480787550e-01
2.656716939029580837e-01
2.663115414951226501e-01
2.669530760958517268e-01
2.675777406109412504e-01
2.682007181174668187e-01
2.688110430597629441e-01
2.694171504806493478e-01
2.700080748244600426e-01
2.706024137074701796e-01
