9.123322147597917597e-01
8.372203700203966203e-01
8.083773063161233674e-01
7.905878891853069801e-01
7.760717463313471232e-01
7.632503662426750601e-01
7.516153417284338056e-01
7.406918880385007231e-01
7.298184283922486415e-01
7.199779298218694779e-01
7.106249049257726824e-01
7.016421286161008686e-01
6.930095956587958295e-01
6.843808664545704135e-01
6.763265685984090059e-01
6.685407773889688876e-01
6.610795218588298994e-01
6.533962713551964008e-01
6.463208044553344633e-01
6.395252447769961268e-01
6.329409984337566186e-01
6.265557811443912550e-01
6.203717684966073564e-01
6.143707877699337017e-01
6.085494164124801708e-01
6.028920043635577208e-01
5.971398540216914519e-01
5.917469863179697365e-01
5.864802737889641682e-01
5.813232329933724074e-01
5.762740301704165624e-01
5.713374758334974768e-01
5.665034653796389152e-01
5.616986457899952878e-01
5.570375872055197686e-01
5.524614340413011027e-01
5.479702295381149169e-01
5.435623610620127222e-01
5.392319291279056293e-01
5.349616480515763106e-01
5.307670830952309071e-01
5.266363955228662297e-01
5.225672000433270181e-01
5.185623439653732625e-01
5.146199904074970632e-01
5.107425015499260645e-01
5.069339950413029872e-01
5.031875483391445858e-01
4.994946983965001253e-01
4.958553163951175402e-01
4.922808675644487209e-01
4.887597060663070869e-01
4.852944355010144761e-01
4.818826548786433461e-01
4.785290740543322596e-01
4.752031237521295304e-01
4.719269334854198639e-01
4.687099767331293632e-01
4.655419254074805724e-01
4.624165889231060533e-01
4.593320715320953762e-01
4.562904307092759959e-01
4.532929310031894587e-01
4.503401802549380495e-01
4.474280113730569330e-01
4.445572826711712278e-01
4.417298404091570263e-01
4.389407270181276410e-01
4.361833369893581280e-01
4.334659127246942023e-01
4.307767353765850626e-01
4.281250475475427142e-01
4.255087061769881052e-01
4.228342483274205033e-01
4.202793572959335755e-01
4.177544879428538582e-01
4.152482474959188763e-01
4.127808329965088063e-01
4.103421440792053843e-01
4.079264987449333635e-01
4.055444251304853864e-01
4.031948035799895469e-01
4.008733739531700202e-01
3.985748534506263208e-01
3.962889689557491657e-01
3.940393480107188817e-01
3.918036720594103017e-01
3.896034007666610011e-01
3.874288078478726471e-01
3.852761995719285459e-01
3.831497600600163866e-01
3.810468732963918082e-01
3.789678291224385376e-01
3.769124144223962025e-01
3.748779030902002485e-01
3.728658879798932846e-01
3.708752722512194122e-01
3.689056107335144663e-01
3.669531793942704123e-01
3.650241114003408560e-01
3.631140251168094024e-01
3.612229212324805649e-01
3.593510387479591506e-01
3.574973426871007609e-01
3.556628420389814083e-01
3.538444734993411167e-01
3.520411785984596809e-01
3.502566217521215219e-01
3.484908246980136792e-01
3.467435906892848418e-01
3.450159230550472467e-01
3.433050375793897935e-01
3.416136915308098376e-01
3.399411592724695397e-01
3.382857099775569698e-01
3.366478631907836583e-01
3.350251799068709180e-01
3.334186399295068215e-01
3.318292480716732995e-01
3.302553359041972003e-01
3.286913089801039023e-01
3.271419228630173537e-01
3.256078193233680196e-01
3.240902174999596430e-01
3.225879939401823937e-01
3.210994047392609629e-01
3.196264783265944098e-01
3.181620865407424614e-01
3.167096174181993629e-01
3.152713063172534191e-01
3.138457133757100448e-01
3.124349497706115919e-01
3.110376579894583715e-01
3.095997323824170033e-01
3.082203077398506519e-01
3.068516187912079807e-01
3.054949113324482712e-01
3.041519142916384588e-01
3.028226959448308553e-01
3.015045940883371300e-01
3.001980766048261695e-01
2.989025240191448551e-01
2.976163058844689679e-01
2.963392048449962624e-01
2.949812204517356373e-01
2.937237861002128803e-01
2.924737634214760740e-01
2.912339737064496559e-01
2.900026058812887331e-01
2.887807411765920262e-01
2.875695110758063611e-01
2.863691042127323172e-01
2.851779877844419775e-01
2.839946708497579908e-01
2.828185363836177579e-01
2.816503829546880278e-01
2.804907968993993195e-01
2.793393175401688855e-01
2.781975082938129562e-01
2.770636730244901424e-01
2.759391050630954356e-01
2.748229270072546915e-01
2.737147473521124863e-01
2.726158736485673195e-01
2.715252299335037534e-01
2.704429079123846225e-01
2.693696894579586387e-01
2.683050799108435136e-01
2.672486181415915096e-01
2.661997521255405341e-01
2.651458818598941281e-01
2.641130492977682431e-01
2.630890502756340066e-01
2.620739086536613138e-01
2.610695827844756733e-01
2.600728990870552204e-01
2.590826762374275893e-01
2.580982636925486240e-01
2.571218145515709042e-01
2.561547104879340897e-01
2.551964972884605554e-01
2.542482025427412751e-01
2.533044073218940762e-01
2.523707409006591962e-01
2.514444365529658332e-01
2.505257381432583474e-01
2.496130686950785438e-01
2.487010947785061599e-01
2.478030815069295900e-01
2.469120836381026307e-01
2.460287071175528417e-01
2.451518831294508538e-01
2.442815257402313200e-01
2.434130195739413194e-01
2.425089662850285210e-01
2.416597449459054192e-01
2.408207441170805152e-01
2.399886541232902071e-01
2.391608172516233866e-01
2.383420339759622919e-01
2.375292612832738404e-01
2.367238754280297230e-01
2.359255863474265524e-01
2.351351023072165980e-01
2.343516743687792947e-01
2.335754105779628831e-01
2.328059221510135890e-01
2.320443897096021446e-01
2.312900815507325791e-01
2.305416155066107864e-01
2.297995942017617699e-01
2.290639552898031950e-01
2.283349867273882783e-01
2.276113429533080379e-01
2.268942084568270623e-01
2.261834811641602883e-01
2.254792996803428873e-01
2.247823214408102843e-01
2.240914534947054393e-01
2.234054527736382412e-01
2.227240978378343117e-01
2.220490691475586753e-01
2.213798254422534306e-01
2.207161300447654240e-01
2.200575580428128508e-01
2.194049219830854491e-01
2.187578575450155327e-01
2.181163775576934749e-01
2.172804961074350505e-01
2.166480199774839521e-01
2.160184148201210186e-01
2.153952047756988453e-01
2.147775394600296150e-01
2.141661001770601980e-01
2.135594726253033648e-01
2.129583861144167811e-01
2.123625451954414267e-01
2.117719873762115568e-01
2.111856049752123821e-01
2.106038922276697867e-01
2.100275056522815098e-01
2.094563042966796906e-01
2.088914273820160761e-01
2.083324253258938552e-01
2.077781957207468500e-01
2.072276548745825842e-01
2.066489203964927690e-01
2.061076053188911628e-01
2.055715586824092833e-01
2.050414713849978976e-01
2.045037632341171474e-01
2.039332216840670786e-01
2.034157328317713342e-01
2.029019040010147379e-01
2.023935248921661378e-01
2.018901278233450336e-01
2.013910867411568550e-01
2.008973951974243333e-01
2.004087824605520485e-01
1.999249317347142341e-01
1.994458625817682462e-01
1.989565114227417608e-01
1.984856342376702665e-01
1.980188698565956418e-01
1.975559086868753089e-01
1.970971594915539582e-01
1.966426029158014621e-01
1.961916944509674576e-01
1.957444156049697459e-01
1.953017925799804266e-01
1.948626213546264807e-01
1.944278204872064431e-01
1.939968493964256691e-01
1.935699411720923913e-01
1.931464749791962920e-01
1.927274081942639272e-01
1.923121864160279582e-01
1.919001968186906382e-01
1.914744555805865389e-01
1.910660020156952632e-01
1.906632242089160434e-01
1.902642797681237674e-01
1.898696916499768850e-01
1.894789299468796206e-01
1.890913751268878673e-01
1.887077385959452513e-01
1.883276083087428998e-01
1.879514045329941652e-01
1.875789003807023514e-01
1.872102458066042530e-01
1.868442030347614580e-01
1.864811170555882858e-01
1.861215978588076914e-01
1.857656451446257073e-01
1.854132258233649466e-01
1.850644938700881370e-01
1.847186030100680942e-01
1.843762021669685114e-01
1.840314618692674153e-01
1.836945664107889342e-01
1.833606299036688592e-01
1.830304756489051499e-01
1.827029980936965559e-01
1.823780375755618410e-01
1.820559026685060755e-01
1.817363256070145816e-01
1.814196719727066143e-01
1.811050783036208811e-01
1.807932146683417229e-01
1.804847072752584491e-01
1.801785412746383375e-01
1.798752241552991904e-01
1.795743231279245955e-01
1.792764873460491182e-01
1.789813112854929666e-01
1.786890433728101080e-01
1.783993142088927952e-01
1.781124280581419805e-01
1.778286415517280894e-01
1.775474513450745750e-01
1.772687322173234492e-01
1.769919329917220008e-01
1.767176615572198239e-01
1.764451844046631968e-01
1.761749161788919993e-01
1.759071654830821341e-01
1.756426938366631718e-01
1.753808885980291665e-01
1.751217060171015028e-01
1.748656771274662292e-01
1.746124593445865791e-01
1.743619456042018456e-01
1.741144184255625227e-01
1.738685010270821785e-01
1.736263101213591786e-01
1.733871984711242153e-01
1.731509745216032181e-01
1.729179725484233932e-01
1.726883132033839585e-01
1.724613677437761006e-01
1.722365424026367220e-01
1.720137361036229717e-01
1.717931868080856406e-01
1.715752440669343071e-01
1.713601188654480800e-01
1.711475296550989955e-01
1.709377655943017382e-01
1.707215432040119218e-01
1.705161181555149286e-01
1.702965083326336837e-01
1.700948888046873997e-01
1.698857568072298374e-01
1.696884199515465985e-01
1.694934574327690846e-01
1.693005068748981712e-01
1.691092854934490575e-01
1.689203190509523944e-01
1.687336962995724388e-01
1.685495131242913391e-01
1.683630485090784890e-01
1.681821251332539235e-01
1.680034108918758706e-01
1.678269945429902432e-01
1.676531644878999361e-01
1.674814366112957476e-01
1.673125946562837030e-01
1.671458492585995437e-01
1.669811344387527041e-01
1.668180119346654722e-01
1.666568357224307295e-01
1.664979935603423944e-01
1.663397787460997868e-01
1.661837897975414757e-01
1.659980969722225086e-01
1.658462194080109753e-01
1.656963944863639460e-01
1.655491961108863652e-01
1.654043731264238093e-01
1.652616438106374042e-01
1.651211330678762634e-01
1.649831743562797659e-01
1.648477160832088062e-01
1.647146268732712360e-01
1.645834862279995925e-01
1.644555771878462025e-01
1.643300819854744410e-01
1.642060862567543689e-01
1.640847329647622255e-01
1.639657024185912915e-01
1.638285460252383030e-01
1.637134779791882822e-01
1.636007265662727250e-01
1.634902878576019736e-01
1.633823518474703529e-01
1.632766555765249039e-01
1.631731899817893960e-01
1.630708740099286458e-01
1.629723118243442126e-01
1.628764874876751090e-01
1.627810291494850015e-01
1.626888420179334882e-01
1.625992979533300853e-01
1.625120136497373025e-01
1.624268032399754091e-01
1.623440371478374611e-01
1.622629270504983845e-01
1.621841468362737182e-01
1.621065111101252787e-01
1.620317626845345638e-01
1.619588895287983887e-01
1.618791884533287428e-01
1.618088995252927875e-01
1.617407239809816599e-01
1.616743815082584967e-01
1.616099517914490469e-01
1.615234197324765530e-01
1.614497282319550253e-01
1.613832408633122384e-01
1.613240757205521847e-01
1.612664210504679008e-01
1.612105357249678239e-01
1.611562158266626188e-01
1.611033549659977582e-01
1.610520311685133543e-01
1.610014347410055613e-01
1.609527346779580093e-01
1.609052050575870696e-01
1.608591844236024471e-01
1.608101187089434059e-01
1.607662642785274709e-01
1.607238553345176901e-01
1.606825331565751025e-01
1.606420452348432670e-01
1.606030737944720010e-01
1.605651249559060800e-01
1.605281521712220438e-01
1.604880756068682579e-01
1.604516595436558390e-01
1.604168388736099127e-01
1.603829918631230755e-01
1.603495633756190919e-01
1.603169777165512622e-01
1.602825397883518022e-01
1.602506168146590193e-01
1.602192970552705209e-01
1.601883643906063248e-01
1.601579507906886468e-01
1.601282208699082166e-01
1.600986095455423364e-01
1.600695834202386092e-01
1.600408125147704530e-01
1.600123128562635499e-01
1.599843938883533934e-01
1.599569406777622549e-01
1.599298200542527415e-01
1.599030592564895659e-01
1.598756515810652035e-01
1.598488638978590448e-01
1.598216119182395700e-01
1.597959883423318017e-01
1.597708238054719454e-01
1.597459124660287055e-01
1.597213722274712644e-01
1.596971762440171638e-01
1.596719656938229148e-01
1.596485265162652933e-01
1.596254232257898475e-01
1.596024067342065034e-01
1.595797909967651418e-01
1.595578276348584013e-01
1.595363454343714793e-01
1.595144432426284509e-01
1.594935050190146308e-01
1.594729046862165267e-01
1.594500369793472871e-01
1.594302036424280200e-01
1.594105934195466923e-01
1.593917656545583705e-01
1.593737879584007922e-01
1.593561110147616311e-01
1.593390852885948339e-01
1.593228592824310341e-01
1.593043330952556846e-01
1.592882036242016797e-01
1.592734675331766159e-01
1.592600689483182619e-01
1.592477884792440901e-01
1.592119582681745804e-01
1.592004720063936452e-01
1.591777603648186212e-01
1.591873318119766678e-01
1.592258123658788493e-01
1.593013841947344134e-01
1.594506366192117441e-01
1.596845316317762886e-01
1.600871069303511363e-01
1.607121955250287448e-01
1.615616147246151657e-01
1.624490987033848921e-01
1.640222070672304744e-01
1.659565269646849361e-01
