1.024043217164728015e+00
1.024633490374026401e+00
1.025816594886306277e+00
1.027597627390844925e+00
1.029984183023295419e+00
1.032986292336808054e+00
1.036616332240995808e+00
1.040888907050688594e+00
1.045820695355992758e+00
1.051430258313361676e+00
1.057737805192224601e+00
1.064764912604015956e+00
1.072534194782194028e+00
1.081068923546519178e+00
1.090392598127080337e+00
1.100528466780943626e+00
1.111499004029703919e+00
1.123325349290932751e+00
1.136026714574935426e+00
1.149619770672912988e+00
1.164118022780236794e+00
1.179531187695962879e+00
1.195864585549680115e+00
1.213118559383216555e+00
1.231287935835475578e+00
1.250361539648110698e+00
1.270321773756958539e+00
1.291144275411331588e+00
1.312797657139675556e+00
1.335243339536807516e+00
1.358435480869927714e+00
1.382321006470301983e+00
1.406839738867919687e+00
1.431924627696817609e+00
1.457502076590978080e+00
1.483492362628923145e+00
1.509810142376460940e+00
1.536365037215228657e+00
1.563062289414287820e+00
1.589803479284515264e+00
1.616487292735154124e+00
1.643010327621334810e+00
1.669267926437032257e+00
1.695155022192271099e+00
1.720566983756802726e+00
1.745400446610896550e+00
1.769554114885206975e+00
1.792929520868574045e+00
1.815431728884268292e+00
1.836969971637104626e+00
1.857458208847991843e+00
1.876815600218133762e+00
1.894966887462293137e+00
1.911842683236227192e+00
1.927379668132441992e+00
1.941520700368498664e+00
1.954214846152997120e+00
1.965417341781682703e+00
1.975089501086273902e+00
1.983198583746756505e+00
1.989717641033488249e+00
1.994625355667474897e+00
1.997905891634203179e+00
1.999548767983206243e+00
