1.429905072246752809e-05
4.542361280620168347e-04
8.815206411721155126e-04
1.303744128590434001e-03
1.740307188802129494e-03
2.172652727604011073e-03
2.636207924838534968e-03
3.076145002178085151e-03
3.532952165156901837e-03
3.988915823853750840e-03
4.438974952576858583e-03
4.912652201194938305e-03
5.358493808508228880e-03
5.820361997178820877e-03
6.288978220105120517e-03
6.753376921621602989e-03
7.206810067472563253e-03
7.658556204759603761e-03
8.121267897712166478e-03
8.593258137766323843e-03
9.061030856410665774e-03
9.514464002261633843e-03
9.966210139548669147e-03
1.044747892670442810e-02
1.089753805542753931e-02
1.135350171412439525e-02
1.181874391992284237e-02
1.228145561287541029e-02
1.273067123731655946e-02
1.318494788744948784e-02
1.363332000760867323e-02
1.410193623053498067e-02
1.458151800912680512e-02
1.503579465925973351e-02
1.548669729226480503e-02
1.594013043811577657e-02
1.641802520814367519e-02
1.688917194391587398e-02
1.738140628673715687e-02
1.785339652679131597e-02
1.832538676684547854e-02
1.880075102402748236e-02
1.927780228977342067e-02
1.976497560690291047e-02
2.023443533411118170e-02
2.070052104419158739e-02
2.118516384847519973e-02
2.166390212278505520e-02
2.214095338853099698e-02
2.261800465427692836e-02
2.308830788576715989e-02
2.357801171574253757e-02
2.405168896436062076e-02
2.452789672582460223e-02
2.498470388880341675e-02
2.544657207747401395e-02
2.591856231752816958e-02
2.641670119032319547e-02
2.687266484902004621e-02
2.736489919184132910e-02
2.786388156891831877e-02
2.834177633894624862e-02
2.882388863038390370e-02
2.929925288756595608e-02
2.979739176036095075e-02
3.026347747044138420e-02
3.075486830898067209e-02
3.119480538632023528e-02
3.167185665206619788e-02
3.216662150773332007e-02
3.265885585055464807e-02
3.314602916768409624e-02
3.360367983494491617e-02
3.407482657071714965e-02
3.454006877651553953e-02
3.502724209364508484e-02
3.552538096644010379e-02
3.600327573646797813e-02
3.649213606216143713e-02
3.697846587500897009e-02
3.745129961934507562e-02
3.793509891934675887e-02
3.839190608232556645e-02
3.887907939945504932e-02
3.936709622086653759e-02
3.986945261507136851e-02
4.035072140222711878e-02
4.086319984781554282e-02
4.134615564353525535e-02
4.186200810625147206e-02
4.236773851758419973e-02
4.284141576620229680e-02
4.330497096343680075e-02
4.382166693043504369e-02
4.428437862338761855e-02
4.475383835059585508e-02
4.528318688182351309e-02
4.576529917326127572e-02
4.621451479770243009e-02
4.668734854203851481e-02
4.718801792767946673e-02
4.768868731332037703e-02
4.813031139922384349e-02
4.861579770778937798e-02
4.911815410199424359e-02
4.960110989771394224e-02
5.003345543651580019e-02
5.050460217228797816e-02
5.099430600226341481e-02
5.147726179798309959e-02
5.193659947380776382e-02
5.242039877380939156e-02
5.293540773224372081e-02
5.340064993804217314e-02
5.385830060530292368e-02
5.435728298237989947e-02
5.480649860682110242e-02
5.526667978692778593e-02
5.570239934285748512e-02
5.619463368567874373e-02
5.672566922547032237e-02
5.717488484991155306e-02
5.765277961993942046e-02
5.811464780861001073e-02
5.855627189451350495e-02
5.902151410031204054e-02
5.947241673331697676e-02
5.996633808470224619e-02
6.042651926480892277e-02
6.091369258193851666e-02
6.142701453180884202e-02
6.187201263484011504e-02
6.232375877212722320e-02
6.278478345651590520e-02
6.326014771369786738e-02
6.370261530388329763e-02
6.421762426231757137e-02
6.466599638247683135e-02
6.520293645224212176e-02
6.570023182075515611e-02
6.617643958221912370e-02
6.666614341219458117e-02
6.716428228498962094e-02
6.764808158499119317e-02
6.810910626937981271e-02
6.858447052656192755e-02
6.906995683512751061e-02
6.956050416938480696e-02
7.007213911069115619e-02
7.061582721471236501e-02
7.109287848045832414e-02
7.158426931899755652e-02
7.205879007189759655e-02
7.254849390187298463e-02
7.305759833033363682e-02
7.357345079304977720e-02
7.402350992177289535e-02
7.453430135879740570e-02
7.503075322302858730e-02
7.551623953159401770e-02
7.599666481446784583e-02
7.652601334569548996e-02
7.701909119279877480e-02
7.750289049280037479e-02
7.792933150162850708e-02
7.843590541724312915e-02
7.895428839280532740e-02
7.940940854722028375e-02
7.991092143714316476e-02
8.040146877140039172e-02
8.087430251573660134e-02
8.140449455124630640e-02
8.185455367996935516e-02
8.234003998853489659e-02
8.278166407443840469e-02
8.329836004143673089e-02
8.377372429861862368e-02
8.427692419710546001e-02
8.475987999282513785e-02
8.524114877998101303e-02
8.574687919131362968e-02
8.618428575580730500e-02
8.665205847445159315e-02
8.717465897142365194e-02
8.765845827142536295e-02
8.811273492155818898e-02
8.858641217017629299e-02
8.902466223895190434e-02
8.949749598328816946e-02
8.995345964198507571e-02
9.049630424172405707e-02
9.095142439613893015e-02
9.145546779890775801e-02
9.188443932058186492e-02
9.235052503066223939e-02
9.279214911656569198e-02
9.328775747651479877e-02
9.379180087928368215e-02
9.427644368356731530e-02
9.474084238508372058e-02
9.517065741103977738e-02
9.562662106973658649e-02
9.609692430122687701e-02
9.655204445564175009e-02
9.701306914003042514e-02
9.748168536295673259e-02
9.795367560301092291e-02
9.846024951862560048e-02
9.887150745037831534e-02
9.934434119471446945e-02
9.979186981059169625e-02
1.002537379992623767e-01
1.006962055894478347e-01
1.011715698466297830e-01
1.016562126509133884e-01
1.020792796426136934e-01
1.025723574897170337e-01
1.030494087554629096e-01
1.035593566882054145e-01
1.040001372698269588e-01
1.044729710141631407e-01
1.049474917670631530e-01
1.054085164514517864e-01
1.058619495973028013e-01
1.063255047945373816e-01
1.068168956330767805e-01
1.073108169844619042e-01
1.077397885061359833e-01
1.082716675502094911e-01
1.087445012945456729e-01
1.092156480303179411e-01
1.097407790401356970e-01
1.101950556902686756e-01
1.106619849046310694e-01
1.111314446318393823e-01
1.116371750431720267e-01
1.121218178474556321e-01
1.125339192834904772e-01
1.130244666177477320e-01
1.135074224134676041e-01
1.139642295764462382e-01
1.143923575938381593e-01
1.148449472354072382e-01
1.153245290139990609e-01
1.157535005356730567e-01
1.162128382114978042e-01
1.166544622974012152e-01
1.171374180931207959e-01
1.175638591019489698e-01
1.179843955808034250e-01
1.184369852223722958e-01
1.189148799924003158e-01
1.193404774969463733e-01
1.197989716684890737e-01
1.202532483186219830e-01
1.206763153103221908e-01
1.210867297377930113e-01
1.215291973279785109e-01
1.220349277393110998e-01
1.224613687481393570e-01
1.229088973640164867e-01
1.233403993985363739e-01
1.237617793816727929e-01
1.242076209889861338e-01
1.246652716562467733e-01
1.251203918106616464e-01
1.255670769222568262e-01
1.259623082726523957e-01
1.263853752643526451e-01
1.268253123416923367e-01
1.272888675389267366e-01
1.277296481205482392e-01
1.281442800694289619e-01
1.286145833009193495e-01
1.290351197797736105e-01
1.295189190797753354e-01
1.299858482941375903e-01
1.304460294742441906e-01
1.309466988598853854e-01
1.314127845699656905e-01
1.318299470316921795e-01
1.322833801775430973e-01
1.327309087934202825e-01
1.331775939050155733e-01
1.336276530337386359e-01
1.340878342138454027e-01
1.344771610342669621e-01
1.349989180269569322e-01
1.353941493773523908e-01
1.358248079075903836e-01
1.361685854967860376e-01
1.366034615484337245e-01
1.370332765743897951e-01
1.374360994633228861e-01
1.378810975663543048e-01
1.382830769510053348e-01
1.387651892424431876e-01
1.392236834139857216e-01
1.396130102344073087e-01
1.400402947475175575e-01
1.405409641331584469e-01
1.409682486462684736e-01
1.414663875190634579e-01
1.419021070749931779e-01
1.424069939820436781e-01
1.429059763591207233e-01
1.434488209588598295e-01
1.439368377802712207e-01
1.444518467387055083e-01
1.450233704840311888e-01
1.455459709810031643e-01
1.460938766064339700e-01
1.466308166761993992e-01
1.471896878572959144e-01
1.477038533114481411e-01
1.482542894497246855e-01
1.488047255880013686e-01
1.493534747177144295e-01
1.498904147874796644e-01
1.504222938315532831e-01
1.509845390297774037e-01
1.515223226038248383e-01
1.520533581436163406e-01
1.525827066748440819e-01
1.531238642660193161e-01
1.536844224556795646e-01
1.542652247481067496e-01
1.548240959292032648e-01
1.553829671102996135e-01
1.559646129070089704e-01
1.565091445153120042e-01
1.570578936450247320e-01
1.576555660230913314e-01
1.582152807084697410e-01
1.587657168467466184e-01
1.593304925578167552e-01
1.598868332260673653e-01
1.604566699628290904e-01
1.610357852466924589e-01
1.615904389063790303e-01
1.621737717116524258e-01
1.627545740040797773e-01
1.633193497151499418e-01
1.639128045718067916e-01
1.644716757529030571e-01
1.650651306095599902e-01
1.656493069191152523e-01
1.662343267329525476e-01
1.668353731281472796e-01
1.674009923434992830e-01
1.679944472001560773e-01
1.685929630825047376e-01
1.692075055462108346e-01
1.697967428814577961e-01
1.703859802167048965e-01
1.709920876375911336e-01
1.716100041184247804e-01
1.722245465821307109e-01
1.728163144302237719e-01
1.734325439024934912e-01
1.740302162805602570e-01
1.746363237014465219e-01
1.752314655666671606e-01
1.758468515346551519e-01
1.764732030583085753e-01
1.770784669749129736e-01
1.776896354214911045e-01
1.782771857481742772e-01
1.789220943660307095e-01
1.795695334967333245e-01
1.802051635674883634e-01
1.808374196211156859e-01
1.814376225120281350e-01
1.820842181384486891e-01
1.827164741920758451e-01
1.833445127242930017e-01
1.840071349320709648e-01
1.846402344899801262e-01
1.852691165264795103e-01
1.859106511272083095e-01
1.865656817964485292e-01
1.872105904143050448e-01
1.878352549293944851e-01
1.884759460258413066e-01
1.891267591736717490e-01
1.897708242872465645e-01
1.904132023922572303e-01
1.910716070786251664e-01
1.917080806536619886e-01
1.923740768785676403e-01
1.930375425906275533e-01
1.937035388155334270e-01
1.943560389719276582e-01
1.950144436582957330e-01
1.956720048403817469e-01
1.963363140567233323e-01
1.970056842987569501e-01
1.976809590707643560e-01
1.983731039284109265e-01
1.990433176747263555e-01
1.997253404809891664e-01
2.004048327744063773e-01
2.010851685721055382e-01
2.017747829169063423e-01
2.024635537574251964e-01
2.031590726321997609e-01
2.038495304812822650e-01
2.045113091847782782e-01
2.052380377179852944e-01
2.059445221484254296e-01
2.066451020488914714e-01
2.073380904108199085e-01
2.080622884311811027e-01
2.087974520072079510e-01
2.095182760104413455e-01
2.102407870222386121e-01
2.109658285468817562e-01
2.116967746014985219e-01
2.124471212546007182e-01
2.131097434623785425e-01
2.138390025084312696e-01
2.145893491615332993e-01
2.153245127375601198e-01
2.160714853735344332e-01
2.168260495480464345e-01
2.175789267139943417e-01
2.183452999484537804e-01
2.191209517300146126e-01
2.198873249644741068e-01
2.206621332417527115e-01
2.214285064762120392e-01
2.221889751806975788e-01
2.229713749965142322e-01
2.237411222481016093e-01
2.245412356538393495e-01
2.253025478626069777e-01
2.260748256270399548e-01
2.268454163829093095e-01
2.276033545745490827e-01
2.283908154160576576e-01
2.291622496762086292e-01
2.299513975262808818e-01
2.307287363164058636e-01
2.314866745080455535e-01
2.322496737253771371e-01
2.330219514898097810e-01
2.337807331857320314e-01
2.345648200101124181e-01
2.353151666632144479e-01
2.360764788719820206e-01
2.368479131321335196e-01
2.376227214094126516e-01
2.383663200282585826e-01
2.391124491599508906e-01
2.399024405143053984e-01
2.405878373376965917e-01
2.413187833923133851e-01
2.420733475668255530e-01
2.428515298612318463e-01
2.436060940357439863e-01
2.443378835946427019e-01
2.450224369137515568e-01
2.457306083527556195e-01
2.464826420144218544e-01
2.472186490947305970e-01
2.479487516450658846e-01
2.486906632553482210e-01
2.494224528142467701e-01
2.501685819459394944e-01
2.509138675733496582e-01
2.516254130294812708e-01
2.523394889984589273e-01
2.530282598389780313e-01
2.537802935006440164e-01
2.545061785295691381e-01
2.552160369771370174e-01
2.559166168776029204e-01
2.565885176324826378e-01
2.572857235158214073e-01
2.579778683734677558e-01
2.586565171626030724e-01
2.593123913361248811e-01
2.599513954240081914e-01
2.606047390846846779e-01
2.612580827453606647e-01
2.618768427304764557e-01
2.625158468183589333e-01
2.631185802221175929e-01
2.637373402072335504e-01
2.643527261752212643e-01
2.649276239376751052e-01
2.655252963157417878e-01
2.661111596338607832e-01
2.667147365419016980e-01
2.672685466973061530e-01
2.678620015539628918e-01
2.684385863249806881e-01
2.689932399846673428e-01
2.696001909098351135e-01
2.701860542279546085e-01
2.707221913155091753e-01
