2.544291680955815815e-01
2.292361067492812710e-01
2.192914255041437666e-01
2.107410581201290822e-01
2.046737994104202707e-01
1.991600777355068685e-01
1.940875291102775735e-01
1.893172968220940555e-01
1.847092300558568767e-01
1.803978849449043020e-01
1.762921259569971699e-01
1.723934112510809857e-01
1.685374896102403430e-01
1.648306883353065078e-01
1.613767668105909880e-01
1.580654597541159556e-01
1.548934348799521077e-01
1.518526551133813907e-01
1.489248062802477068e-01
1.461241718860882000e-01
1.434286694064858536e-01
1.408231328412078154e-01
1.383034651861752562e-01
1.358501386321186999e-01
1.334857231910329123e-01
1.311989851511579652e-01
1.289764954890278703e-01
1.268007974928754000e-01
1.246964498356650797e-01
1.226428786334974458e-01
1.206398142776529403e-01
1.186937404437256038e-01
1.167907277516363057e-01
1.149316399492142926e-01
1.131128921686452016e-01
1.113445812480026720e-01
1.096198947318949013e-01
1.079340209987017241e-01
1.062829373153190010e-01
1.046680703719606309e-01
1.030914387196271154e-01
1.015464420329759282e-01
1.000281838093901449e-01
9.853949279223778168e-02
9.707541872589209309e-02
9.565160694612027947e-02
9.425623729418651509e-02
9.288499926259863315e-02
9.155358922677839240e-02
9.025158028461788273e-02
8.898139670661689427e-02
8.772757148396748139e-02
8.650639153128339420e-02
8.530995602902299857e-02
8.413603470684564989e-02
8.298600666894345723e-02
8.186027896995307085e-02
8.075592248854257527e-02
7.967523983091029383e-02
7.860296409651765237e-02
7.755387226763275910e-02
7.653287134377578793e-02
7.553008163021121546e-02
7.454029007050076705e-02
7.358009647904832640e-02
7.263865933253044194e-02
7.171251507618285614e-02
7.080533145719700161e-02
6.991608405390985215e-02
6.903817005382900662e-02
6.817166578377124864e-02
6.732994632346862851e-02
6.650502894984927638e-02
6.569493603747876553e-02
6.489843312422476085e-02
6.411953418121484061e-02
6.335539691021485620e-02
6.260580427510449575e-02
6.186965969948415162e-02
6.114537486191287674e-02
6.043521959450866288e-02
5.973790155393367968e-02
5.905406863076838320e-02
5.838196959011059117e-02
5.772109440601004560e-02
5.707308313066368488e-02
5.643800649547674186e-02
5.580274539447951238e-02
5.518853101612685580e-02
5.458062518411301717e-02
5.398557375037701944e-02
5.339946921303206917e-02
5.282491185539308493e-02
5.225524818221811280e-02
5.170041474838000389e-02
5.115486103194104989e-02
5.061904577731988347e-02
5.009267825330745300e-02
4.957604770951652695e-02
4.906934329289942137e-02
4.857176454599809734e-02
4.808321039134205721e-02
4.760345260604749440e-02
4.713105699914339752e-02
4.666579295028770724e-02
4.620776052789814931e-02
4.575802255237589738e-02
4.531657387881602578e-02
4.488395237869591964e-02
4.445908838636864618e-02
4.404119448657671521e-02
4.362954652899359020e-02
4.322246014433907269e-02
4.282558225850879863e-02
4.243603693715636282e-02
4.205221406732595479e-02
4.167517757065727219e-02
4.130527330569113559e-02
4.094212989466704949e-02
4.058242501645355216e-02
4.017814848663912169e-02
3.983042264657507547e-02
3.948823591762003204e-02
3.914765301503673328e-02
3.881684395111754948e-02
3.849215909256445411e-02
3.817341950169450548e-02
3.785927606980443727e-02
3.755095811225944713e-02
3.724787899858773149e-02
3.694933113057665558e-02
3.665570741211927885e-02
3.636277317959639432e-02
3.607981095252853210e-02
3.580100041939599659e-02
3.552778728202066194e-02
3.525931779560678020e-02
3.499590894152883325e-02
3.473501719766262930e-02
3.447870889137812783e-02
3.422752351517081154e-02
3.398027933660016653e-02
3.373618633435343517e-02
3.349690760421984714e-02
3.326213519005139646e-02
3.302741641198792683e-02
3.280072279731546803e-02
3.257829768202567117e-02
3.235867244143355442e-02
3.214060265453139165e-02
3.192767754905351252e-02
3.171867033013863607e-02
3.151288742087771100e-02
3.131029008957857823e-02
3.111068138765303234e-02
3.091161544580975709e-02
3.071872385369560712e-02
3.052859249903065036e-02
3.031271862304717526e-02
3.012278853589260216e-02
2.994138989643304119e-02
2.976242188051228532e-02
2.958632813049240362e-02
2.941334125908480826e-02
2.924359988952802275e-02
2.907609923776907287e-02
2.891156040803427585e-02
2.874982343857065969e-02
2.858870304053146710e-02
2.843200024274023310e-02
2.827821102776650192e-02
2.812666565408091304e-02
2.797859515364079300e-02
2.783290492005542627e-02
2.769004181033249412e-02
2.754935073655826600e-02
2.741048565497454514e-02
2.727492786050439433e-02
2.714186211915401575e-02
2.701098712682710110e-02
2.688213821724399696e-02
2.675619369938466927e-02
2.663288719894815054e-02
2.651060337949819740e-02
2.639111758298949562e-02
2.627399913526492006e-02
2.615854684738266184e-02
2.604537399555687319e-02
2.593424072191440402e-02
2.582472725829918284e-02
2.571593335679856276e-02
2.561022855123697151e-02
2.550631628691717168e-02
2.540420831856248646e-02
2.530429429829521640e-02
2.520596521055543798e-02
2.510907520382031285e-02
2.501368763496603781e-02
2.491743180601715610e-02
2.482516920170870639e-02
2.473488073654075969e-02
2.464632189580862401e-02
2.455916630400347203e-02
2.447364126930045430e-02
2.438789958681630149e-02
2.430528934380279948e-02
2.422426045434477454e-02
2.414378467653877092e-02
2.406557358864614554e-02
2.398874916103738500e-02
2.391337507637805379e-02
2.383948531866542792e-02
2.376699904894111898e-02
2.369584055204356637e-02
2.362554396034623194e-02
2.355691791230297982e-02
2.348963675733652459e-02
2.342360718372893391e-02
2.335866901885435762e-02
2.329530936173217909e-02
2.323266915960921913e-02
2.317077961080912449e-02
2.311047636967541313e-02
2.305124749750789639e-02
2.299316261201131417e-02
2.293639924568885435e-02
2.288052690181486756e-02
2.282612519912463264e-02
2.277023138008368169e-02
2.271758218153412806e-02
2.266622247156609149e-02
2.261553945497042986e-02
2.256601376232056019e-02
2.251772924525862613e-02
2.247033293473014309e-02
2.242340955538698125e-02
2.237770346621256387e-02
2.233313946066184733e-02
2.228920652471549219e-02
2.224357007917489304e-02
2.219972671445345075e-02
2.215831867103938702e-02
2.200259587540348907e-02
2.196246750354499330e-02
2.192312170669288157e-02
2.188462598672722900e-02
2.184679514197525318e-02
2.180965529766077174e-02
2.177174091184912522e-02
2.173607018970372118e-02
2.169924158876751497e-02
2.166453125755588363e-02
2.163080551563086734e-02
2.159754969351949938e-02
2.156347143660858334e-02
2.153129464628602066e-02
2.149984187477977163e-02
2.146854771642901782e-02
2.143792043217973564e-02
2.140834768866518856e-02
2.137947551047551450e-02
2.135122791217726815e-02
2.132362698190904890e-02
2.129658044393764257e-02
2.126980761548664250e-02
2.124382336399862486e-02
2.121825325182196895e-02
2.119318387753702654e-02
2.116865695827825980e-02
2.114459141221273000e-02
2.112094780694031421e-02
2.109793895851004228e-02
2.107551238993091505e-02
2.105358536785118320e-02
2.103226584824121823e-02
2.101148075524640960e-02
2.099093671609019926e-02
2.097106622491635985e-02
2.095156079126903742e-02
2.093257058391638850e-02
2.091397161347319580e-02
2.089573037485706677e-02
2.087789379911223972e-02
2.086050868790993718e-02
2.084342935883665149e-02
2.082674240084155318e-02
2.081047935881347177e-02
2.079449699346514954e-02
2.077892938568427772e-02
2.076378582520870333e-02
2.074902229648539764e-02
2.073450127032442150e-02
2.072030997775870659e-02
2.070651322227181484e-02
2.069299650407333685e-02
2.067991268573822483e-02
2.066686722320466157e-02
2.065426586366794076e-02
2.064201991610760054e-02
2.063003722675509424e-02
2.061832262697709667e-02
2.060687397658021031e-02
2.059555472051070174e-02
2.058460447082374051e-02
2.057378332197801543e-02
2.056332991028096344e-02
2.055305429637174428e-02
2.054307489904961398e-02
2.053352059116001285e-02
2.052181007279822375e-02
2.051261901513398711e-02
2.050354168380773279e-02
2.049471696747511354e-02
2.048633814889341126e-02
2.047827645513349698e-02
2.047051260891693050e-02
2.046295989486111855e-02
2.045562927347320537e-02
2.044865439137410340e-02
2.044189017847548515e-02
2.043518385426031439e-02
2.042873021060670827e-02
2.042256048786435241e-02
2.041659433054553163e-02
2.041087637354284737e-02
2.040538137284545264e-02
2.039973947919118333e-02
2.039436028714474922e-02
2.038924426441061227e-02
2.038426921410912626e-02
2.037954565583670330e-02
2.037504667144754075e-02
2.036981796766838132e-02
2.036545362156009370e-02
2.036130261393626767e-02
2.035722977281612112e-02
2.035334868268173433e-02
2.034958867911427702e-02
2.034590250978271161e-02
2.034234119520415829e-02
2.033895841191337567e-02
2.033569317262071824e-02
2.033253246554949864e-02
2.032941983808264283e-02
2.032650512683925256e-02
2.032359741622381810e-02
2.032086390176533405e-02
2.031821397596604920e-02
2.031552785440719766e-02
2.031299891311371189e-02
2.031049110623144027e-02
2.030814199413499485e-02
2.030577754648680774e-02
2.030346248560680258e-02
2.030128028030466283e-02
2.029921023169025188e-02
2.029715570698308394e-02
2.029517674130036642e-02
2.029323011841180358e-02
2.029141560473360015e-02
2.028968970002641148e-02
2.028800967546004128e-02
2.028638341135023671e-02
2.028484534624482721e-02
2.028337458328859783e-02
2.028198151102762747e-02
2.028029463354298276e-02
2.027860466517723836e-02
2.027719560315143985e-02
2.027595996095563763e-02
2.027472896886360967e-02
2.027362960203648104e-02
2.027247328663622089e-02
2.027140797101197392e-02
2.027037546972461010e-02
2.026941860508416418e-02
2.026790301262173036e-02
2.026700096526953820e-02
2.026606307210691502e-02
2.026509620169282544e-02
2.026426158846295414e-02
2.026342377741471162e-02
2.026267657466822650e-02
2.026178627230101892e-02
2.026111251722592307e-02
2.026044234018855097e-02
2.025969402991659868e-02
2.025890753444192782e-02
2.025824501256937721e-02
2.025769603256937640e-02
2.025715044712384991e-02
2.025662139974996820e-02
2.025607158437777236e-02
2.025563813824170223e-02
2.025522062592914965e-02
2.025482626968815383e-02
2.025438920451954478e-02
2.025401887810770324e-02
2.025368916811676884e-02
2.025337164517383021e-02
2.025308290074725667e-02
2.025281755338528486e-02
2.025253903854538559e-02
2.025230507753937939e-02
2.025206831758190329e-02
2.025186249323946905e-02
2.025162693143707157e-02
2.025129420178046688e-02
2.025104098375142894e-02
2.025085830932480888e-02
2.025068996056166026e-02
2.025051347971771123e-02
2.025035516118637788e-02
2.025023105738073606e-02
2.025010188527565091e-02
2.024996461840886108e-02
2.024986538996787627e-02
2.024974150530927525e-02
2.024965150298972671e-02
2.024885500397800853e-02
2.024874153218098743e-02
2.024865359223273001e-02
2.024856936303217475e-02
2.024848491036182821e-02
2.024842265776928552e-02
2.024837445612150469e-02
2.024833099687167390e-02
2.024827838434124783e-02
2.024823634159550814e-02
2.024819818190700879e-02
2.024815181425087401e-02
2.024811582686724190e-02
2.024809067056149853e-02
2.024806988028182014e-02
2.024805929407979058e-02
2.024803005950737145e-02
2.024801502762638497e-02
2.024797041862113484e-02
2.024794995096952654e-02
2.024791251843244960e-02
2.024789454345936671e-02
2.024787492538578093e-02
2.024786485666011521e-02
2.024784656355918186e-02
2.024783002111100669e-02
2.024782446689425003e-02
2.024781641364918616e-02
2.024779460077334031e-02
2.024778087399753054e-02
2.024777365738008109e-02
2.024776325890798034e-02
2.024774465930424469e-02
2.024774000321226397e-02
2.024772491900260832e-02
2.024770627429040015e-02
2.024768038106697018e-02
2.024766901123501578e-02
2.024764492305956842e-02
2.024761328086902359e-02
2.024759797382854817e-02
2.024756095251519297e-02
2.024752536670055073e-02
2.024746264676914251e-02
2.024742091539704497e-02
2.024737772142532963e-02
2.024733332389736309e-02
2.024730289929791219e-02
2.024726802234002795e-02
2.024724899429671682e-02
2.024719376943167823e-02
2.024686953858104849e-02
2.024684950042325224e-02
2.024675002003821847e-02
2.024663064186109362e-02
2.024657393584658807e-02
2.024658673406981232e-02
2.024648504425580545e-02
2.024639428979358932e-02
2.024660370239078980e-02
2.024946765064020507e-02
2.025661828126451569e-02
2.026114724390630159e-02
2.027917442120584501e-02
2.031346692548371968e-02
2.036136505517234865e-02
2.046194399212211343e-02
2.057518935933359827e-02
2.069265183287663512e-02
2.087740302784103427e-02
2.099511682973017462e-02
2.137520928230769029e-02
2.187902461750029434e-02
2.245836178682085807e-02
2.318463696682437902e-02
2.421598759734820000e-02
2.527897487718481356e-02
2.680807843986029657e-02
2.905046158302698744e-02
3.176570986825289628e-02
3.445817015638134861e-02
3.814386934779526173e-02
