1.536064825525736310e+00
1.536950235333714998e+00
1.538724892090270746e+00
1.541396440829463810e+00
1.544976274254993065e+00
1.549479438196872616e+00
1.554924498019883750e+00
1.561333360196701214e+00
1.568731042612983906e+00
1.577145387003976440e+00
1.586606707274448969e+00
1.597147368342235696e+00
1.608801291558261459e+00
1.621603384652945845e+00
1.635588896472238041e+00
1.650792699402583219e+00
1.667248505227232780e+00
1.684988023073409114e+00
1.704040070957429043e+00
1.724429655066929579e+00
1.746177033195773109e+00
1.769296780543299752e+00
1.793796877304590476e+00
1.819677838043013418e+00
1.846931902717469542e+00
1.875542308440892203e+00
1.905482659617392160e+00
1.936716412121190611e+00
1.969196484745102671e+00
2.002865008381388812e+00
2.037653220430781342e+00
2.073481508890000047e+00
2.110259607553752748e+00
2.147886940872721695e+00
2.186253114297419309e+00
2.225238543445085426e+00
2.264715213163818408e+00
2.304547555525398028e+00
2.344593433932687709e+00
2.384705218851229436e+00
2.424730939144084108e+00
2.464515491593117336e+00
2.503901889938447756e+00
2.542732533694263442e+00
2.580850476164343821e+00
2.618100670568257016e+00
2.654331173101159624e+00
2.689394282195519015e+00
2.723147594335468824e+00
2.755454958577499003e+00
2.786187314502271306e+00
2.815223401660935654e+00
2.842450332625019893e+00
2.867764026377593645e+00
2.891069503806894758e+00
2.912281052238791634e+00
2.931322270985759371e+00
2.948126014491041502e+00
2.962634253501889248e+00
2.974797877538001067e+00
2.984576463504684973e+00
2.991938035483264535e+00
2.996858839451832068e+00
2.999323153984596591e+00
