1.429905072246752809e-05
4.517056152161267940e-04
9.042952567851254451e-04
1.316396692819884421e-03
1.761394795851213384e-03
2.179400761859718282e-03
2.635364420556572922e-03
3.072770985050233064e-03
3.522830113773342542e-03
3.980480781034118239e-03
4.442348969704711104e-03
4.904217158375304836e-03
5.361024321354116752e-03
5.805178920103478031e-03
6.272951638747813891e-03
6.724697776034848327e-03
7.193313998961147100e-03
7.656025691913711552e-03
8.110302342046640800e-03
8.571327026435275956e-03
9.035725727951764499e-03
9.513620497979668328e-03
9.966210139548669147e-03
1.044579191814049880e-02
1.089753805542753584e-02
1.137796333830132754e-02
1.181199588566714427e-02
1.227808159574755691e-02
1.274501081010993679e-02
1.321868805872802519e-02
1.368561727309040160e-02
1.414748546176099880e-02
1.462284971894301649e-02
1.505941277915471069e-02
1.553224652349083183e-02
1.597302710511235707e-02
1.644164332803866105e-02
1.688917194391588786e-02
1.736031867968808318e-02
1.784580498825365583e-02
1.831189069833407193e-02
1.878641145123412237e-02
1.925334066559649532e-02
1.970846082001138574e-02
2.017792054721966044e-02
2.065834583009343653e-02
2.112780555730170082e-02
2.159389126738211345e-02
2.207178603741000514e-02
2.253365422608060234e-02
2.301070549182653371e-02
2.349113077470033409e-02
2.395131195480699332e-02
2.439968407496617697e-02
2.489023140922352537e-02
2.536475216212357234e-02
2.583758590645969175e-02
2.628511452233691162e-02
2.677819236944015135e-02
2.724427807952056052e-02
2.771626831957472309e-02
2.816295343116998612e-02
2.865265726114535338e-02
2.910102938130457173e-02
2.958398517702424610e-02
3.005850592992426532e-02
3.054061822136203141e-02
3.101682598282595044e-02
3.151749536846689542e-02
3.200298167703244379e-02
3.246063234429319433e-02
3.291659600299009364e-02
3.337930769594264074e-02
3.384201938889517397e-02
3.433509723599847269e-02
3.481636602315420909e-02
3.530944387025743147e-02
3.577299906749199093e-02
3.627198144456896672e-02
3.675999826598039949e-02
3.724211055741817600e-02
3.772337934457391934e-02
3.819705659319198171e-02
3.869519546598704923e-02
3.918911681737222846e-02
3.965435902317067385e-02
4.013478430604452973e-02
4.061520958891833011e-02
4.108804333325440095e-02
4.157521665038391157e-02
4.210372167732966131e-02
4.259173849874109408e-02
4.308903386725412843e-02
4.356102410730833263e-02
4.407012853576889461e-02
4.454971031436068957e-02
4.503097910151648842e-02
4.550296934157066486e-02
4.599773419723780787e-02
4.648490751436729768e-02
4.695352373729364676e-02
4.741960944737408368e-02
4.788906917458234103e-02
4.838889505594124590e-02
4.886847683453308944e-02
4.935058912597081737e-02
4.985210201589373308e-02
5.032662276879373148e-02
5.081548309448716966e-02
5.130603042874456315e-02
5.180079528441175474e-02
5.227615954159371692e-02
5.275068029449375001e-02
5.319989591893490438e-02
5.366429462045142762e-02
5.412363229627614042e-02
5.460152706630399394e-02
5.508701337486957700e-02
5.555900361492375344e-02
5.604702043633524172e-02
5.649792306934024733e-02
5.696063476229282219e-02
5.741406790814392036e-02
5.789702370386352187e-02
5.833443026835716944e-02
5.881991657692274555e-02
5.928937630413110699e-02
5.973606141572628675e-02
6.016503293740035896e-02
6.065389326309374163e-02
6.111323093891851688e-02
6.158353417040872413e-02
6.203190629056790084e-02
6.248955695782863751e-02
6.291937198378465268e-02
6.342341538655353606e-02
6.390215366086335336e-02
6.434968227674055241e-02
6.482673354248648379e-02
6.529197574828497774e-02
6.575215692839164738e-02
6.623511272411132522e-02
6.670119843419164418e-02
6.714704004150498506e-02
6.761903028155921702e-02
6.806065436746261410e-02
6.855626272741173477e-02
6.899619980475128755e-02
6.948759064329064483e-02
6.991909267781062920e-02
7.037927385791717394e-02
7.084114204658778502e-02
7.131988032089763008e-02
7.180705363802718233e-02
7.230772302366816895e-02
7.278140027228621745e-02
7.325085999949447479e-02
7.373634630805997459e-02
7.424207671939271613e-02
7.475624217354510936e-02
7.525775506346792099e-02
7.574239786775155414e-02
7.622619716775315413e-02
7.671927501485643897e-02
7.718367371637295526e-02
7.764638540932553012e-02
7.812849770076317479e-02
7.867555982191211383e-02
7.918466425037262724e-02
7.968195961888566159e-02
8.018937703878238621e-02
8.069004642442324793e-02
8.115950615163154691e-02
8.165427100729866217e-02
8.211613919596921773e-02
8.265392277001655519e-02
8.312422600150683183e-02
8.357850265163971337e-02
8.406736297733316543e-02
8.453682270454132563e-02
8.501556097885117069e-02
8.549008173175128011e-02
8.598569009170042854e-02
8.648635947734127638e-02
8.695666270883155302e-02
8.739322576904319517e-02
8.787955558189064487e-02
8.837094642042997439e-02
8.887161580607098876e-02
8.937987673024958002e-02
8.987295457735280935e-02
9.035928439020032843e-02
9.082874411740848863e-02
9.130410837459056184e-02
9.184273545291989083e-02
9.236280543704601664e-02
9.282045610430673943e-02
9.329666386577074866e-02
9.375768855015928493e-02
9.420015614034474294e-02
9.468985997032020041e-02
9.521161696301025379e-02
9.573421745998214605e-02
9.622476479423947016e-02
9.671446862421477497e-02
9.721935553126556662e-02
9.774364303680153909e-02
9.823165985821298574e-02
9.867075343127063025e-02
9.920853700531781505e-02
9.974885109221098833e-02
1.002022842380620726e-01
1.006945185808834214e-01
1.011732568551931971e-01
1.017135709420863565e-01
1.021796566521667171e-01
1.026642994564502948e-01
1.031809954234486210e-01
1.036394895949914186e-01
1.041485940234518071e-01
1.046408283662731281e-01
1.051271581791206333e-01
1.055924003849190856e-01
1.061057223347895151e-01
1.066198877889419083e-01
1.071239311917105558e-01
1.076229135687876010e-01
1.081581666299889638e-01
1.086571490070659951e-01
1.091628794183988060e-01
1.096660793168857256e-01
1.101498786168872979e-01
1.106741661224231871e-01
1.112355678163654549e-01
1.117100885692655921e-01
1.122023229120869270e-01
1.127029922977278581e-01
1.131918526234211436e-01
1.137380712402881466e-01
1.142868203700009161e-01
1.148026728327170981e-01
1.153640745266594630e-01
1.159035451092707836e-01
1.164210845805507405e-01
1.169352500347031892e-01
1.174974952329273098e-01
1.180327482941287004e-01
1.185426962268711915e-01
1.190593921938694344e-01
1.195651226052020927e-01
1.200497654094857536e-01
1.205192251366939138e-01
1.210401386251019340e-01
1.215458690364346478e-01
1.220659390205606765e-01
1.225134676364378616e-01
1.230411291591015921e-01
1.235907217930963531e-01
1.240517464774848894e-01
1.245920605643780765e-01
1.251559927711661802e-01
1.256119564298630031e-01
1.261370874396808839e-01
1.266959586207773159e-01
1.272312116819785677e-01
1.277479076489768106e-01
1.282595425902831321e-01
1.288108222328418484e-01
1.293022130713812057e-01
1.298644582696055760e-01
1.304621306476720366e-01
1.309324338791623132e-01
1.314609389061078548e-01
1.319784783773881309e-01
1.324774607544652039e-01
1.329933132171815247e-01
1.334931390985402699e-01
1.340030870312830247e-01
1.345071304340515195e-01
1.349883992212074502e-01
1.354612329655434932e-01
1.359484062826731565e-01
1.364499191725958849e-01
1.369354054811613708e-01
1.374124567469073577e-01
1.379114391239842641e-01
1.384205435524449024e-01
1.389094038781383267e-01
1.394218823237266536e-01
1.399605094020558160e-01
1.404788923776180698e-01
1.409618481733376782e-01
1.414498649947492637e-01
1.419075156620100142e-01
1.423727578678084804e-01
1.428759577662952474e-01
1.433606005705786446e-01
1.438722355118852714e-01
1.443619393418607011e-01
1.448583912060918411e-01
1.453244769161721184e-01
1.457939366433805006e-01
1.462718314134083542e-01
1.467471956705903580e-01
1.472368995005658987e-01
1.477299773476690170e-01
1.482298032290280121e-01
1.487254115889770634e-01
1.492142719146706265e-01
1.497200023260032153e-01
1.502004276088768908e-01
1.507297761401046599e-01
1.512397240728471648e-01
1.517209928600029845e-01
1.522199752370799186e-01
1.527442627426158495e-01
1.532769852909712793e-01
1.537911507451235615e-01
1.542741065408432533e-01
1.548068290891987109e-01
1.552982199277380959e-01
1.558343164932214087e-01
1.563754740843966151e-01
1.569039791113422400e-01
1.573768128556786439e-01
1.578943523269587812e-01
1.584481624823634860e-01
1.589732934921811447e-01
1.594899894591794709e-01
1.599830673062826447e-01
1.604668666062842031e-01
1.610113982145873479e-01
1.614715793946940592e-01
1.619536916861318288e-01
1.624189338919302117e-01
1.629929881501020472e-01
1.635063100999722130e-01
1.640137275198687294e-01
1.645591026324537687e-01
1.650353103939178612e-01
1.654718734541295311e-01
1.659463942070294740e-01
1.664605596611819227e-01
1.669266453712623111e-01
1.674618984324635351e-01
1.679929339722552317e-01
1.685172214777911626e-01
1.690271694105337230e-01
1.695455523860957547e-01
1.700816489515792063e-01
1.705097769689710996e-01
1.710273164402512092e-01
1.715161767659446890e-01
1.720033500830740747e-01
1.725284810928919554e-01
1.729861317601527615e-01
1.735256023427639016e-01
1.741030306180635923e-01
1.745783948752455961e-01
1.750470110981717509e-01
1.755729856122714982e-01
1.760618459379649225e-01
1.766038470334221344e-01
1.771441611203151689e-01
1.776853187114904309e-01
1.782543119439701507e-01
1.787819734666337423e-01
1.793206005449630713e-01
1.798929677945709515e-01
1.804341253857461858e-01
1.810115536610456544e-01
1.815729553549879083e-01
1.821807497844380175e-01
1.827683001111211902e-01
1.833558504378043907e-01
1.839535228158711289e-01
1.845360121168624079e-01
1.851573026148241874e-01
1.857397919158154387e-01
1.863644564309050455e-01
1.869823729117389144e-01
1.875859498197793573e-01
1.882376064718915831e-01
1.888546794484434466e-01
1.894759699464049763e-01
1.901158175385699034e-01
1.907809702591936329e-01
1.914073217828471396e-01
1.920227077508349922e-01
1.926574943173081367e-01
1.932914373794991370e-01
1.939135713817429496e-01
1.945441404268062335e-01
1.951612134033579582e-01
1.957926259527031643e-01
1.964383780748419073e-01
1.971060613083112922e-01
1.977315693276829045e-01
1.983874435012051574e-01
1.990525962218288869e-01
1.997211229595803883e-01
2.003803711502303853e-01
2.010354018194704384e-01
2.017073025743499337e-01
2.023952299105868102e-01
2.030738786997221546e-01
2.037491534717293662e-01
2.044337067908383598e-01
2.051131990842554320e-01
2.057935348819544819e-01
2.064764011924994092e-01
2.071550499816346425e-01
2.078455078307174519e-01
2.085241566198523799e-01
2.092011184004236302e-01
2.099126638565555480e-01
2.106242093126872161e-01
2.113281632302811686e-01
2.120287431307473491e-01
2.127284795269315243e-01
2.134282159231157272e-01
2.141262653107360581e-01
2.148580548696349679e-01
2.155577912658193096e-01
2.162769282604886101e-01
2.169876302123383005e-01
2.176966451556241466e-01
2.184048165946280984e-01
2.191155185464780109e-01
2.198456210968126878e-01
2.205445139887149686e-01
2.212577464534107585e-01
2.219811009694899750e-01
2.226901159127757379e-01
2.234117834202912212e-01
2.240904322094263434e-01
2.247463063829484020e-01
2.254392947448768947e-01
2.261297525939595376e-01
2.268590116400127921e-01
2.275899576946294467e-01
2.283200602449645400e-01
2.290695633937848141e-01
2.298030399612471242e-01
2.305390470415563664e-01
2.312860196775303745e-01
2.320178092364290068e-01
2.327639383681210372e-01
2.335050064741218123e-01
2.342545096229420309e-01
2.349955777289424730e-01
2.357383328435067316e-01
2.364979580437101270e-01
2.372499917053767227e-01
2.380188954526817058e-01
2.387650245843739027e-01
2.395119972203478276e-01
2.402724659248337558e-01
2.410236560822179852e-01
2.417799072652936920e-01
2.425462804997528532e-01
2.433033751871106765e-01
2.440149206432424278e-01
2.447467102021413377e-01
2.455232054879843695e-01
2.462777696624958435e-01
2.470281163155985671e-01
2.477776194644183694e-01
2.485279661175202048e-01
2.492774692663402014e-01
2.500244419023149312e-01
2.507663535125977949e-01
2.515335702513387117e-01
2.522906649386963962e-01
2.530384810789524375e-01
2.537761751678254685e-01
2.545256783166454650e-01
2.552768684740294725e-01
2.559968489729805841e-01
2.567556306689026679e-01
2.574933247577754769e-01
2.582369233766216854e-01
2.589923310554156366e-01
2.597409906999536555e-01
2.604618147031872444e-01
2.612189093905448734e-01
2.619372028809321407e-01
2.626318782514245886e-01
2.632860654163829417e-01
2.639284435213938851e-01
2.645792566692241610e-01
2.651921121243660528e-01
2.658150896308920097e-01
2.664422846588269111e-01
2.670332090026384386e-01
2.676418469363707198e-01
2.682589199129223889e-01
2.688473137438873728e-01
2.694492036433639437e-01
2.700544675599680366e-01
2.706369973830307085e-01
