5.724347139918505301e-01
5.200534080241010493e-01
4.992762929485421441e-01
4.856559213761632576e-01
4.751105492255650042e-01
4.652070782660734372e-01
4.563818169429280092e-01
4.481261912647240830e-01
4.403396484484454754e-01
4.322920855207112445e-01
4.252700292433121976e-01
4.185788935534747179e-01
4.121748418092505140e-01
4.059877794368607629e-01
4.000137012723642416e-01
3.941693642676626919e-01
3.886479447708316437e-01
3.833520941046288377e-01
3.782212165353704969e-01
3.731053986054548854e-01
3.683190529010795800e-01
3.637011282667222400e-01
3.592298992311332984e-01
3.548864963551692231e-01
3.506626369108752361e-01
3.465337710653363379e-01
3.425227643196338545e-01
3.386108574553792772e-01
3.347830919914662751e-01
3.310518068855023421e-01
3.273989160503077422e-01
3.238333918572230963e-01
3.203461763825856123e-01
3.169217093204415026e-01
3.135714371409964452e-01
3.102987186791533181e-01
3.070884420071694487e-01
3.039390123162735713e-01
3.006580398958044187e-01
2.976218675173613049e-01
2.946288785142598954e-01
2.916907287617035438e-01
2.888023404342043854e-01
2.859682083737350444e-01
2.831806206040283769e-01
2.804426787172437652e-01
2.777512480374458304e-01
2.751019761572177091e-01
2.724991058758461926e-01
2.698088834985523099e-01
2.672916628581049059e-01
2.648161904887570972e-01
2.623811611516826958e-01
2.599834964924817582e-01
2.576259001109471036e-01
2.553094918065873520e-01
2.530248903268250693e-01
2.507810906948143570e-01
2.485693215659435795e-01
2.463957125921473201e-01
2.442532289869834006e-01
2.421423070084621210e-01
2.400575007800872518e-01
2.380091374312356400e-01
2.359961486120009944e-01
2.340163012235204065e-01
2.320651840820333878e-01
2.301426753798687663e-01
2.282462209576566481e-01
2.263739666275577100e-01
2.245298488367404866e-01
2.227130670813116109e-01
2.209205109546470702e-01
2.191546334777038640e-01
2.174137569897174049e-01
2.156972758708276816e-01
2.140029631743435856e-01
2.123311581415270322e-01
2.106799511762865451e-01
2.090389153436024439e-01
2.074311605679514947e-01
2.058463055596458924e-01
2.042809930569985111e-01
2.027392770070758909e-01
2.012199248286588582e-01
1.997212055340523984e-01
1.982400445038754733e-01
1.967777750635061884e-01
1.953335080417576697e-01
1.939083979309259298e-01
1.924992615317096811e-01
1.911051972512655683e-01
1.897280349834032653e-01
1.883685882298515857e-01
1.870243284520268501e-01
1.856953289621495196e-01
1.843808086938589774e-01
1.830839764428612015e-01
1.818039903982716365e-01
1.805374330618576273e-01
1.792832556890760487e-01
1.780447480612982747e-01
1.768241045829911096e-01
1.756099706427551310e-01
1.744130891355427371e-01
1.732312876985054595e-01
1.720639985514041959e-01
1.709094061097294892e-01
1.697673460875269991e-01
1.686220183842643827e-01
1.675048432562327438e-01
1.664025749724464265e-01
1.653147544692494808e-01
1.642395634705128837e-01
1.631765658686778475e-01
1.621226382391352250e-01
1.610797984265701921e-01
1.600469108934926277e-01
1.590247365088642006e-01
1.580137772081837144e-01
1.570107814710988148e-01
1.560237441290234506e-01
1.550483903008849362e-01
1.540833448890966406e-01
1.531281296338762032e-01
1.521818031651007153e-01
1.512401561033793196e-01
1.503139746526821474e-01
1.494000364041513373e-01
1.484949962514218735e-01
1.475999597062247204e-01
1.467146981164496600e-01
1.458389441802504238e-01
1.449718800381346595e-01
1.441126732375670183e-01
1.432617218810663673e-01
1.424190031379365118e-01
1.415855982049922246e-01
1.407591147341654692e-01
1.399421026774827492e-01
1.391341467375239171e-01
1.383347779077090667e-01
1.375432456526806124e-01
1.367588539084535482e-01
1.359813849026119958e-01
1.352117321336031019e-01
1.344505527639630327e-01
1.336971235959496240e-01
1.329509042662985474e-01
1.322118366492519848e-01
1.314801392406320102e-01
1.307554395730450292e-01
1.300362572894418201e-01
1.293245088611167382e-01
1.286194217673904128e-01
1.279206753434347921e-01
1.272283916613223265e-01
1.265425169645194858e-01
1.258626133899087840e-01
1.251886570365313422e-01
1.245219954962274167e-01
1.238565662436123954e-01
1.232022524621004672e-01
1.225549457091658356e-01
1.219142130012282610e-01
1.212798481857667587e-01
1.206513744059841270e-01
1.199800783727189846e-01
1.193620230023001855e-01
1.187513577868099107e-01
1.181469535042744545e-01
1.175307029562594197e-01
1.169379054124148332e-01
1.163512630306487855e-01
1.157706580603146407e-01
1.151957044667370755e-01
1.146266812226127418e-01
1.140636701600054037e-01
1.135055714032115887e-01
1.129542540581582877e-01
1.124083994089999095e-01
1.118677317592434023e-01
1.113316857297648593e-01
1.108018093769190388e-01
1.102773537688962746e-01
1.097577923213095552e-01
1.092431569272912933e-01
1.087339693441996269e-01
1.082293837310193269e-01
1.077293561012299117e-01
1.072347593612460598e-01
1.067452654724886235e-01
1.062595446593870840e-01
1.057800111935762594e-01
1.053053915979202254e-01
1.048354762456491229e-01
1.043712597258940750e-01
1.039114560008441851e-01
1.034555928165308003e-01
1.030037783991566702e-01
1.025567040498512744e-01
1.021138248672458781e-01
1.016743721218617141e-01
1.012394006619756759e-01
1.008096526154479422e-01
1.003850862782952741e-01
9.996502156446947229e-02
9.952126429734876878e-02
9.910824155175886052e-02
9.863994376339729753e-02
9.823387736469170461e-02
9.783272510451529458e-02
9.743483460593607703e-02
9.704163619311129141e-02
9.665348017175956485e-02
9.626967883025060180e-02
9.588962395284207629e-02
9.551210597460622898e-02
9.513886566440481196e-02
9.476742561407094922e-02
9.440074709719548096e-02
9.403833275944609160e-02
9.367821855298893996e-02
9.332379366128232268e-02
9.297268095031235857e-02
9.262508475135289299e-02
9.228095130482312503e-02
9.194066731634743805e-02
9.160424872535097296e-02
9.127148155450742761e-02
9.094152528946419789e-02
9.061500337936496952e-02
9.028209172892341650e-02
8.995973495634852768e-02
8.964216722325651920e-02
8.932792343064432927e-02
8.901691606080507080e-02
8.870916832823411147e-02
8.840415524836799099e-02
8.810286947066732488e-02
8.780505534043935023e-02
8.750936728316406621e-02
8.721630107755799777e-02
8.692608556753218807e-02
8.664035131433886483e-02
8.635717813637162898e-02
8.607740059010851597e-02
8.580069080323544928e-02
8.552643337504893528e-02
8.525588994081163829e-02
8.498758164118840053e-02
8.472185019075087475e-02
8.445877453178461669e-02
8.419914497459338176e-02
8.394257394426310470e-02
8.368896777439584211e-02
8.343798251546546974e-02
8.318910920502524398e-02
8.294281871070638412e-02
8.269839015111088432e-02
8.245606548786478529e-02
8.221663228081353691e-02
8.197926130227570218e-02
8.174538680051060546e-02
8.150234916770991711e-02
8.127283364567687574e-02
8.104604728789908952e-02
8.082190295470412233e-02
8.060032844018889808e-02
8.038143551328667813e-02
8.016186701475677689e-02
7.994741886385282881e-02
7.973532929927457102e-02
7.952566271974052803e-02
7.931853461049245824e-02
7.911401154440964034e-02
7.891209756883460491e-02
7.871227006807886284e-02
7.851443238002032976e-02
7.831765960513938085e-02
7.812393488906164973e-02
7.793175450119708969e-02
7.774192398669328707e-02
7.755420026480698559e-02
7.736824007895354294e-02
7.718434674998654599e-02
7.700303659771895459e-02
7.682386520324924195e-02
7.664671602417154339e-02
7.647200551846411454e-02
7.629923059958045040e-02
7.612818834441326121e-02
7.595853585228809490e-02
7.579110009364790901e-02
7.562539420576204485e-02
7.546133752687446405e-02
7.529895717002253741e-02
7.513780168179323704e-02
7.497856206446072702e-02
7.482106610426556004e-02
7.466514914523332547e-02
7.451082433887075418e-02
7.435808037069296939e-02
7.420655662921325779e-02
7.405677347996066084e-02
7.390909597541907294e-02
7.376300688318096488e-02
7.361826310251008698e-02
7.347550385422421670e-02
7.333229446381946126e-02
7.319241659309587422e-02
7.305297318464017142e-02
7.291608994006019973e-02
7.278073832669651466e-02
7.264616569093459986e-02
7.251361025665095661e-02
7.238274486560185295e-02
7.225302417454831927e-02
7.212495753219154426e-02
7.199852422706000399e-02
7.187349074698216878e-02
7.174960252606642219e-02
7.162660386731616036e-02
7.150533097027873819e-02
7.138579985772341985e-02
7.126755546573136646e-02
7.115108000307415748e-02
7.103588271769790963e-02
7.092214628379706065e-02
7.067707814295456914e-02
7.056621381141653382e-02
7.045612655564024995e-02
7.034830678842309004e-02
7.024170767628248879e-02
7.013638572321474751e-02
7.001392009693244156e-02
6.991089798974069180e-02
6.980771065674287734e-02
6.970722746952959237e-02
6.960796270935433461e-02
6.951020785071704289e-02
6.941376411823300951e-02
6.931848963628603477e-02
6.922403278481446820e-02
6.913082875449498566e-02
6.903880247490408462e-02
6.893854433524344849e-02
6.884761456843445371e-02
6.875786376230572094e-02
6.866918182229635181e-02
6.858228274749471332e-02
6.849615527608778065e-02
6.841137524481370746e-02
6.832795339618741304e-02
6.824595632822719193e-02
6.816534434226342865e-02
6.808571555597198177e-02
6.800741865913688400e-02
6.793019215894798013e-02
6.785373151639871592e-02
6.777871057328477278e-02
6.770463470093192326e-02
6.763206826611879718e-02
6.756060323326559813e-02
6.749064062619952731e-02
6.742218157041804383e-02
6.735440651376814469e-02
6.728867231894765377e-02
6.722320858634199536e-02
6.715957406361282300e-02
6.709735259454265022e-02
6.703662842958127421e-02
6.697751075549254751e-02
6.692003966275898719e-02
6.686387511344604739e-02
6.680928669967667322e-02
6.675630387138078992e-02
6.670466987474027443e-02
6.665453403214027794e-02
6.660580601516626065e-02
6.655869390611715564e-02
6.651266059226743077e-02
6.646348812363768455e-02
6.641966766071989714e-02
6.637766470283773534e-02
6.633716086157681602e-02
6.628772439698461805e-02
6.624919180165189658e-02
6.621171987106763690e-02
6.617549344729188598e-02
6.614039852478728609e-02
6.610621354782797443e-02
6.607364064524856584e-02
6.604220703774561774e-02
6.601202146730801579e-02
6.598318380979445452e-02
6.595513694603999388e-02
6.592640168877739182e-02
6.590016831192162250e-02
6.587490111132186799e-02
6.585057369162537755e-02
6.582713296225292665e-02
6.580455620022948593e-02
6.578289949218060761e-02
6.576199004028507322e-02
6.574124258750416172e-02
6.572178378693015188e-02
6.570313770084802718e-02
6.568524975494001439e-02
6.566783814015964005e-02
6.565104242047893612e-02
6.563480500413441943e-02
6.561893048433570241e-02
6.560383963746473091e-02
6.558923187093619600e-02
6.557527700930340653e-02
6.556166957398196216e-02
6.554837836593536970e-02
6.553564345805187874e-02
6.552284204229781583e-02
6.551049308729066378e-02
6.549849237345592434e-02
6.548689898687204414e-02
6.547556576809644702e-02
6.546464827940021158e-02
6.545396138874119696e-02
6.544356010302551652e-02
6.543327092161210778e-02
6.542334343731052992e-02
6.541362804614835047e-02
6.540415756213172060e-02
6.539491719116029278e-02
6.538590906479493925e-02
6.537703794519762746e-02
6.536831170300694271e-02
6.502941907543649536e-02
6.501761701050172426e-02
6.500776777363971581e-02
6.499184770666530109e-02
6.498250015441077443e-02
6.497365519838715908e-02
6.496467380518711199e-02
6.495614220497465674e-02
6.494766248857511415e-02
6.493945147433514975e-02
6.493140916262234164e-02
6.491711369750553795e-02
6.490908149951371553e-02
6.490118119931662100e-02
6.489353578529580280e-02
6.488601098558745284e-02
6.487857792890014408e-02
6.487134560735047240e-02
6.486394472328588234e-02
6.485701518202985350e-02
6.485011523808041634e-02
6.484339883854989273e-02
6.483682083897246429e-02
6.483018074644929241e-02
6.482351089185564574e-02
6.481730205238378506e-02
6.481116107840607932e-02
6.475857401705875649e-02
6.475218543773517133e-02
6.474646255978154519e-02
6.474080767300585681e-02
6.473515027704659919e-02
6.472987281670493365e-02
6.472474020047888632e-02
6.471973238757673663e-02
6.471455197838618667e-02
6.470954347205090662e-02
6.470489728617909164e-02
6.470053540373930934e-02
6.469615059260967749e-02
6.469183172144395144e-02
6.468766630887082258e-02
6.468344508799192538e-02
6.467683134808548118e-02
6.467338975956668512e-02
6.467002039930375146e-02
6.466485202946377353e-02
6.466185648764562199e-02
6.465946497959475237e-02
6.465637432646091642e-02
6.465530577425823711e-02
6.465663707644016267e-02
6.466664947378951422e-02
6.470405892593675268e-02
6.473073953501584654e-02
6.485461724638486025e-02
6.507205055182692377e-02
6.538606566250911023e-02
6.573260816057394096e-02
6.598954485948659021e-02
6.672467264525558384e-02
6.757435020446694862e-02
6.880553759017335458e-02
7.046798070559691374e-02
7.261582648852180077e-02
7.456696740582330341e-02
