1.265446089382985084e+00
1.265947416855050855e+00
1.266952478590881004e+00
1.268465965560197972e+00
1.270494614014616941e+00
1.273046862732424289e+00
1.276132424438718216e+00
1.279761794321328638e+00
1.283945722483229801e+00
1.288694679895586948e+00
1.294018348738869673e+00
1.299925167783502644e+00
1.306421961570945589e+00
1.313513678597765244e+00
1.321203258561099991e+00
1.329491642173885158e+00
1.338377929379432452e+00
1.347859683343419546e+00
1.357933368793270201e+00
1.368594904560466174e+00
1.379840302014845532e+00
1.391666353895934627e+00
1.404071332241788150e+00
1.417055650027803093e+00
1.430622439038721216e+00
1.444777996609795112e+00
1.459532056330490324e+00
1.474897842659579128e+00
1.490891876628125834e+00
1.507533509272292571e+00
1.524844170893106199e+00
1.542846337295634473e+00
1.561562228287687093e+00
1.581012268239550655e+00
1.601213352626888353e+00
1.622176977321054370e+00
1.643907298064523070e+00
1.666399195255957144e+00
1.689636423209305294e+00
1.713589923031585416e+00
1.738216374081741789e+00
1.763457050858983077e+00
1.789237040678147261e+00
1.815464863438276621e+00
1.842032519164376270e+00
1.868815972845752738e+00
1.895676070395958979e+00
1.922459865159445780e+00
1.949002321910744628e+00
1.975128355119455614e+00
2.000655150533761084e+00
2.025394713817246117e+00
2.049156586858206452e+00
2.071750671170581537e+00
2.092990098194417836e+00
2.112694087964678946e+00
2.130690740264248539e+00
2.146819705778822307e+00
2.160934688747685684e+00
2.172905737024255934e+00
2.182621280234667616e+00
2.189989881787266057e+00
2.194941675797514424e+00
2.197429465512433122e+00
