1.686215186001793038e-05
5.227267076605559637e-04
1.027733712126694494e-03
1.519877446576841902e-03
2.018024040367784842e-03
2.525603698837123115e-03
3.028038049300063855e-03
3.541620567110198743e-03
4.051772879582734264e-03
4.546489268036077620e-03
5.051496272502214308e-03
5.550500417627558282e-03
6.047789460084099754e-03
6.544220951206244745e-03
7.040652442328390603e-03
7.532796176778539313e-03
8.023224808559886387e-03
8.525659159022829295e-03
9.021233098810570866e-03
9.516807038598302029e-03
1.001409608105482789e-02
1.051224267484575023e-02
1.101381947397427757e-02
1.150081790041800923e-02
1.199724939154013341e-02
1.250139884467185367e-02
1.300383319513478096e-02
1.350455244292890662e-02
1.400955944739503377e-02
1.452142686253635011e-02
1.503586693168086630e-02
1.554001638481259349e-02
1.603816297860351583e-02
1.652344630237845280e-02
1.701816269083178054e-02
1.752231214396349906e-02
1.799387464638804376e-02
1.848173062416617884e-02
1.897987721795711680e-02
1.945486992571925436e-02
1.994444100616618934e-02
2.044944801063231302e-02
2.093987664241364274e-02
2.144745630088296801e-02
2.194989065134589357e-02
2.244803724513682111e-02
2.294018097958695074e-02
2.344261533004987283e-02
2.394676478318158788e-02
2.443462076095971602e-02
2.496192410012022453e-02
2.546435845058313621e-02
2.597451076305564918e-02
2.647094225417776989e-02
2.697766436131268653e-02
2.748524401978201179e-02
2.798424816490733408e-02
2.849268537471105409e-02
2.901913116253715744e-02
2.952585326967208795e-02
3.003857823614779557e-02
3.056330892130510596e-02
3.107517633644641883e-02
3.160419477827573070e-02
3.211263198807944724e-02
3.262021164654876904e-02
3.312007334300848954e-02
3.363279830948421451e-02
3.414981103263193402e-02
3.466082089643885561e-02
3.517183076024577720e-02
3.568198307271834568e-02
3.619556559052853478e-02
3.671943872435151635e-02
3.723044858815847957e-02
3.773888579796225856e-02
3.826104382911642982e-02
3.876690838491698293e-02
3.928306355673038402e-02
3.979321586920293863e-02
4.031108614368512227e-02
4.083152907217049710e-02
4.133653607663666935e-02
4.185011859444686538e-02
4.238256724161382216e-02
4.288242893807359124e-02
4.339944166122135238e-02
4.390616376835630025e-02
4.441717363216329123e-02
4.493418635531105237e-02
4.543061784643324941e-02
4.594934567224979310e-02
4.645263757404716892e-02
4.696021723251653235e-02
4.747294219899231282e-02
4.799252757614325821e-02
4.849839213194385296e-02
4.900854444441640062e-02
4.950754858954178189e-02
5.000312252932954254e-02
5.051327484180213184e-02
5.100113081958030509e-02
5.149927741337130549e-02
5.198970604515267685e-02
5.249214039561567874e-02
5.300057760541942303e-02
5.350386950721679885e-02
5.400373120367656793e-02
5.450445045147075257e-02
5.501546031527772967e-02
5.552475507641588953e-02
5.601947146486926932e-02
5.653133888001062729e-02
5.702862792246720519e-02
5.753191982426454631e-02
5.803864193139950806e-02
5.855222444920962777e-02
5.906923717235740279e-02
5.956138090680757058e-02
6.008010873262410040e-02
6.058340063442146928e-02
6.109269539555960832e-02
6.159512974602256163e-02
6.209927919915434608e-02
6.259571069027648760e-02
6.308356666805466084e-02
6.359028877518964340e-02
6.409786843365897213e-02
6.454884970405798394e-02
6.503241792516413489e-02
6.553227962162390396e-02
6.602956866408048187e-02
6.653886342521861397e-02
6.703872512167838305e-02
6.753344151013178365e-02
6.803930606593229513e-02
6.852373183837287551e-02
6.900644250814466640e-02
6.950801930727322497e-02
6.999330263104815153e-02
7.049316432750793449e-02
7.098187785662053717e-02
7.147487914240507889e-02
7.197988614687114706e-02
7.246345436797738127e-02
7.296503116710596759e-02
7.346403531223121008e-02
7.394760353333734715e-02
7.443288685711238473e-02
7.492331548889367976e-02
7.541631677467827699e-02
7.590503030379085192e-02
7.638688342222814398e-02
7.686787898933111762e-02
7.735316231310614132e-02
7.784873625289388810e-02
7.832630161465926888e-02
7.881587269510621774e-02
7.928572009486199723e-02
7.977357607264017048e-02
8.024685367773352895e-02
8.073213700150851102e-02
8.121827787661786702e-02
8.172671508642158356e-02
8.221628616686864344e-02
8.269042132329634809e-02
8.316627158239293938e-02
8.365412756017119589e-02
8.415741946196850232e-02
8.462040645104912384e-02
8.511169263416484831e-02
8.559440330393661145e-02
8.608225928171470143e-02
8.657183036216167804e-02
8.705454103193351056e-02
8.751581291834523157e-02
8.800452644745780650e-02
8.847180119321033931e-02
8.895365431164775627e-02
8.942350171140349413e-02
8.993193892120729394e-02
9.041207693697579650e-02
9.088020923406284202e-02
9.137063786584413705e-02
9.184048526559993042e-02
9.230175715201176245e-02
9.279218578379315463e-02
9.327661155623373501e-02
9.372759282663269131e-02
9.418371940503808548e-02
9.464927904812182879e-02
9.509768766451758004e-02
9.555552934559173595e-02
9.601680123200351247e-02
9.649265149110015927e-02
9.697278950686862020e-02
9.743749159861797571e-02
9.789190307435455263e-02
9.834545699875679725e-02
9.879901092315901412e-02
9.929629996561546712e-02
9.975499919802399695e-02
1.002239890464454303e-01
1.006972666515388720e-01
1.011876952833202364e-01
1.016446794130599074e-01
1.021256749801628672e-01
1.026143885092754976e-01
1.030705150876809056e-01
1.035043453313918005e-01
1.039861984498292174e-01
1.044483278875753540e-01
1.048950214013023713e-01
1.053588659417173112e-01
1.058432917141578083e-01
1.063371505512767795e-01
1.067778412056629295e-01
1.072391130920747060e-01
1.076686555791136757e-01
1.081788078915861540e-01
1.086820997933835298e-01
1.091613802578177417e-01
1.096363729655799452e-01
1.100702032092908955e-01
1.105357628523747221e-01
1.109858865714392628e-01
1.114557339711950285e-01
1.119144332036036554e-01
1.123671295766713873e-01
1.128146806417327508e-01
1.132871006954917492e-01
1.137312215552154920e-01
1.142190775329937208e-01
1.146975004460934061e-01
1.151501968191612352e-01
1.155848846142066982e-01
1.160838887593319824e-01
1.165340124783965509e-01
1.169764182354516291e-01
1.174085333764938177e-01
1.178380758635328290e-01
1.182959175446070266e-01
1.188317963971114860e-01
1.192193188687648980e-01
1.197011719872023566e-01
1.201401475389197032e-01
1.206039920793346570e-01
1.211038537757943984e-01
1.215316811601646063e-01
1.219577934418659276e-01
1.223804755182297116e-01
1.229180694734030715e-01
1.233699082951364018e-01
1.238243197708729509e-01
1.243464778020271361e-01
1.247914562130852528e-01
1.252655913695130130e-01
1.257663106173071976e-01
1.262464486330757973e-01
1.268046238202747145e-01
1.273730896234862853e-01
1.279458431833699339e-01
1.284362718151512706e-01
1.290158857857102437e-01
1.295397589195331212e-01
1.300696349126968243e-01
1.305189010804270744e-01
1.310470619709219464e-01
1.315563567320601202e-01
1.320699392498703439e-01
1.326812826198019990e-01
1.331751414569209702e-01
1.337538978761455000e-01
1.342614775346149258e-01
1.347922110791130168e-01
1.353546740229838174e-01
1.359179945181890614e-01
1.364718819487160395e-01
1.370609289839532785e-01
1.376173890684835033e-01
1.381995756930455843e-01
1.387903378309516822e-01
1.393862452768640514e-01
1.399667167987573013e-01
1.404957352405867277e-01
1.411019333025118339e-01
1.416489603223637928e-01
1.422388649089354751e-01
1.428390601115198388e-01
1.434572638921268739e-01
1.440754676727338812e-01
1.447151102367008890e-01
1.453444621846549933e-01
1.459335092198922323e-01
1.465834423998718383e-01
1.472676776332277060e-01
1.479279014292202432e-01
1.485984158412252676e-01
1.492372008538579986e-01
1.499060001631943861e-01
1.505850900885436494e-01
1.512941943105966802e-01
1.519286915665573334e-01
1.526223598645913559e-01
1.532894440712591899e-01
1.539762519586179990e-01
1.546622022946421982e-01
1.553361469119852734e-01
1.560263850046818279e-01
1.566591671579734557e-01
1.573151031972937763e-01
1.579736118906176490e-01
1.586544169186357711e-01
1.593249313306411563e-01
1.600125967693341311e-01
1.606753932193299428e-01
1.613527680420101806e-01
1.620455787887099264e-01
1.627581132161008970e-01
1.634483513087971185e-01
1.641634583901912525e-01
1.648253972888523988e-01
1.655130627275459010e-01
1.661930102042295521e-01
1.668566642055591964e-01
1.675117426935456011e-01
1.682036958889107370e-01
1.688896462249352970e-01
1.695421520589181219e-01
1.702401081136241667e-01
1.709029045636198674e-01
1.715528377435998342e-01
1.721950529615698666e-01
1.728458436928836661e-01
1.735094976942139211e-01
1.741680063875374329e-01
1.748247999781924467e-01
1.755064625575447068e-01
1.761967006502410671e-01
1.768715028189184746e-01
1.775625984629493614e-01
1.782219647076075109e-01
1.788881913629404019e-01
1.795938653796561313e-01
1.803038271530438275e-01
1.809623358463677278e-01
1.816551465930673070e-01
1.823556753017764043e-01
1.830193293031065482e-01
1.836846984071054678e-01
1.843423495490946751e-01
1.850154366151031127e-01
1.857116775671401598e-01
1.864130638271840057e-01
1.871024443685460614e-01
1.877635257158730420e-01
1.884554789112382889e-01
1.891379990419248813e-01
1.898119436592679565e-01
1.904327200938779052e-01
1.910697900038418329e-01
1.916931390924548617e-01
1.923808045311481696e-01
1.930573218024942139e-01
1.937166880471524744e-01
1.943709089838039639e-01
1.950388507418061579e-01
1.957085076024769332e-01
1.963790220144819854e-01
1.970649723505066286e-01
1.977346292111774595e-01
1.983871350451604509e-01
1.990147718904456964e-01
1.996655626217596902e-01
2.003206411097458450e-01
2.009842951110759057e-01
2.016633850364251135e-01
2.023407598591053791e-01
2.030035563091011075e-01
2.036534894890808800e-01
2.043162859390764974e-01
2.049636464650530510e-01
2.056298731203863028e-01
2.062686581330184232e-01
2.069160186589952544e-01
2.075668093903091371e-01
2.082150274676202728e-01
2.088555275829213909e-01
2.094883097362130742e-01
2.101039408628168625e-01
2.107144266814142408e-01
2.113360606673585496e-01
2.119465464859561221e-01
2.125604625098908851e-01
2.131529397504655643e-01
2.137368414776965597e-01
2.143250309615995219e-01
2.149286563695213537e-01
2.155159883020900113e-01
2.161016051319896436e-01
2.166795039998797856e-01
2.172402518410819217e-01
2.178104327469624624e-01
2.183420238427951077e-01
2.188727573872930598e-01
2.193906276617754170e-01
2.199402273356305948e-01
2.204795363934725361e-01
2.210488597480186335e-01
2.216001745245423094e-01
2.221574921604069497e-01
2.227105220395995400e-01
2.232412555840977975e-01
2.237805646419397942e-01
2.243130132891069106e-01
2.248514647956148804e-01
2.253821983401131657e-01
2.259163620899487523e-01
2.263506288663711397e-01
2.263506288663711397e-01
2.263506288663711397e-01
2.263506288663711397e-01
2.263506288663711397e-01
2.263506288663711397e-01
2.263506288663711397e-01
2.263506288663711397e-01
2.263506288663711397e-01
2.263506288663711397e-01
2.263506288663711397e-01
2.263506288663711397e-01
2.263506288663711397e-01
2.263506288663711397e-01
2.263506288663711397e-01
2.263506288663711397e-01
2.263506288663711397e-01
2.263506288663711397e-01
2.263506288663711397e-01
2.263506288663711397e-01
2.263506288663711397e-01
2.263506288663711397e-01
2.263506288663711397e-01
2.263506288663711397e-01
2.263506288663711397e-01
2.263506288663711397e-01
2.263506288663711397e-01
2.263506288663711397e-01
2.263506288663711397e-01
2.263506288663711397e-01
2.263506288663711397e-01
2.263506288663711397e-01
2.263506288663711397e-01
2.263506288663711397e-01
2.263506288663711397e-01
2.263506288663711397e-01
2.263506288663711397e-01
2.263506288663711397e-01
2.263506288663711397e-01
2.263506288663711397e-01
2.263506288663711397e-01
2.263506288663711397e-01
2.263506288663711397e-01
2.263506288663711397e-01
2.263506288663711397e-01
2.263506288663711397e-01
2.263506288663711397e-01
2.263506288663711397e-01
2.263506288663711397e-01
2.263506288663711397e-01
2.263506288663711397e-01
2.263506288663711397e-01
2.263506288663711397e-01
2.263506288663711397e-01
2.263506288663711397e-01
2.263506288663711397e-01
2.263506288663711397e-01
2.263506288663711397e-01
2.263506288663711397e-01
2.263506288663711397e-01
2.263506288663711397e-01
2.263506288663711397e-01
2.263506288663711397e-01
2.263506288663711397e-01
2.263506288663711397e-01
2.263506288663711397e-01
2.263506288663711397e-01
2.263506288663711397e-01
2.263506288663711397e-01
2.263506288663711397e-01
2.263506288663711397e-01
2.263506288663711397e-01
2.263506288663711397e-01
2.263506288663711397e-01
2.263506288663711397e-01
2.263506288663711397e-01
2.263506288663711397e-01
2.263506288663711397e-01
2.263506288663711397e-01
2.263506288663711397e-01
2.263506288663711397e-01
2.263506288663711397e-01
2.263506288663711397e-01
