4.230521729885708404e-02
3.858182377104663746e-02
3.563058184340964218e-02
3.310875283185032297e-02
3.087047365822164630e-02
2.884589931185915085e-02
2.699056611474159179e-02
2.531052457533676872e-02
2.377786858784854129e-02
2.236325241248927551e-02
2.105357558728081918e-02
1.984146521778192007e-02
1.871278116035458156e-02
1.766105692572611865e-02
1.668420750333676761e-02
1.577829859436579579e-02
1.492536378971631716e-02
1.412437568662591215e-02
1.338666444615508634e-02
1.270221485542124412e-02
1.206957563273600327e-02
1.148195553110503003e-02
1.093721281466912380e-02
1.042810915390241649e-02
9.951495218571498880e-03
9.488984842284019228e-03
9.065445785505166221e-03
8.674414125698004172e-03
8.308866138388042166e-03
7.955242831884172180e-03
7.635479098753884981e-03
7.334745600870109031e-03
7.059337712853183330e-03
6.801993377422416338e-03
6.563749448289872904e-03
6.339383943456286703e-03
6.131202338635664308e-03
5.937347481116738400e-03
5.754472177283668707e-03
5.583654448934229596e-03
5.419776322712534060e-03
5.260448734526028576e-03
5.114811254973043037e-03
4.973926476055075610e-03
4.841569131289449358e-03
4.719325376331239517e-03
4.602715755280719322e-03
4.491930460417436696e-03
4.387555342892031189e-03
4.288570676720115937e-03
4.189022944540423884e-03
4.097621477856144487e-03
4.012313092047436504e-03
3.932410647172741511e-03
3.857451766808420168e-03
3.785775544827415292e-03
3.717247484294326342e-03
3.650924085542162165e-03
3.585947208161380413e-03
3.525311942213023037e-03
3.468097203875436779e-03
3.413289273306261210e-03
3.360788815556129110e-03
3.309461846367485732e-03
3.260339124995269462e-03
3.212815084037233711e-03
3.167102950587125706e-03
3.122091594779073664e-03
3.079167660970218504e-03
3.037104624742578522e-03
2.995737410697800907e-03
2.955683723163393065e-03
2.917026748337560402e-03
2.878701957057971071e-03
2.841688147593927297e-03
2.806067673538580574e-03
2.771212724823963330e-03
2.737765079320093539e-03
2.705399162256868790e-03
2.674108562630055086e-03
2.643350910428747189e-03
2.613129493038535405e-03
2.583963209553416605e-03
2.555097620821523193e-03
2.525977786135146994e-03
2.497727184440651053e-03
2.470333244843192499e-03
2.443531643964313819e-03
2.417158670895888303e-03
2.391676537826775868e-03
2.366620093201533999e-03
2.342044846496693644e-03
2.317745082452611974e-03
2.294182413903408154e-03
2.271464406103030492e-03
2.248700483437958246e-03
2.226743560613840718e-03
2.205045590041989755e-03
2.184036094901316716e-03
2.163275835452730094e-03
2.143020323659876498e-03
2.123370006209041386e-03
2.103965791983242184e-03
2.085327047056763968e-03
2.067026643709499786e-03
2.048964303265806038e-03
2.031316189729939249e-03
2.014204843927985128e-03
1.997530070896363398e-03
1.981210452893166288e-03
1.965193025200769918e-03
1.949459635322368239e-03
1.934070878162911719e-03
1.918870445539482515e-03
1.904074291282915280e-03
1.889592807130824033e-03
1.875219219889904696e-03
1.860980582012444892e-03
1.847292889170508434e-03
1.833720308673148077e-03
1.820574488491205753e-03
1.807586114215200147e-03
1.794941249856781516e-03
1.782298238355809568e-03
1.769965158036320221e-03
1.758041029440744448e-03
1.746022801355497870e-03
1.734080837159864257e-03
1.721649924588948598e-03
1.710274010092731030e-03
1.699286434001152230e-03
1.688564923215818067e-03
1.677738729480441129e-03
1.667528719469375939e-03
1.657562451144462944e-03
1.647609593229601259e-03
1.637943343086186191e-03
1.628527724202908636e-03
1.619431217327328828e-03
1.610531882180823299e-03
1.601901314296933724e-03
1.593445966338063796e-03
1.585264194939010104e-03
1.576935141618102457e-03
1.569062596591483004e-03
1.561358787497859127e-03
1.553722116513345849e-03
1.546229618280455789e-03
1.539083681664243615e-03
1.532165336959745959e-03
1.525414197426879425e-03
1.518700543872036814e-03
1.512223442910235654e-03
1.505970800186942019e-03
1.499869772563439682e-03
1.493118429455896068e-03
1.487413050547371773e-03
1.481883601789319794e-03
1.476530951034215342e-03
1.471231312260167087e-03
1.466144278336437403e-03
1.461188721692809880e-03
1.456432276907511369e-03
1.451507155944142249e-03
1.446523348406573246e-03
1.442114128030267577e-03
1.437853210772210236e-03
1.433212029644598305e-03
1.429203723679307652e-03
1.425358468656139120e-03
1.421599756467482358e-03
1.418071151682717516e-03
1.414709256339948505e-03
1.411433353750126329e-03
1.408304913488191319e-03
1.405356737617012792e-03
1.402478505837406004e-03
1.399762658056293626e-03
1.397062040258349519e-03
1.394536487670285487e-03
1.391847199868390377e-03
1.389441592803560954e-03
1.387154369267138386e-03
1.384958154474334735e-03
1.382855014039198298e-03
1.380845620281798917e-03
1.378895455709278463e-03
1.371542699851215942e-03
1.369475629784185728e-03
1.367647862342175578e-03
1.365754635022576029e-03
1.364095826896545441e-03
1.362530220129984804e-03
1.361020311645104583e-03
1.359627375243194344e-03
1.358290951798992331e-03
1.356941919584742084e-03
1.355762820103109277e-03
1.354542825379450796e-03
1.353506568723039779e-03
1.352316017538116900e-03
1.351397393712947502e-03
1.350548841820006741e-03
1.349736941118435821e-03
1.348945917894133362e-03
1.348212968878332923e-03
1.347504656309283198e-03
1.346802149284731086e-03
1.346170159910526276e-03
1.345565811828532523e-03
1.344969921183169137e-03
1.344306064088397756e-03
1.343776211308811896e-03
1.343277863411203787e-03
1.342701154213822015e-03
1.342181974277343931e-03
1.341693268754419466e-03
1.341240537736224959e-03
1.340846912650270166e-03
1.334685575445445586e-03
1.334192831365736990e-03
1.333784723801056818e-03
1.333348282871357673e-03
1.332965213241674076e-03
1.332630716464835822e-03
1.332311648073205212e-03
1.332000642908759717e-03
1.331706833947778230e-03
1.331433251394133297e-03
1.331173059653264915e-03
1.330843493491940194e-03
1.330604460023898953e-03
1.330348203812988699e-03
1.330129002315319151e-03
1.329924094687761228e-03
1.329726698534064618e-03
1.329523653976077274e-03
1.329334973611600787e-03
1.329151305691405769e-03
1.328989314609935147e-03
1.328832603255917936e-03
1.328683272737888905e-03
1.328523533528843358e-03
1.328391734612090723e-03
1.328250257781062342e-03
1.328123723823746664e-03
1.328005434192352802e-03
1.327882855092246857e-03
1.327777113805637911e-03
1.327678382548113083e-03
1.327586342666628103e-03
1.327477801553683754e-03
1.327382679864330195e-03
1.327299688245195961e-03
1.327206518383599113e-03
1.327125690980916978e-03
1.327052791443159496e-03
1.326978864172663475e-03
1.326912484395648779e-03
1.326835167157692152e-03
1.326696854704835157e-03
1.326613668549197697e-03
1.326559229215878424e-03
1.326468134828723841e-03
1.326402688952090870e-03
1.326353899485316476e-03
1.326310754812693067e-03
1.326269517319879788e-03
1.326233369106160145e-03
1.326191149777298205e-03
1.326132877100255321e-03
1.326102169220369281e-03
1.326054620543445743e-03
1.326030156852048671e-03
1.325997970968346724e-03
1.325974211430110128e-03
1.325951327292451730e-03
1.325930482458388031e-03
1.325905417300115088e-03
1.325888480468454629e-03
1.325873418361258813e-03
1.325847018343195025e-03
1.325818202179733984e-03
1.325804099441250461e-03
1.325797812735349159e-03
1.325786450163670034e-03
1.325779849490801941e-03
1.325776572860299209e-03
1.325770496647199481e-03
1.325767043629295754e-03
1.325763155376468837e-03
1.325755672996429928e-03
1.325747506257061612e-03
1.325743751692831781e-03
1.325737039429812723e-03
1.325732699560543647e-03
1.325731923443095994e-03
1.325724712979016668e-03
1.325722436986478351e-03
1.325718505260782033e-03
1.325717131818678497e-03
1.325715202882340365e-03
1.325709506085723027e-03
1.325707242217831700e-03
1.325702216575119167e-03
1.325701090112994633e-03
1.325695291873669980e-03
1.325694196709552601e-03
1.325692608120080176e-03
1.325691103697709209e-03
1.325689741836423574e-03
1.325665865788359368e-03
1.325661522375133280e-03
1.325658876544117196e-03
1.325656146721093318e-03
1.325652483046013642e-03
1.325602232275091032e-03
1.325599025156125668e-03
1.325597316010859597e-03
1.325595962806247431e-03
1.325594379585210954e-03
1.325590463987324011e-03
1.325582617891451608e-03
1.325576745976946632e-03
1.325573127495251798e-03
1.325570159498572860e-03
1.325567840074782459e-03
1.325564805541385328e-03
1.325561727916463057e-03
1.325560281549676518e-03
1.325555965193189875e-03
1.325554152156617873e-03
1.325551759424660860e-03
1.325551239534531649e-03
1.325549177296987940e-03
1.325522540055889533e-03
1.325520283444322654e-03
1.325517624842033381e-03
1.325513146948597122e-03
1.325506596410022881e-03
1.325504564640979507e-03
1.325499935390608451e-03
1.325496747212227431e-03
1.325494501173642928e-03
1.325491974533218702e-03
1.325482647505368556e-03
1.325476266492161366e-03
1.325475139240086262e-03
1.325472198415090846e-03
1.325447253191214736e-03
1.325440050729073064e-03
1.325435465262331724e-03
1.325429582271936977e-03
1.325428474176080368e-03
1.325423244917158004e-03
1.325420220927334700e-03
1.325417182058232380e-03
1.325414968953993449e-03
1.325408494452083802e-03
1.325401226372421165e-03
1.325393869356318935e-03
1.325374247590644641e-03
1.325365852579124711e-03
1.325358300876221078e-03
1.325339340568369110e-03
1.325330632043394833e-03
1.325326335095999277e-03
1.325319838411730382e-03
1.325306475666256003e-03
1.325299460142736682e-03
1.325292798098326409e-03
1.325279181399263619e-03
1.325276486009341944e-03
1.325250952265033793e-03
1.325226892193035692e-03
1.325213459953095575e-03
1.325200778221342739e-03
1.325193665539609435e-03
1.325170715619644786e-03
1.325163622080643370e-03
1.325153640633367240e-03
1.325143437546046250e-03
1.325136136369729507e-03
1.325107708851056042e-03
1.325064547017183866e-03
1.325031758978966433e-03
1.325042522201740200e-03
1.325008462917246334e-03
1.325020924562661344e-03
1.324910248596353896e-03
1.324897510317537153e-03
1.325301896145018301e-03
1.326397205609260730e-03
1.326830535668534032e-03
1.330600070185003351e-03
1.334150255607907112e-03
1.340237571085147253e-03
1.354296434949570126e-03
1.352082402262382368e-03
1.409128114427348833e-03
1.501281513351058637e-03
1.659187258062430484e-03
1.919914187497238651e-03
2.373813727822411939e-03
3.107808052762338000e-03
4.058444131814194569e-03
5.084417470175075018e-03
7.077531630942216628e-03
8.724973199459504919e-03
1.195438982112718984e-02
1.679912094323950805e-02
2.071378113847363242e-02
2.918597826343733229e-02
3.789476292509026678e-02
5.487806171092521335e-02
8.136796199008926311e-02
1.550791276129205309e-01
8.826528769896145876e-01
8.971119112431206703e+08
8.971119111493660212e+08
8.971119110556108952e+08
8.971119109618577957e+08
8.971119108681038618e+08
8.971119107743517160e+08
8.971119106805998087e+08
8.971119105868488550e+08
8.971119104930986166e+08
8.971119103993479013e+08
8.971119103055986166e+08
8.971119102118496895e+08
8.971119101181017160e+08
8.971119100243538618e+08
8.971119099306064844e+08
8.971119098368604183e+08
8.971119097431150675e+08
8.971119096493700743e+08
8.971119095556246042e+08
8.971119094618812799e+08
8.971119093681384325e+08
8.971119092743959427e+08
8.971119091806540489e+08
8.971119090869126320e+08
8.971119089931720495e+08
8.971119088994318247e+08
8.971119088056920767e+08
8.971119087119531631e+08
8.971119086182153225e+08
8.971119085244776011e+08
8.971119084307405949e+08
8.971119083370041847e+08
8.971119082432686090e+08
8.971119081495331526e+08
8.971119080557990074e+08
8.971119079620646238e+08
8.971119078683317900e+08
8.971119077745991945e+08
8.971119076808674335e+08
8.971119075871355534e+08
8.971119074934049845e+08
8.971119073996742964e+08
8.971119073059445620e+08
8.971119072122156620e+08
8.971119071184874773e+08
8.971119070247596502e+08
8.971119069310325384e+08
8.971119068373063803e+08
8.971119067435804605e+08
8.971119066498552561e+08
8.971119065561304092e+08
8.971119064624065161e+08
8.971119063686830997e+08
8.971119062749605179e+08
8.971119061812386513e+08
8.971119060875165462e+08
8.971119059937957525e+08
8.971119059000754356e+08
8.971119058063553572e+08
8.971119057126364708e+08
8.971119056189180613e+08
8.971119055252002478e+08
8.971119054314831495e+08
8.971119053377666473e+08
8.971119052440506220e+08
8.971119051503357887e+08
8.971119050566208363e+08
8.971119049629065990e+08
8.971119048691936731e+08
8.971119047754802704e+08
8.971119046817678213e+08
8.971119045880563259e+08
8.971119044943450689e+08
8.971119044006344080e+08
8.971119043069251776e+08
8.971119042132155895e+08
8.971119041195075512e+08
8.971119040257995129e+08
8.971119039320921898e+08
8.971119038383854628e+08
8.971119037446792126e+08
8.971119036509742737e+08
8.971119035603930950e+08
