8.988930618935749850e-01
8.992868599465428936e-01
9.000726320511804879e-01
9.012474707884440273e-01
9.028086125543981488e-01
9.047547306675309819e-01
9.070868514063384902e-01
9.098085807718527818e-01
9.129255690279666213e-01
9.164444056715130849e-01
9.203713376509096156e-01
9.247112687693265221e-01
9.294674048756679241e-01
9.346416885179845702e-01
9.402358928563885332e-01
9.462530111036262515e-01
9.526984650922417641e-01
9.595807049918598786e-01
9.669109672996841764e-01
9.747022349559573140e-01
9.829677078145028224e-01
9.917192530456420130e-01
1.000966307455070758e+00
1.010715545555871397e+00
1.020971362038000763e+00
1.031736935713059466e+00
1.043015441353891459e+00
1.054810926856503572e+00
1.067128495195188487e+00
1.079973683681216601e+00
1.093351229934590885e+00
1.107263649754489654e+00
1.121710140310963277e+00
1.136686225648232629e+00
1.152184306603169173e+00
1.168194945925064676e+00
1.184708422888854473e+00
1.201715933556647187e+00
1.219209853417867473e+00
1.237182713376151266e+00
1.255624896703134485e+00
1.274521428455674288e+00
1.293848479570344656e+00
1.313570261840793396e+00
1.333636830636772963e+00
1.353982997091258023e+00
1.374528193782088792e+00
1.395176868393708025e+00
1.415818901287123621e+00
1.436329692420686310e+00
1.456569894862909331e+00
1.476385168453940189e+00
1.495606635551038233e+00
1.514052806458258349e+00
1.531533537666914135e+00
1.547856120654201195e+00
1.562832996558819243e+00
1.576290037065835259e+00
1.588074012917132682e+00
1.598057918972050517e+00
1.606143262084333667e+00
1.612259144354709406e+00
1.616358787703114031e+00
1.618414803133338076e+00
