1.315541923690725802e-05
5.919284158138770659e-04
1.171519535477719446e-03
1.785471824790200394e-03
2.391242883233954744e-03
2.997832064764581472e-03
3.606875615555826201e-03
4.266642797733158354e-03
4.938681826213577042e-03
5.612357100867740485e-03
6.296667975651241804e-03
6.980160727347870311e-03
7.660380986697015379e-03
8.341419369133037595e-03
9.009367782179101766e-03
9.701859887831332935e-03
1.039271574730982368e-02
1.110566093013386040e-02
1.179978928195983892e-02
1.250537135700203507e-02
1.322240715526044191e-02
1.392553486104201356e-02
1.463766192077917312e-02
1.536042458064566622e-02
1.606764290186158198e-02
1.678876931555432772e-02
1.749271514442275743e-02
1.824329398924291051e-02
1.894969418737195085e-02
1.968718306280214589e-02
2.039440138401806338e-02
2.111798216697142322e-02
2.184565356535915145e-02
2.255696250200942693e-02
2.328136140804965698e-02
2.400248782174239232e-02
2.471297863530579758e-02
2.542592381812980307e-02
2.614623210873568554e-02
2.682972486043229410e-02
2.750585450434705689e-02
2.816643980961124755e-02
2.881557139165923792e-02
2.944097740418789161e-02
3.007047403215092757e-02
3.072287810654638143e-02
3.134419350364069101e-02
3.197532637777748821e-02
3.262936669834668596e-02
3.326868080335221300e-02
3.390635866218395106e-02
3.454812713645005751e-02
3.518662311836870393e-02
3.582021036176608053e-02
3.645707009751096572e-02
3.709065734090835620e-02
3.772179021504513258e-02
3.836274056622438616e-02
3.903150710235725462e-02
3.969209240762142793e-02
4.034613272819061180e-02
4.101080864888914657e-02
4.168121143119579014e-02
4.235079609041554616e-02
4.301383576494032662e-02
4.368014793181258792e-02
4.435791382190108767e-02
4.503567971198958048e-02
4.570690061738309773e-02
4.639775647686154858e-02
4.707143175151570075e-02
4.773774391838801756e-02
4.842123667008460530e-02
4.909900256017309811e-02
4.977595032717473805e-02
5.046107932504507315e-02
5.113639084587295880e-02
5.182561045917766229e-02
5.251237570322177250e-02
5.318441473170218425e-02
5.384990877548757882e-02
5.453831026570540863e-02
5.522998424827071928e-02
5.589547829205614160e-02
5.659124289005588310e-02
5.727719001101318208e-02
5.798113583988170200e-02
5.865971985305717951e-02
5.936612005118629964e-02
6.005288529523043067e-02
6.073474180075339596e-02
6.139941772145200011e-02
6.209190982710426077e-02
6.281139999462334589e-02
6.346544031519260609e-02
6.416611365171363823e-02
6.485778763427904603e-02
6.557400530945062256e-02
6.623949935323615590e-02
6.693362770506217085e-02
6.763920978010440344e-02
6.834806434749413073e-02
6.904219269932011793e-02
6.972977606645118509e-02
7.042390441827718617e-02
7.110494280071329165e-02
7.182116047588486818e-02
7.250628947375531430e-02
7.319550908706007331e-02
7.390109116210231976e-02
7.458785640614649937e-02
7.528443912723313536e-02
7.596384126349547961e-02
7.667433207705895426e-02
7.736355169036372714e-02
7.808549622714344718e-02
7.876735273266639858e-02
7.948111603857738183e-02
8.015806380557907729e-02
8.085546464975258696e-02
8.156840983257665489e-02
8.227235566144516787e-02
8.296321152092368811e-02
8.367206608831342929e-02
8.436701256322630404e-02
8.505541405344425876e-02
8.575935988231270235e-02
8.643794389548815904e-02
8.714270784744357345e-02
8.781638312209773256e-02
8.851214772009750875e-02
8.919318610253358648e-02
8.989713193140205783e-02
9.057980656001185515e-02
9.128947925048848389e-02
9.196969950983764630e-02
9.266791847709802965e-02
9.336695556744525892e-02
9.404553958062077113e-02
9.474457667096802815e-02
9.542397880723034465e-02
9.611156217436139793e-02
9.680732677236117412e-02
9.748427453936284182e-02
9.818494787588387396e-02
9.888153059697055158e-02
9.960592950301086490e-02
1.002820591469256867e-01
1.009892774681417082e-01
1.016834058199677510e-01
1.023742616794462990e-01
1.030904793546179449e-01
1.037674271216196403e-01
1.044623735965325290e-01
1.051532294560110631e-01
1.058293590999259404e-01
1.065390317904025552e-01
1.072077983265355000e-01
1.079109260323171532e-01
1.086083268764907045e-01
1.093057277206642003e-01
1.100137641649670817e-01
1.107029837782718545e-01
1.113864765299686088e-01
1.120601518046228651e-01
1.127763694797944555e-01
1.134484085082749366e-01
1.141229019060161221e-01
1.148137577654948366e-01
1.154817061785409910e-01
1.161602901917164476e-01
1.168634178974980731e-01
1.175526375108030402e-01
1.182344940163260610e-01
1.189081692909804283e-01
1.196006613966326404e-01
1.202808816559818444e-01
1.209774643770686331e-01
1.216748652212421844e-01
1.223395411419409134e-01
1.230295788783325045e-01
1.237171622454636827e-01
1.243973825048129145e-01
1.250915108566389433e-01
1.257602773927719297e-01
1.264421338982949783e-01
1.271305353885129330e-01
1.278009381708196668e-01
1.284672503376920738e-01
1.291671055511263155e-01
1.298432351950410957e-01
1.305152742235216601e-01
1.311930401136104651e-01
1.318781691114808696e-01
1.325551168784826761e-01
1.332361552609187538e-01
1.339155573971811397e-01
1.345957776565304131e-01
1.352661804388371747e-01
1.359390375904046544e-01
1.366380746807519253e-01
1.373002962321899778e-01
1.379666083990623571e-01
1.386124674887629638e-01
1.392804159018090904e-01
1.399606361611583916e-01
1.406416745435944693e-01
1.413186223105961647e-01
1.419783894927735823e-01
1.426455197827329047e-01
1.433470112423408105e-01
1.440174140246476553e-01
1.446959980378231259e-01
1.453541289738266573e-01
1.460269861253940260e-01
1.466908439230059091e-01
1.473686098130944644e-01
1.480398307184880857e-01
1.487085972546212387e-01
1.493642738213643018e-01
1.500150416495861228e-01
1.506919894165877627e-01
1.513754821682845308e-01
1.520458849505913201e-01
1.527220145945061003e-01
1.533711461765542017e-01
1.540300952356448150e-01
1.546972255256041096e-01
1.553807182773007112e-01
1.560486666903468100e-01
1.566822539337443254e-01
1.573600198238328252e-01
1.580991449454369202e-01
1.587810014509598300e-01
1.594325874022685940e-01
1.600931727075328714e-01
1.607815741977508539e-01
1.614487044877100930e-01
1.621215616392774894e-01
1.628165081141903503e-01
1.634828202810627851e-01
1.641270431245895611e-01
1.648350795688924286e-01
1.654825749047666716e-01
1.661603407948553934e-01
1.668233804693803057e-01
1.674986919902083371e-01
1.681314611105188539e-01
1.687994095235650083e-01
1.694649035673505000e-01
1.701222163802673104e-01
1.707787110700972055e-01
1.714327513906665212e-01
1.720957910651914335e-01
1.727506495088474703e-01
1.733924179831136114e-01
1.740570939038123544e-01
1.747324054246402747e-01
1.754101713147289965e-01
1.760560304044294921e-01
1.766994351248694917e-01
1.773649291686549001e-01
1.780868737054347450e-01
1.787310965489614656e-01
1.794006812081812563e-01
1.800309959592312214e-01
1.807079437262331389e-01
1.813317134925879481e-01
1.819996619056340748e-01
1.826733371802884420e-01
1.833396493471607380e-01
1.839830540676007098e-01
1.846313675265618959e-01
1.852984978165213847e-01
1.859566287525249162e-01
1.866335765195264451e-01
1.872867987170089565e-01
1.879621102378368491e-01
1.886349673894042456e-01
1.893307319874039663e-01
1.900927645554404410e-01
1.907525317376178586e-01
1.914294795046195818e-01
1.921203353640980882e-01
1.928013737465343602e-01
1.934611409287117778e-01
1.941209081108890289e-01
1.948469432631031173e-01
1.955598884459272546e-01
1.962409268283631381e-01
1.969285101954943162e-01
1.976398191321445119e-01
1.983012225604956769e-01
1.989912602968872679e-01
1.997156592029276090e-01
2.004204231548832316e-01
2.011652751380952620e-01
2.018765840747455964e-01
2.026222541810445144e-01
2.033572886872141994e-01
2.040538714083008076e-01
2.047774521912542889e-01
2.054723986661671220e-01
2.062008881876420396e-01
2.068941984163812087e-01
2.076087798453790101e-01
2.083217250282030086e-01
2.090093083953342146e-01
2.097590691170674870e-01
2.104801955307603611e-01
2.111882319750632564e-01
2.118717247267600523e-01
2.126263941870147889e-01
2.133483387237943008e-01
2.140547389219234764e-01
2.147218692118828265e-01
2.155133542110465039e-01
2.162606605635193635e-01
2.170325106085982669e-01
2.177585457608122721e-01
2.184943983900687892e-01
2.192367960040203789e-01
2.199497411868444885e-01
2.206847756930140070e-01
2.214075383528806285e-01
2.221932964904363983e-01
2.229258766273455872e-01
2.236470030410383225e-01
2.244360336709416148e-01
2.251817037772406438e-01
2.259232832681048186e-01
2.266918608208362274e-01
2.274645289890014355e-01
2.282126534645607385e-01
2.289517785861640009e-01
2.297252648774165684e-01
2.304897518147131230e-01
2.312583293674440599e-01
2.320408150126519187e-01
2.328175737962517866e-01
2.336147856570235104e-01
2.343710913634515780e-01
2.351691213473098840e-01
2.359606063464734227e-01
2.367537275918103479e-01
2.375313044984970479e-01
2.382867920818383944e-01
2.391191832353454227e-01
2.399499381426783429e-01
2.407635124651874015e-01
2.415590880797854612e-01
2.423922973563790995e-01
2.431862367248032730e-01
2.440120828936152286e-01
2.447340274303946017e-01
2.455017868600387343e-01
2.462368213662079752e-01
2.470577587964986610e-01
2.478566069034439656e-01
2.486759080875614036e-01
2.494853917946356914e-01
2.503038748556659088e-01
2.511297210244781142e-01
2.519768383935487299e-01
2.528272282549669514e-01
2.536637100239081954e-01
2.545247354854560107e-01
2.553857609470033818e-01
2.562476045316379181e-01
2.571037212546638528e-01
2.579205680695202951e-01
2.586727831605138417e-01
2.595428079760170315e-01
2.604005609452173520e-01
2.612926750840655066e-01
2.621708811304376274e-01
2.630229072380294575e-01
2.639264751000944265e-01
2.648161348696823070e-01
2.656902503006199345e-01
2.666019993935537791e-01
2.675039310094446954e-01
2.684246794563338590e-01
2.693077942412269721e-01
2.702179070879870970e-01
2.711419280272236443e-01
2.720332240429854664e-01
2.729490637513534712e-01
2.738452685056366187e-01
2.747128389518794234e-01
2.756409505065505194e-01
2.765510633533103113e-01
2.775642597090161035e-01
2.785357317872912963e-01
2.795186575887826930e-01
2.805195820981854493e-01
2.815524134079762653e-01
2.825508835481185255e-01
2.835689886423455319e-01
2.846484529680878284e-01
2.857287354169170124e-01
2.868212897120493987e-01
2.878982996685310325e-01
2.889033147933679491e-01
2.899868697345447943e-01
2.910802421527639572e-01
2.921744326940702852e-01
2.931851746805154701e-01
2.941615554973119329e-01
2.952213848689692610e-01
2.963245747642310746e-01
2.973631329356297703e-01
2.984785946771943976e-01
2.995776939570216624e-01
3.006997006832812236e-01
3.016826264847728978e-01
3.026974590866525205e-01
3.037597428275706224e-01
3.047385780136278588e-01
3.057910442775037541e-01
3.068459649106399234e-01
3.079442460673805781e-01
3.090351641163391339e-01
3.100025455791802775e-01
3.109903801191931105e-01
3.120690263218484639e-01
3.131313100627670654e-01
3.141183264796925112e-01
3.151102516351398930e-01
3.161218117446720210e-01
3.172110935474568016e-01
3.183126471965448401e-01
3.194092921071117752e-01
3.204691214787693254e-01
3.215494039275986760e-01
3.226026883145616253e-01
3.236167027933544160e-01
3.246421709953633550e-01
3.257469971367986661e-01
3.268534595244080299e-01
3.279042895421100390e-01
3.289624826675938141e-01
3.300722175475502285e-01
3.311181388267310233e-01
3.320863384126588880e-01
3.331388046765347832e-01
3.342215414946252405e-01
3.352920064664123290e-01
3.362822953756857136e-01
3.373134904393027544e-01
3.384215890730853937e-01
3.394789640754819482e-01
3.405756089860489388e-01
3.416215302652299002e-01
3.426379991132832425e-01
3.436479229766415955e-01
3.447118429637335280e-01
3.457561279967403256e-01
3.467955042912260755e-01
3.478275174779300039e-01
3.488898012188479947e-01
3.499929911141097527e-01
3.510094599621633171e-01
3.520987417649484308e-01
3.531700248598219072e-01
3.541668587537901702e-01
3.551489664321946793e-01
3.561400734645546740e-01
3.571753591436060415e-01
3.582589140847833309e-01
3.593694670878267439e-01
3.604325689518317333e-01
3.614907620773155639e-01
3.625424102181041830e-01
3.634934292192075755e-01
3.645148068057819102e-01
3.655402750077911267e-01
3.665853781638849229e-01
3.676124826120675815e-01
3.686314058293813090e-01
3.696241491079151897e-01
3.706537079253583999e-01
3.716489055731534430e-01
3.726580113134250194e-01
3.736213021608317253e-01
3.746238629164080347e-01
3.755945168715965621e-01
3.764890853797056014e-01
3.774654661965025637e-01
3.784459376287333532e-01
3.793511417369720418e-01
3.802898888917723985e-01
3.812278179234862563e-01
3.820724809232960428e-01
3.829981381087066428e-01
3.839278859095516805e-01
3.848805411568287371e-01
3.858151976961949892e-01
3.866786775270030785e-01
3.875405211116376702e-01
3.883892092770348525e-01
