1.164688934608209062e-02
9.581885239139793092e-03
8.396415336788897940e-03
7.535351226495755339e-03
6.837158814249098999e-03
6.255002358058041508e-03
5.761433347676899255e-03
5.328518275217834603e-03
4.938484093797938963e-03
4.587023401196201229e-03
4.269261661273551431e-03
3.977744428810368361e-03
3.711832935948408164e-03
3.468461533691597799e-03
3.245887005512177771e-03
3.042347722933284784e-03
2.856519406554707072e-03
2.685141368714636344e-03
2.526619633885276214e-03
2.380306072694885703e-03
2.244945297183637434e-03
2.119186887557807097e-03
2.003228890918797630e-03
1.895750134352050835e-03
1.795837634419967513e-03
1.703180102183102793e-03
1.616489048452029315e-03
1.535740910332337355e-03
1.460364469988339065e-03
1.390103499724267781e-03
1.324416358971054622e-03
1.263315179597625931e-03
1.206405566909224229e-03
1.153451916782944481e-03
1.104094684129195694e-03
1.058262124664516041e-03
1.015770687284673658e-03
9.762976259407390132e-04
9.398076848096475425e-04
9.059511365536144448e-04
8.743137984848200822e-04
8.445746480679159089e-04
8.167624614667294775e-04
7.907802282883321819e-04
7.664584622226572027e-04
7.437144597699109740e-04
7.225341652371986435e-04
7.028157160363376161e-04
6.845412299802443659e-04
6.676089670971167801e-04
6.518285013150053710e-04
6.372435411117612037e-04
6.235376515193966638e-04
6.108071896084890607e-04
5.988584151673058799e-04
5.874903624941178130e-04
5.768108448632449856e-04
5.666583335031067986e-04
5.569613820707439893e-04
5.477627860433633518e-04
5.389790246301702763e-04
5.305746505316406196e-04
5.225225048774108025e-04
5.148468834351978361e-04
5.074308817073715141e-04
5.003130564171806658e-04
4.934089931742682801e-04
4.865857765938578963e-04
4.800610412726044715e-04
4.737057319626408270e-04
4.675923651928548704e-04
4.616126541499405121e-04
4.557567954084065982e-04
4.500705078938823929e-04
4.446187510123252766e-04
4.392553794371941160e-04
4.340683678547164331e-04
4.289942117839448525e-04
4.239983038527813980e-04
4.191719839309135539e-04
4.144797513753223535e-04
4.098395145962564529e-04
4.052444357419609849e-04
4.008075444516539946e-04
3.964195994697838855e-04
3.921110976549137782e-04
3.878011779684197415e-04
3.836105714377071522e-04
3.794899098694060535e-04
3.754617208311076962e-04
3.714987035846347807e-04
3.676150870691523537e-04
3.637808278338951467e-04
3.599535980415746370e-04
3.562553257108623983e-04
3.526021268176322246e-04
3.489733819853360836e-04
3.453731269431917455e-04
3.418415993317104628e-04
3.383388930573115721e-04
3.349417998670729704e-04
3.315540564221940286e-04
3.282229635032271565e-04
3.249513709588685759e-04
3.217173453625613131e-04
3.184895001202722145e-04
3.153045215354407312e-04
3.121523869327519005e-04
3.090733046064683448e-04
3.060345095325235458e-04
3.030316846103582509e-04
3.000430486595084974e-04
2.971182819860029856e-04
2.942121826269332376e-04
2.913174605335281720e-04
2.884527460901146795e-04
2.856353173974317543e-04
2.828231144310227891e-04
2.800864810595053559e-04
2.773292446349431492e-04
2.746162636158351491e-04
2.719268147994930926e-04
2.692726109167783532e-04
2.666604263193490701e-04
2.640607771549203760e-04
2.614983485146609062e-04
2.589418839437329883e-04
2.564099724169461507e-04
2.539036184179673731e-04
2.514181341392074430e-04
2.489513016062171289e-04
2.465303101695165487e-04
2.441183006496692326e-04
2.417283611162804877e-04
2.393568614076791584e-04
2.370015751233169477e-04
2.346805888598804495e-04
2.323803673739404806e-04
2.300965183715303526e-04
2.278275952201162769e-04
2.256017642925644011e-04
2.234099154833910691e-04
2.212189912183917307e-04
2.190643480334912292e-04
2.169171390554463673e-04
2.147882271291579742e-04
2.126679412187537763e-04
2.105772869066396542e-04
2.085028336473094179e-04
2.064038659373221686e-04
2.043593741310775584e-04
2.023056764670212965e-04
2.003155149237980000e-04
1.983289515829698404e-04
1.963683782214744721e-04
1.944173501808936738e-04
1.924974107907037233e-04
1.905908925078338904e-04
1.887011081115181862e-04
1.868171020099266666e-04
1.849708108506027931e-04
1.831281970191266388e-04
1.813090851978052401e-04
1.794998891819508718e-04
1.777200508246107140e-04
1.759262686188747522e-04
1.741571905040771194e-04
1.724092353681272731e-04
1.706844704849207108e-04
1.689863311300726732e-04
1.672914647889013986e-04
1.656012032897265262e-04
1.639285971364054062e-04
1.622772221558367275e-04
1.606486996246125269e-04
1.590328451388551710e-04
1.574373856558493681e-04
1.558561056906594916e-04
1.542789322284907072e-04
1.527271306381990058e-04
1.511690539655291912e-04
1.496456556565047642e-04
1.481378509023523302e-04
1.466388626037128931e-04
1.451558098543818270e-04
1.437020539576298417e-04
1.422455567260454091e-04
1.408090478400853679e-04
1.393945848987204002e-04
1.379684234746679885e-04
1.365809356865823026e-04
1.351950002573118947e-04
1.338247786780884783e-04
1.324347060160061690e-04
1.310872953373866813e-04
1.297642549632290095e-04
1.284498769967087233e-04
1.271398915903405825e-04
1.258477383887888633e-04
1.245754955539662490e-04
1.233082371968568884e-04
1.220653563312635453e-04
1.208259464263429316e-04
1.195932624963743192e-04
1.183757918272943161e-04
1.171624318985791031e-04
1.159672511466256547e-04
1.147917903334820419e-04
1.136241489745705218e-04
1.124658679274947277e-04
1.113105048953870176e-04
1.100990710463410556e-04
1.089651406307508437e-04
1.078259364338279738e-04
1.067202421260736477e-04
1.056335754774246889e-04
1.045525990735033674e-04
1.034658014458077625e-04
1.024098043222796930e-04
1.013626422131817188e-04
1.003262339418843120e-04
9.929830177423682196e-05
9.828352352089248379e-05
9.728742084320196734e-05
9.629601955105612820e-05
9.531466528473253922e-05
9.434361659655705759e-05
9.338155326765027364e-05
9.243552921480730356e-05
9.149566609864389765e-05
9.054803113427766577e-05
8.962867501766913730e-05
8.864430324564804794e-05
8.773039174342257428e-05
8.682365573615648735e-05
8.593820520200194559e-05
8.506387528118406123e-05
8.418183679410557797e-05
8.331686516825165603e-05
8.243527581197631856e-05
8.159030114374346966e-05
8.074507211398116867e-05
7.992347814654910169e-05
7.902260879871653436e-05
7.815772500960812565e-05
7.735920450279097887e-05
7.655679732803609113e-05
7.577887888624018501e-05
7.500633351445440931e-05
7.424573694305924777e-05
7.348689995279931541e-05
7.274377372433838763e-05
7.201155536479966562e-05
7.128300295764479163e-05
7.056573782064835430e-05
6.986004419515629514e-05
6.916072289820097117e-05
6.846801380611632071e-05
6.777814423441044008e-05
6.710846389434464514e-05
6.644801301603936200e-05
6.578960359878232808e-05
6.510316222133146391e-05
6.445519060146483311e-05
6.382155129850875419e-05
6.319694754521249565e-05
6.258431768423168638e-05
6.196226524008389839e-05
6.136021051613969901e-05
6.077292042896352927e-05
6.019092782149408448e-05
5.961618124831066453e-05
5.905256102064145198e-05
5.849461879763150215e-05
5.792122235917338154e-05
5.731869143807328978e-05
5.678249060486892445e-05
5.625298043241310826e-05
5.572975858815596307e-05
5.521812980113178300e-05
5.466538076889549151e-05
5.415130010114848453e-05
5.365256564275066339e-05
5.316991882413966248e-05
5.269212596285301875e-05
5.222955304209520331e-05
5.177553985659492523e-05
5.127994155894069305e-05
5.083676339955265760e-05
5.040473971651179261e-05
4.997795078760508666e-05
4.954259625148773244e-05
4.913011771234133799e-05
4.873162794226925927e-05
4.834215657458808529e-05
4.796332979428570656e-05
4.752234441108509050e-05
4.715239305817465673e-05
4.679102147838969100e-05
4.638658959786430493e-05
4.603964135026425555e-05
4.569963214026618903e-05
4.537021381711683145e-05
4.504290683193567434e-05
4.472320313000163473e-05
4.438786681983934344e-05
4.406833506833152543e-05
4.355707485629981869e-05
4.322667785576361511e-05
4.291272193572911878e-05
4.263047075224827567e-05
4.235437132516943265e-05
4.208606390578818952e-05
4.182280095681308144e-05
4.156998680326373787e-05
4.131458874432251098e-05
4.093857634320285840e-05
4.069964975364204874e-05
4.044233932911670898e-05
4.021140319682178061e-05
3.998410355155460120e-05
3.977042962075798933e-05
3.955594394461630237e-05
3.934945815958939462e-05
3.914825964322075403e-05
3.891100103885866988e-05
3.871814694462141933e-05
3.853424305089631795e-05
3.833890533810513406e-05
3.816074495318960355e-05
3.799361000023875041e-05
3.783307629274321583e-05
3.767201835398614485e-05
3.747859464074167202e-05
3.729479413318298594e-05
3.715001170022934237e-05
3.700713202198285058e-05
3.687223787688620707e-05
3.671978890420727904e-05
3.659084864149760404e-05
3.646288202777749369e-05
3.633605950875329793e-05
3.619476454965664993e-05
3.604458888488331004e-05
3.593591155038370580e-05
3.581350589725509491e-05
3.571558715931223200e-05
3.559929965964797550e-05
3.550279173196888515e-05
3.541416138781123342e-05
3.532856499611752973e-05
3.524298457170582026e-05
3.516358773604942638e-05
3.506910197798183070e-05
3.489136041996470180e-05
3.481389077701824213e-05
3.470018180675997797e-05
3.463393692295268551e-05
3.456011053597596267e-05
3.449869166823665633e-05
3.443908774766202150e-05
3.438395198001830658e-05
3.433051447770505169e-05
3.428065365692806085e-05
3.421489824364100878e-05
3.416675058910777202e-05
3.412112117027771719e-05
3.407766358304623147e-05
3.403918285854996113e-05
3.399989157545137028e-05
3.395064107485281518e-05
3.388040990518522821e-05
3.384507227783698023e-05
3.381003393435424477e-05
3.378200163211583204e-05
3.375031039985897395e-05
3.372526270407526976e-05
3.369634331987651278e-05
3.366896977109510951e-05
3.364168734715641064e-05
3.360728935287164476e-05
3.358484433458851508e-05
3.356573502032681740e-05
3.354774805857099539e-05
3.353035407923877435e-05
3.351254835806058576e-05
3.349902054487856182e-05
3.348651432161772935e-05
3.347366050356637428e-05
3.344796168720651957e-05
3.343780210404592132e-05
3.342719250112680476e-05
3.341956700882745625e-05
3.340824501919801480e-05
3.338602096810842278e-05
3.337846705716704176e-05
3.337468645764752988e-05
3.336794613094577977e-05
3.336407884076028992e-05
3.336115150165045964e-05
3.336054208267960603e-05
3.335934457601212274e-05
3.335855486732287298e-05
3.334653117539356887e-05
3.334429109587671702e-05
3.334371155958738419e-05
3.334317797788480595e-05
3.333685640340994661e-05
3.332686440663116579e-05
3.332569872243874393e-05
3.332407108867012179e-05
3.332329083954724199e-05
3.332292884440913970e-05
3.332246792048846565e-05
3.332215699062207126e-05
3.331904733398638457e-05
3.331582652439555811e-05
3.331376498989462964e-05
3.331178101159948922e-05
3.331061149789155270e-05
3.331004465210013726e-05
3.330954765327245843e-05
3.330872916768289207e-05
3.330606900700216864e-05
3.330248006020397839e-05
3.329660788764779233e-05
3.329426736943054725e-05
3.329073023651637797e-05
3.328946686611518400e-05
3.328692029813536634e-05
3.328410454930995967e-05
3.328362970782991991e-05
3.328262068286483663e-05
3.328061797083184826e-05
3.327845245221172589e-05
3.327794621633390319e-05
3.327697503510854496e-05
3.327633097333579924e-05
3.327349626946247312e-05
3.326968563871659487e-05
3.326623963527557452e-05
3.326106517404557545e-05
3.325817676755165860e-05
3.325552340725925838e-05
3.325335060713291392e-05
3.325240454886097625e-05
3.325171560933822939e-05
3.325007924653831552e-05
3.324846302824103122e-05
3.324625816386046057e-05
3.324160098761702180e-05
3.323662648800943756e-05
3.323330562978814545e-05
3.323159481192196015e-05
3.323068222199845612e-05
3.323038674206786673e-05
3.322750351822310698e-05
3.322703989147552479e-05
3.322468969990090905e-05
3.322433443446788393e-05
3.322329084434465121e-05
3.322021921695087691e-05
3.321969948390551857e-05
3.321674099894550712e-05
3.321093833092078482e-05
3.320878722275872556e-05
3.320817275391039748e-05
3.320594918308055474e-05
3.320343056706599662e-05
3.319891239516196209e-05
3.319632811658271721e-05
3.319306215765348734e-05
3.318718747033833815e-05
3.318504999528073054e-05
3.318257585476499063e-05
3.317114339336284869e-05
3.315905222916599147e-05
3.314642207593248386e-05
3.313739899819841800e-05
3.311598594422224457e-05
3.308383988967229778e-05
3.307716665866275652e-05
3.306053548673362102e-05
3.305550453173628270e-05
3.301220392512917867e-05
3.300187084506451505e-05
3.297913743187576584e-05
3.297175827851978817e-05
3.296190454991112769e-05
3.295234824383155701e-05
3.294177936923158842e-05
3.290889178934780940e-05
3.289204306893365592e-05
3.282995424968192450e-05
3.284744764007904255e-05
3.292924422174718467e-05
3.296607447988133063e-05
3.305212225412187314e-05
3.316620758414065974e-05
3.348117211555820180e-05
3.520144270196620158e-05
