8.192345737053531307e-01
8.197067922719853961e-01
8.206532758802070893e-01
8.220781018814583563e-01
8.239873463842923851e-01
8.263890338312672723e-01
8.292930657501225156e-01
8.327111255927797107e-01
8.366565562313911242e-01
8.411442065911949317e-01
8.461902440878195097e-01
8.518119300105037039e-01
8.580273557461137734e-01
8.648551387505624133e-01
8.723140784080307686e-01
8.804227733242854237e-01
8.891992031167176291e-01
8.986602793195016536e-01
9.088213715409969584e-01
9.196958164142764458e-01
9.312944180957463125e-01
9.436249500247528843e-01
9.566916683050613601e-01
9.704948473702178502e-01
9.850303485314199081e-01
1.000289231582050631e+00
1.016257418870827101e+00
1.032915420197234369e+00
1.050238125584047610e+00
1.068194671507126658e+00
1.086748384580222160e+00
1.105856805068322846e+00
1.125471790995383525e+00
1.145539702068583576e+00
1.166001661195047445e+00
1.186793890037519450e+00
1.207848113848563942e+00
1.229092029733400260e+00
1.250449831507179255e+00
1.271842783418499101e+00
1.293189834194646171e+00
1.314408262119613813e+00
1.335414341188468468e+00
1.356124017809116067e+00
1.376453587077243634e+00
1.396320357376954702e+00
1.415643292012662258e+00
1.434343616815331401e+00
1.452345383243475618e+00
1.469575977460847671e+00
1.485966567244081826e+00
1.501452480354051877e+00
1.515973510162484494e+00
1.529474146793911471e+00
1.541903734722267050e+00
1.553216560521536227e+00
1.563371877158541867e+00
1.572333873669830906e+00
1.580071601120732971e+00
1.586558867255200012e+00
1.591774113089487130e+00
1.595700284800373847e+00
1.598324713576231737e+00
1.599639014656675018e+00
