1.429905072246752809e-05
4.618276665996869567e-04
8.747726069164085206e-04
1.293622077206873838e-03
1.727654624572679291e-03
2.164217684784377604e-03
2.630303394864791106e-03
3.078675515023974324e-03
3.540543703694571526e-03
3.981324285316081152e-03
4.428009396911336375e-03
4.892408098427818847e-03
5.344154235714852416e-03
5.793369860155991174e-03
6.263673091646216641e-03
6.712045211805395956e-03
7.174756904757953468e-03
7.638312101992479966e-03
8.096806273535227250e-03
8.564578992179572650e-03
9.034038719387842142e-03
9.484097848110951620e-03
9.939218002525843781e-03
1.040867772973410807e-02
1.084524078994581267e-02
1.131385701287211665e-02
1.177994272295252928e-02
1.222072330457404585e-02
1.268933952750035503e-02
1.314277267335131789e-02
1.359620581920228423e-02
1.404542144364343513e-02
1.450644612803206855e-02
1.495903576960107978e-02
1.545127011242234880e-02
1.590976428396509434e-02
1.638259802830121722e-02
1.686133630261107616e-02
1.733163953410131117e-02
1.781375182553902523e-02
1.828742907415710495e-02
1.877207187844071729e-02
1.924659263134076426e-02
1.970761731572939421e-02
2.019226012001299961e-02
2.067268540288678610e-02
2.114298863437702111e-02
2.162088340440491627e-02
2.211143073866227160e-02
2.258932550869017716e-02
2.307312480869182225e-02
2.354595855302794513e-02
2.401963580164602485e-02
2.451693117015909043e-02
2.497879935882968069e-02
2.546765968452310500e-02
2.596242454019027576e-02
2.644538033590996054e-02
2.691062254170840939e-02
2.736574269612329635e-02
2.785713353466262934e-02
2.836202044171335854e-02
2.882388863038392451e-02
2.929081784474634950e-02
2.977883466615777186e-02
3.025672943618570865e-02
3.072534565911197446e-02
3.121926701049720573e-02
3.168450921629563377e-02
3.215228193493995662e-02
3.265379482486287233e-02
3.312662856919895010e-02
3.360958436491869039e-02
3.406048699792373069e-02
3.453079022941400733e-02
3.505170371782204836e-02
3.554309455636134318e-02
3.604123342915642458e-02
3.650563213067288537e-02
3.700039698634007695e-02
3.747407423495816015e-02
3.796124755208762913e-02
3.842480274932218165e-02
3.893222016921880219e-02
3.938902733219759589e-02
3.988041817073695317e-02
4.034903439366322592e-02
4.082355514656327983e-02
4.127951880526017914e-02
4.177681417377320655e-02
4.226651800374861545e-02
4.278152696218293083e-02
4.327123079215828422e-02
4.374912556218621407e-02
4.419918469090933916e-02
4.470744561508786796e-02
4.514653918814546391e-02
4.565058259091427095e-02
4.619258368637135792e-02
4.666204341357960833e-02
4.712644211509613851e-02
4.765663415060578112e-02
4.817164310904002711e-02
4.863182428914672450e-02
4.912237162340408331e-02
4.961038844481552301e-02
5.010768381332859900e-02
5.057292601912704438e-02
5.105082078915492566e-02
5.151690649923539034e-02
5.197793118362401682e-02
5.248534860352060266e-02
5.297083491208619960e-02
5.347487831485496501e-02
5.395699060629265825e-02
5.448802614608425771e-02
5.495073783903681869e-02
5.543538064332042409e-02
5.593689353324332592e-02
5.640972727757939675e-02
5.694244982593498622e-02
5.740347451032361964e-02
5.790245688740056074e-02
5.837276011889080962e-02
5.889198659873495084e-02
5.937831641158246992e-02
5.991188246421993296e-02
6.036784612291684615e-02
6.087695055137738037e-02
6.138942899696574196e-02
6.187407180124945838e-02
6.232497443425442929e-02
6.280118219571838301e-02
6.333812226548382607e-02
6.385060071107220847e-02
6.436645317378845987e-02
6.483928691812458622e-02
6.532055570528037813e-02
6.577989338110505624e-02
6.624682259546736673e-02
6.677111010100338084e-02
6.730383264935886622e-02
6.780956306069149675e-02
6.827058774508022732e-02
6.875438704508188281e-02
6.923818634508345504e-02
6.973295120075062581e-02
7.018385383375576325e-02
7.063306945819683436e-02
7.114892192091308576e-02
7.160910310101982479e-02
7.215532171788673066e-02
7.263237298363267591e-02
7.312123330932614185e-02
7.358900602797051327e-02
7.405003071235906342e-02
7.455323061084591363e-02
7.504883897079511756e-02
7.552335972369508821e-02
7.597510586098216168e-02
7.645890516098390044e-02
7.691065129827093227e-02
7.742987777811501104e-02
7.787487588114636039e-02
7.835614466830223557e-02
7.881463883984490826e-02
7.930096865269242734e-02
7.980838607258913808e-02
8.026181921844012523e-02
8.073549646705811822e-02
8.123869636554488516e-02
8.169466002424181916e-02
8.217930282852545232e-02
8.266478913709104925e-02
8.312243980435177204e-02
8.359949107009781444e-02
8.402508857464396907e-02
8.450382684895384189e-02
8.494460743057533070e-02
8.539804057642631785e-02
8.586159577366081486e-02
8.635045609935425304e-02
8.680557625376915387e-02
8.725310486964647783e-02
8.777064434092650413e-02
8.817515423842366140e-02
8.861424781148122265e-02
8.908792506009945156e-02
8.948821743618670665e-02
8.993490254778202520e-02
9.038496167650507396e-02
9.087719601932642277e-02
9.134159472084282805e-02
9.181442846517900991e-02
9.225689605536452342e-02
9.269683313270410396e-02
9.314942277427308570e-02
9.361803899719935151e-02
9.405038453600131354e-02
9.447851255339337340e-02
9.493700672493617099e-02
9.541490149496406614e-02
9.586158660655939856e-02
9.631333274384634713e-02
9.679797554812995253e-02
9.726406125821038251e-02
9.772255542975322173e-02
9.815405746427306732e-02
9.862604770432727153e-02
9.906514127738487441e-02
9.953460100459321502e-02
1.000209308174407341e-01
1.004971385789046601e-01
1.009480412119097281e-01
1.013761692293018296e-01
1.018346634008446272e-01
1.023117146665905031e-01
1.027685218295693453e-01
1.032599126681086332e-01
1.037361204295726841e-01
1.042258242595480167e-01
1.046817879182449090e-01
1.051588391839908126e-01
1.056654130996054902e-01
1.061348728268137476e-01
1.065967410154843309e-01
1.071201850167382980e-01
1.075736181625893267e-01
1.080236772913124865e-01
1.085420602668745321e-01
1.090224855497483880e-01
1.095315899782089569e-01
1.099867101326238439e-01
1.104502653298584103e-01
1.109205685613485620e-01
1.113976198270944934e-01
1.118738275885584749e-01
1.123660619313797543e-01
1.128296171286142791e-01
1.133505306170224103e-01
1.138680700883022978e-01
1.143940446024021562e-01
1.148204856112302885e-01
1.152806667913369582e-01
1.158032672883090308e-01
1.163005626568218848e-01
1.168417202479969524e-01
1.173103364709233154e-01
1.177873877366693439e-01
1.182475689167759858e-01
1.187229331739579757e-01
1.192185415339070409e-01
1.196998103210627634e-01
1.201549304754778724e-01
1.206944010580888460e-01
1.211360251439923819e-01
1.216392250424791904e-01
1.221078412654055395e-01
1.226279112495316237e-01
1.230754398654086701e-01
1.235668307039478886e-01
1.240615955596150177e-01
1.246095011850459622e-01
1.251101705706870182e-01
1.255686647422297186e-01
1.260322199394641740e-01
1.265463853936164562e-01
1.270563333263589612e-01
1.275156710021838058e-01
1.279960962850574258e-01
1.285119487477735800e-01
1.289797214664178682e-01
1.294702688006752755e-01
1.299802167334178638e-01
1.304783556062127647e-01
1.309722769575979995e-01
1.314619807875733737e-01
1.319272229933718399e-01
1.324388579346782724e-01
1.328906040719652903e-01
1.334410402102421123e-01
1.339054389117585731e-01
1.343495935105080419e-01
1.348856900759914657e-01
1.353990120258616592e-01
1.358836548301453617e-01
1.363876982329140786e-01
1.368833065928632964e-01
1.374210901669105644e-01
1.379141680140137383e-01
1.383616966298910067e-01
1.388530874684303917e-01
1.393217036913568796e-01
1.398198425641518916e-01
1.402505010943899122e-01
1.408329903953809970e-01
1.413741479865563144e-01
1.417879364311548651e-01
1.423400595779955868e-01
1.428027712709481478e-01
1.433025971523070596e-01
1.438091710679215707e-01
1.441419831014517927e-01
1.445464929989489777e-01
1.450210137518489484e-01
1.454651683505983617e-01
1.459978908989538748e-01
1.464766291732636228e-01
1.468836695836064632e-01
1.473354157208933146e-01
1.478343980979703320e-01
1.482903617566672105e-01
1.487682565266950641e-01
1.492655518952081817e-01
1.496827143569345875e-01
1.502297764780833877e-01
1.507017667181376197e-01
1.511627914025261421e-01
1.516803308738064737e-01
1.521742522251917085e-01
1.526378074224263304e-01
1.531570339022703120e-01
1.537268706390320372e-01
1.542030784004959632e-01
1.547703846244120329e-01
1.553090117027413619e-01
1.558670393795557330e-01
1.564394066291633634e-01
1.569535720833158399e-01
1.574770160845695433e-01
1.580586618812789557e-01
1.586259681051948867e-01
1.591519426192948283e-01
1.596931002104698405e-01
1.602840245542807573e-01
1.608251821454558805e-01
1.613739312751687471e-01
1.619260544220092468e-01
1.624562464575189935e-01
1.630488578098938934e-01
1.635976069396065935e-01
1.641893747876995435e-01
1.647651160544353066e-01
1.652961515942268089e-01
1.658583967924509572e-01
1.664577561790815952e-01
1.670503675314563563e-01
1.676412918752675230e-01
1.682777654503045395e-01
1.688374801356829491e-01
1.694047863595988246e-01
1.700117372847670671e-01
1.706203752184991262e-01
1.712307001607954737e-01
1.718460861287832708e-01
1.724167663698272512e-01
1.730456484063263023e-01
1.736382597587011467e-01
1.742350886324857406e-01
1.748243259677325911e-01
1.754042847558781870e-01
1.760002701253808866e-01
1.765625153236051181e-01
1.771711532573375381e-01
1.777679821311221597e-01
1.783589064749332986e-01
1.789768229557670842e-01
1.795871478980630154e-01
1.802278389945098369e-01
1.808137023126291099e-01
1.814206532377974912e-01
1.820225431372738678e-01
1.826387726095439201e-01
1.833005513130396280e-01
1.839117197596176201e-01
1.844739649578418239e-01
1.850809158830101775e-01
1.857148589452014831e-01
1.863412104688549897e-01
1.869684054967905851e-01
1.876082530889553179e-01
1.882565357239397441e-01
1.888955398118228324e-01
1.895176738140663397e-01
1.901431818334377855e-01
1.907939949812682001e-01
1.914287815477413168e-01
1.920644116184963002e-01
1.927506519461688606e-01
1.934250832138941778e-01
1.940691483274688545e-01
1.947477971166040878e-01
1.954458465042244741e-01
1.960932856349269227e-01
1.967601253641144965e-01
1.974286521018661089e-01
1.981165794381029299e-01
1.988120983128773833e-01
1.994789380420651237e-01
2.001567433269181573e-01
2.008269570732338360e-01
2.015081363752148913e-01
2.021648540530191218e-01
2.028266327565149962e-01
2.035364912040828755e-01
2.042294795660113682e-01
2.049393380135792198e-01
2.056449789397371553e-01
2.063236277288724163e-01
2.070309556635943071e-01
2.077475621454177857e-01
2.084734471743427131e-01
2.091807751090646594e-01
2.098889465480686112e-01
2.106106140555839557e-01
2.113238465202797456e-01
2.120876892418931126e-01
2.128481579463786244e-01
2.135757299838676182e-01
2.142999280042288957e-01
2.150679882472523174e-01
2.158233959260459356e-01
2.165577159977906951e-01
2.173198717108403288e-01
2.181090195609128035e-01
2.188576792054509335e-01
2.196139303885268901e-01
2.204233223413661902e-01
2.212158442085664922e-01
2.219906524858454855e-01
2.227418426432295762e-01
2.234677276721547812e-01
2.242087957781551955e-01
2.249996306367914034e-01
2.257752824183521800e-01
2.265349076185555754e-01
2.273265859814744272e-01
2.281140468229827245e-01
2.288576454418289607e-01
2.295784694450620778e-01
2.303473731923675882e-01
2.310757887341389760e-01
2.318354139343422604e-01
2.326051611859293600e-01
2.334010570702575171e-01
2.341505602190778468e-01
2.348823497779767289e-01
2.355609985671119622e-01
2.363062841945219872e-01
2.370473523005231509e-01
2.378111950221361015e-01
2.384999658626547336e-01
2.392477820029107471e-01
2.400107812202425528e-01
2.407518493262434389e-01
2.415367796549059420e-01
2.422744737437785845e-01
2.429927672341658518e-01
2.437321483316024218e-01
2.444048925907638115e-01
2.451155945426136129e-01
2.458068958959780392e-01
2.465715821218737169e-01
2.473185547578482246e-01
2.480292567096977485e-01
2.487416456701114498e-01
2.494827137761119473e-01
2.502322169249319717e-01
2.509623194752672037e-01
2.516434987772482867e-01
2.523255215835110143e-01
2.530067008854923749e-01
2.536777581360900036e-01
2.543243537625105022e-01
2.550181856287209725e-01
2.556909298878819459e-01
2.563670481641716070e-01
2.570549755004085668e-01
2.577125366824947195e-01
2.583751588902725715e-01
2.590031974224897282e-01
2.596472625360645714e-01
2.602913276496391926e-01
2.608805649848862651e-01
2.614765503543888814e-01
2.620641006810720541e-01
2.626828606661880117e-01
2.632813765485368385e-01
2.638377172167872819e-01
2.644733472875422930e-01
2.650802982127105634e-01
2.656821881121868012e-01
2.662351547633096671e-01
2.667830603887408336e-01
2.673410880655551214e-01
2.679210468537003842e-01
2.685018491461278467e-01
2.690818079342733871e-01
2.696702017652379268e-01
2.702923357674820171e-01
2.707997937094496210e-01
