1.629120211432412146e-01
1.485067775296512738e-01
1.417200326522358722e-01
1.364840117772712080e-01
1.319146302429385909e-01
1.277361667524042343e-01
1.238610246958568445e-01
1.202286985850978540e-01
1.167956469174312867e-01
1.134377830184446351e-01
1.103190470965301345e-01
1.073588927377745889e-01
1.045260008901341964e-01
1.018236743894830459e-01
9.923336776875085752e-02
9.675982653459792859e-02
9.439472572790738591e-02
9.212239748781057835e-02
8.995290065274011426e-02
8.787326815604881713e-02
8.587281350067166308e-02
8.395152616589172945e-02
8.209028175580776465e-02
8.015556370689985721e-02
7.827911115860762548e-02
7.660644624640566835e-02
7.499495874531465767e-02
7.343899719814842020e-02
7.192107833531900807e-02
7.044554503592079242e-02
6.901103126510436947e-02
6.761626008920225417e-02
6.626662684768386269e-02
6.495349559939664341e-02
6.367255122284203039e-02
6.242778174240231487e-02
6.121939109256312878e-02
6.004245751312013712e-02
5.889221449555102211e-02
5.776995767100472773e-02
5.667668451844650596e-02
5.560478896335922100e-02
5.455977888263221359e-02
5.354220491142012289e-02
5.255152749956540359e-02
5.158360239054621266e-02
5.063410255101518515e-02
4.971345747608693633e-02
4.881616262293302783e-02
4.794169780914461082e-02
4.707147762451940887e-02
4.623750604256213897e-02
4.542530702660856068e-02
4.463175676760505056e-02
4.384500403982008465e-02
4.308273385609181355e-02
4.234149859990419401e-02
4.161612748052673227e-02
4.091234226872308283e-02
4.022566221260642783e-02
3.955534084381206322e-02
3.890185810140919104e-02
3.826629228696240559e-02
3.764883612074419739e-02
3.704793928541467996e-02
3.645896469361446096e-02
3.587512593786777032e-02
3.531408170249960427e-02
3.476657280572604397e-02
3.423375293692969279e-02
3.371372428828380702e-02
3.320770385831077476e-02
3.271398194130480802e-02
3.223154705911130541e-02
3.176104384791587909e-02
3.129619146096150606e-02
3.084540275116080463e-02
3.040549883721719096e-02
2.997747346590142956e-02
2.955663697987553212e-02
2.914770457099331857e-02
2.874846361562117744e-02
2.835900029129351241e-02
2.797852623816626458e-02
2.760577464456108118e-02
2.723819354199265297e-02
2.688226321552043829e-02
2.653627494299815731e-02
2.620080840950788845e-02
2.587348513176191897e-02
2.555407310997492507e-02
2.524107464591771738e-02
2.493493056170713318e-02
2.463554404618446131e-02
2.434376987959884636e-02
2.405772603502266682e-02
2.377855890350806523e-02
2.350559564840513233e-02
2.323423219859158464e-02
2.297215939891869563e-02
2.270864492381265490e-02
2.241150013215701883e-02
2.216359599175777781e-02
2.192227762504950911e-02
2.168559818939796990e-02
2.145468423915238010e-02
2.122883763815596597e-02
2.100832731690333716e-02
2.079298475717277633e-02
2.058227646449070983e-02
2.037571517264144538e-02
2.017426737272842718e-02
1.997854980277205192e-02
1.978612146287070037e-02
1.959889846231735802e-02
1.941468340429909623e-02
1.923458009856326631e-02
1.905956926783306665e-02
1.888725803345742832e-02
1.872025788052254780e-02
1.855617492882565694e-02
1.839604388553749137e-02
1.823955128845592896e-02
1.808735236397601004e-02
1.793832376414091975e-02
1.779304818491628595e-02
1.765052657047620072e-02
1.751184048762198867e-02
1.737615972939833900e-02
1.724361755466465029e-02
1.711375148171341912e-02
1.698748679645134541e-02
1.686359005396871960e-02
1.674246446219375753e-02
1.662420797803801711e-02
1.650866168044939214e-02
1.639591307941720699e-02
1.628489272290708362e-02
1.617692123331521820e-02
1.607230571378604617e-02
1.596996670634476603e-02
1.586966661791495981e-02
1.577131211694517490e-02
1.567528885149362464e-02
1.558200292930457531e-02
1.549034805352554091e-02
1.540129592229231605e-02
1.531475294316501923e-02
1.523025015911173320e-02
1.514778331985479516e-02
1.506776125330178302e-02
1.498910637245721295e-02
1.491243501199689646e-02
1.483777281703248241e-02
1.476510543620658880e-02
1.469476911939132137e-02
1.462434951745915888e-02
1.455760448777723530e-02
1.449073732483670447e-02
1.442591507157234276e-02
1.436353494645569058e-02
1.430305287971847354e-02
1.424242032329867992e-02
1.418502924185676903e-02
1.412935470791914019e-02
1.407483852992586805e-02
1.401954735182102396e-02
1.396505172436168611e-02
1.391120207278359958e-02
1.386153975850671835e-02
1.381292810000045099e-02
1.376577411075204961e-02
1.371999438910110301e-02
1.367527822731688138e-02
1.363175064813272434e-02
1.358926486834070337e-02
1.354759750368854550e-02
1.350686711075091764e-02
1.346754799079448103e-02
1.342919354182955764e-02
1.339191192426231365e-02
1.335462983668376201e-02
1.331867891631877826e-02
1.328377800869152622e-02
1.324964216391149446e-02
1.321623954386486229e-02
1.318380933240013812e-02
1.315189724953914896e-02
1.312110552194373919e-02
1.309106729891959531e-02
1.306180316848517577e-02
1.303191699947977775e-02
1.300370170363807261e-02
1.297615527005377065e-02
1.294931627357303293e-02
1.292320544566760709e-02
1.289781567926439991e-02
1.287296903737809861e-02
1.284876696916270773e-02
1.282530785892561399e-02
1.280235871238846398e-02
1.277992399929518512e-02
1.275818256890100776e-02
1.273692245376057720e-02
1.271529454446403140e-02
1.269326846947811151e-02
1.267335077687414650e-02
1.265384463505203790e-02
1.263476689215394140e-02
1.261623372092490585e-02
1.259697139263128707e-02
1.257920868346907271e-02
1.256177548439462756e-02
1.254475101265853029e-02
1.252819360585312632e-02
1.251202833789888738e-02
1.249614556285550890e-02
1.248063149538290034e-02
1.246534357074716159e-02
1.245031186210869209e-02
1.243551093919166919e-02
1.242099642794874080e-02
1.240604885301574423e-02
1.239202559621254383e-02
1.237821233652824926e-02
1.236475086717752324e-02
1.235012952061185706e-02
1.233701022748019509e-02
1.232416130937192926e-02
1.231150569412621000e-02
1.229915964751447828e-02
1.228687783187838549e-02
1.227483525697569897e-02
1.226293281414761287e-02
1.225119704124223545e-02
1.223971110270604193e-02
1.222841849109643914e-02
1.221715305311488024e-02
1.220610933867618229e-02
1.219513868885797013e-02
1.218422387155978191e-02
1.217284293437651335e-02
1.216224941330455375e-02
1.215183732844344819e-02
1.214103932138901019e-02
1.213080147703133292e-02
1.212058825452583255e-02
1.211033476928247317e-02
1.210041222059984531e-02
1.209061981701140855e-02
1.208087671237042214e-02
1.207102330253829840e-02
1.206149311283684009e-02
1.205211123454713942e-02
1.204267954826536771e-02
1.203341664599634660e-02
1.202412107049930998e-02
1.201513820442957382e-02
1.200620397130870189e-02
1.199743821047092977e-02
1.198874645911647205e-02
1.198011091271654165e-02
1.197114378919710703e-02
1.196248672874037841e-02
1.195411638461363855e-02
1.194587119159868510e-02
1.193765831232463520e-02
1.192956363391226363e-02
1.192163657863677152e-02
1.191365812047129671e-02
1.190585917024157385e-02
1.189823487761159510e-02
1.189067580914881898e-02
1.188320957127722566e-02
1.187579413421890016e-02
1.186852539435248426e-02
1.186129878837344394e-02
1.185420833915084779e-02
1.184718155422008479e-02
1.184028875009187493e-02
1.183346007084269680e-02
1.182669214542213069e-02
1.182008413805559627e-02
1.181341819775786131e-02
1.180693283124059981e-02
1.180055649188221402e-02
1.179423534793914291e-02
1.178803906893871947e-02
1.178113354971602883e-02
1.177496460665473227e-02
1.176899755171744409e-02
1.176312185851083499e-02
1.175737763866532837e-02
1.175166505469438932e-02
1.174609697847581527e-02
1.173897731332475096e-02
1.173346643094650213e-02
1.172815088703717604e-02
1.172269420653290241e-02
1.171751981616846357e-02
1.171240445911464825e-02
1.170739041330069209e-02
1.170224809286299870e-02
1.169735585711550313e-02
1.169251214182051753e-02
1.168782561204857740e-02
1.168312869865074759e-02
1.167857805213297524e-02
1.167412956343865174e-02
1.166963683401540941e-02
1.166522542973651329e-02
1.166100160149098446e-02
1.165689290238809163e-02
1.165288354933821137e-02
1.164899225627584814e-02
1.164439410878344121e-02
1.164062362183615473e-02
1.163689872856094217e-02
1.163291833672126102e-02
1.162937442115852434e-02
1.162590551008131981e-02
1.162251254980020514e-02
1.161909914743085130e-02
1.161517632561056938e-02
1.161185662155199937e-02
1.160869265361220461e-02
1.160560933548192980e-02
1.160248890962715940e-02
1.159961861928113930e-02
1.159686327657136022e-02
1.159416058382028991e-02
1.159157767977363369e-02
1.158911361708576254e-02
1.158673729697968884e-02
1.158435557908812398e-02
1.158208024599416408e-02
1.157990986326784717e-02
1.157786001403255868e-02
1.157584745161876517e-02
1.157381081937221452e-02
1.157195728314392574e-02
1.157011852658736129e-02
1.156836913371687113e-02
1.156661293708359864e-02
1.156501558723976170e-02
1.156345211157460036e-02
1.156190848275870896e-02
1.156033051834327689e-02
1.155872174897517105e-02
1.155731952771330354e-02
1.155602451543578241e-02
1.155472208628704166e-02
1.155346952018069390e-02
1.155215864559796558e-02
1.155102672541302895e-02
1.154983076071985741e-02
1.154876787662027261e-02
1.154778776907264444e-02
1.154684620625136271e-02
1.154595319512793927e-02
1.154506967137536311e-02
1.154424304351252956e-02
1.154346330297203321e-02
1.154272230863582181e-02
1.154202175104330347e-02
1.154134026977992125e-02
1.154070530717364769e-02
1.154008120809775322e-02
1.153945547845547197e-02
1.153890252206016785e-02
1.153837175936636705e-02
1.153778852649356770e-02
1.153723982638727580e-02
1.153674344906752136e-02
1.153628582482731611e-02
1.153514591583497395e-02
1.153465340929903105e-02
1.153421108539072308e-02
1.153380882872282603e-02
1.153343471301413944e-02
1.153290101805585881e-02
1.153253661710060621e-02
1.153217704064777097e-02
1.153184644306726701e-02
1.153155359033056042e-02
1.153123583195403423e-02
1.153096477799972833e-02
1.153072370916953526e-02
1.153048289455549727e-02
1.153026127894213326e-02
1.153001626893048435e-02
1.152976180650816702e-02
1.152955804400830273e-02
1.152937162637070190e-02
1.152918733608896198e-02
1.152902015604814930e-02
1.152861189920522701e-02
1.152844775473272319e-02
1.152830166541950196e-02
1.152815442955401268e-02
1.152802212597236337e-02
1.152789788688885105e-02
1.152743562754729792e-02
1.152732294126936757e-02
1.152722174191526429e-02
1.152712246415654729e-02
1.152701294639532116e-02
1.152692366965338625e-02
1.152683404305301570e-02
1.152674468218800596e-02
1.152666829267961178e-02
1.152659399521808320e-02
1.152651823070643088e-02
1.152645906719365967e-02
1.152635098863644819e-02
1.152630111478565415e-02
1.152624779184638348e-02
1.152619898960683190e-02
1.152615667931298875e-02
1.152609892846383384e-02
1.152607163725469404e-02
1.152603648561412696e-02
1.152599738543031403e-02
1.152597022473934515e-02
1.152595651255206022e-02
1.152590010404622861e-02
1.152587419355835703e-02
1.152586200286034868e-02
1.152584951619491961e-02
1.152583712686391405e-02
1.152581987356975611e-02
1.152578932273399734e-02
1.152578723452678949e-02
1.152578319516413957e-02
1.152576977361322204e-02
1.152575415025636728e-02
1.152575196899049796e-02
1.152574585053442631e-02
1.152573419176697485e-02
1.152571946916736145e-02
1.152570869023219861e-02
1.152570363664409507e-02
1.152570097264697668e-02
1.152567312186997435e-02
1.152566751580825360e-02
1.152564952733161653e-02
1.152562766663135264e-02
1.152549634784075933e-02
1.152547951396676665e-02
1.152547176816288294e-02
1.152546661590150498e-02
1.152546249382368874e-02
1.152546203435083662e-02
1.152543859941282563e-02
1.152542505861705972e-02
1.152541016095962392e-02
1.152533911779205465e-02
1.152530424478618448e-02
1.152529058623839343e-02
1.152527792436487848e-02
1.152526150789118242e-02
1.152522030714563800e-02
1.152518055478246942e-02
1.152516134945734232e-02
1.152503057472269166e-02
1.152498536768898317e-02
1.152497824588694444e-02
1.152496147360797078e-02
1.152483141283574229e-02
1.152472189752739261e-02
1.152408550900287272e-02
1.152396882737389237e-02
1.152390422846283867e-02
1.152415091277671048e-02
1.152445517751137828e-02
1.152584160983784189e-02
1.152982416425005902e-02
1.153662796880360053e-02
1.154687625047594313e-02
1.156150368857115397e-02
1.158670265375430844e-02
1.163381421313758844e-02
1.168040777508523066e-02
1.174699010107073567e-02
1.187925403925036913e-02
1.206489134655334451e-02
1.230061122793667944e-02
1.261127909453102838e-02
1.279667362507492037e-02
1.318714419973862281e-02
1.358450436862560472e-02
1.415050569580142241e-02
1.492843224690149247e-02
1.565959598268458139e-02
1.672112423851762619e-02
1.819859947432370118e-02
1.986752617684680450e-02
2.182730172535491883e-02
2.387178701057299235e-02
2.670244514081856688e-02
3.038838539541918043e-02
