1.368662979529380454e-05
6.227159764067731734e-04
1.284236242477697441e-03
1.954778385330712114e-03
2.629421381266495213e-03
3.343432566796861963e-03
4.067285799725873542e-03
4.806722274369405051e-03
5.539597384080507253e-03
6.257709422693641561e-03
6.987303849938530410e-03
7.731661348281381949e-03
8.471917993541466796e-03
9.233499074831954048e-03
9.972935549475491629e-03
1.073287628953287567e-02
1.147313293479296399e-02
1.222323162745169410e-02
1.295610673716279804e-02
1.365945570467796272e-02
1.438740979068974836e-02
1.509732012313735536e-02
1.582691455038224421e-02
1.654338624776227271e-02
1.727544118685683111e-02
1.798945237238721087e-02
1.872150731148175887e-02
1.943305798516247948e-02
2.015609104747494162e-02
2.089962837520122768e-02
2.165300775032617114e-02
2.239244422496970352e-02
2.314090257639533216e-02
2.387459785672298510e-02
2.461157381951686179e-02
2.535511114724317214e-02
2.606994250339008876e-02
2.684628665577855344e-02
2.759310466597107020e-02
2.834566387047946293e-02
2.912610887595067088e-02
2.987210671552663344e-02
3.063204745558402442e-02
3.139608904872418643e-02
3.215520961816501627e-02
3.292499240562103691e-02
3.370215672862605927e-02
3.445799661560067922e-02
3.519825326086076928e-02
3.599674201989619404e-02
3.677144583105149828e-02
3.754778998343995949e-02
3.830691055288075464e-02
3.909801777636713604e-02
3.988912499985355214e-02
4.064250437497851642e-02
4.144181330463048152e-02
4.220585489777055332e-02
4.300270331557284192e-02
4.376920542056269431e-02
4.455539162034972273e-02
4.532927526088851439e-02
4.610972026635973969e-02
4.688032322443223820e-02
4.765256652373798391e-02
4.843793255290847199e-02
4.921591704653003468e-02
4.996929642165493651e-02
5.073989937972751829e-02
5.154576967431191703e-02
5.231555246176795154e-02
5.306565115442665737e-02
5.384609615989785492e-02
5.462162014166978968e-02
5.538894241727609913e-02
5.617594878767979277e-02
5.695557362253451245e-02
5.774257999293814364e-02
5.853860824012380171e-02
5.930347000388057344e-02
6.005930989085516564e-02
6.083401370201043518e-02
6.161117802501544366e-02
6.240556593096816679e-02
6.317288820657450399e-02
6.394267099403040666e-02
6.473213787628361027e-02
6.551012236990513826e-02
6.626596225687972352e-02
6.706035016283234951e-02
6.781372953795737624e-02
6.860893761452672990e-02
6.939184313184754149e-02
7.015752506622076334e-02
7.095437348402329480e-02
7.170611251791497720e-02
7.249639957078503338e-02
7.326208150515821360e-02
7.402612309829845194e-02
7.482051100425095302e-02
7.558619293862445243e-02
7.636253709101274711e-02
7.713231987846883020e-02
7.793080863750420639e-02
7.869074937756159738e-02
7.947037421241640032e-02
8.025409990035367591e-02
8.100665910486219701e-02
8.178874445156650297e-02
8.257000962765428942e-02
8.333323105017802213e-02
8.408989110776900200e-02
8.486295457769124639e-02
8.563273736514744050e-02
8.640662100568617665e-02
8.719690805855595528e-02
8.795028743368100976e-02
8.871678953867090378e-02
8.947508993749499207e-02
9.024733323680071695e-02
9.102121687733971678e-02
9.180576273589366454e-02
9.258128671766545359e-02
9.334778882265525046e-02
9.411675143949491118e-02
9.488325354448466642e-02
9.565877752625649710e-02
9.643348133741186379e-02
9.720490446610116630e-02
9.796566537677509068e-02
9.870510185141843917e-02
9.951097214600282403e-02
1.002709128860602983e-01
1.010275729436516112e-01
1.018071977785062060e-01
1.025548359593151659e-01
1.033254389173877685e-01
1.041009628991596686e-01
1.048518817624350952e-01
1.056224847205076561e-01
1.063775044368655692e-01
1.071497477361712386e-01
1.079129691586948325e-01
1.086819317755344100e-01
1.094459733686747455e-01
1.102206771798299179e-01
1.110003020146844432e-01
1.117741856552232071e-01
1.125169028123329390e-01
1.132686418462246353e-01
1.140449859986135128e-01
1.148041065680544121e-01
1.155648674787281421e-01
1.163231678775527300e-01
1.170494816223311557e-01
1.178446896989005649e-01
1.186046304389581085e-01
1.193703123733314830e-01
1.201302531133892071e-01
1.208860930003635703e-01
1.216411127167218165e-01
1.224010534567791381e-01
1.231642748793029263e-01
1.239332374961424066e-01
1.246857967006510942e-01
1.254473777819418157e-01
1.262015773276833064e-01
1.269746407976056757e-01
1.277255596608808941e-01
1.284813995478555071e-01
1.292470814822289926e-01
1.299922591511884773e-01
1.307636822798776965e-01
1.315351054085670823e-01
1.322934058073915176e-01
1.330476053531329250e-01
1.338108267756565051e-01
1.345601052976984069e-01
1.353192258671394588e-01
1.360824472896629833e-01
1.367669323329974151e-01
1.374940662483926934e-01
1.382613885239993845e-01
1.390270704583725647e-01
1.398140768287761959e-01
1.405592544977357639e-01
1.413077128491611878e-01
1.420799561484666906e-01
1.428398968885243037e-01
1.436063989935142116e-01
1.443794624634362755e-01
1.451443242271930056e-01
1.459034447966342241e-01
1.466658460485413262e-01
1.474282473004480953e-01
1.481996704291369538e-01
1.489735540696759675e-01
1.497425166865156698e-01
1.504860540142419212e-01
1.512656788490963633e-01
1.520174178829883094e-01
1.527634157225645217e-01
1.535356590218704687e-01
1.542554114017165579e-01
1.550292950422550164e-01
1.558064593652598029e-01
1.565278520863393474e-01
1.573115777742770116e-01
1.580715185143345969e-01
1.587986524297297364e-01
1.595503914636214882e-01
1.603218145923105409e-01
1.610030189531789502e-01
1.617506571339883403e-01
1.624203791062250879e-01
1.631155263675750922e-01
1.638065727758420964e-01
1.644853166248607113e-01
1.651173107487356184e-01
1.657575065787761370e-01
1.664264083803959071e-01
1.669361970824044250e-01
1.674205604952997140e-01
1.679803796049179065e-01
1.683745242499921912e-01
1.689162996060463162e-01
1.694416715497692461e-01
1.699268551332810406e-01
1.703333023376035760e-01
1.708143850680326759e-01
1.713241737700412770e-01
1.718388834957490507e-01
1.722748568422677318e-01
1.727042688238538404e-01
1.731074353457102144e-01
1.735434086922288954e-01
1.740384343231394793e-01
1.744850698876732886e-01
1.749833762010500060e-01
1.754177092063357590e-01
1.758668052827193906e-01
1.763765939847279918e-01
1.768552162033074915e-01
1.773125139858565680e-01
1.778280438821809306e-01
1.783173283187756142e-01
1.788681255516118840e-01
1.793533091351239006e-01
1.799106677328925208e-01
1.804754078662100802e-01
1.810163630516476441e-01
1.815614190901681524e-01
1.820867910338911932e-01
1.826359479254943408e-01
1.831719820872325932e-01
1.837465642679491362e-01
1.844179265814186730e-01
1.849966096152175221e-01
1.855203412177074407e-01
1.860670375974609048e-01
1.865661640814543221e-01
1.872055397408782240e-01
1.878055472107077739e-01
1.883793092208076170e-01
1.889727553257046222e-01
1.896646219045882986e-01
1.903384447299077964e-01
1.908793999153454157e-01
1.915507622288148415e-01
1.921901378882386047e-01
1.928573993486252802e-01
1.934549463066050357e-01
1.940549537764346133e-01
1.946041106680378996e-01
1.951508070477913914e-01
1.956597755791834314e-01
1.963344185751192128e-01
1.970631928317473913e-01
1.979264750694903763e-01
1.985568288521322167e-01
1.991609371750446555e-01
1.999208779151021020e-01
2.007562743518823967e-01
2.015227764568722213e-01
2.021318058034838605e-01
2.028507380127137216e-01
2.034671488948744111e-01
2.042459535591123754e-01
2.052724497495496681e-01
2.059913819587791683e-01
2.069752292771555591e-01
2.076662756854222858e-01
2.083843877240353082e-01
2.090319650896249881e-01
2.098550589671569766e-01
2.108487483329322676e-01
2.116029478786742579e-01
2.122078763722032024e-01
2.127619542875054948e-01
2.134997504209157348e-01
2.144712951800435419e-01
2.154477609628709101e-01
2.160535096270162769e-01
2.166838634096583394e-01
2.173380021401805084e-01
2.181004033920875551e-01
2.191055751464944523e-01
2.197818584836636058e-01
2.207747276788228630e-01
2.216117644568358080e-01
2.224340381637509856e-01
2.232612328943656410e-01
2.241745455397187725e-01
2.251411692751476290e-01
2.261684856362018159e-01
2.269120229639285669e-01
2.275284338460893396e-01
2.283039578278615034e-01
2.291713409186870720e-01
2.299074967108645229e-01
2.306116658489958948e-01
2.315832106081241459e-01
2.324957030828604942e-01
2.331096534531706399e-01
2.340270669516063828e-01
2.350068134169002454e-01
2.359562135693812901e-01
2.369761483948862046e-01
2.378566542155771124e-01
2.386977918466738069e-01
2.396693366058023356e-01
2.403193744832415879e-01
2.412162837162629414e-01
2.422247361531359167e-01
2.433471923057105302e-01
2.443458026951855488e-01
2.454116670752176654e-01
2.463175981850218577e-01
2.473047261858644374e-01
2.479047336556937653e-01
2.485383681208019058e-01
2.493926284817622741e-01
2.504150238191168443e-01
2.512274554786336767e-01
2.522022809202281168e-01
2.529015290346610101e-01
2.536754126752000515e-01
2.544443752920396151e-01
2.551132770936594962e-01
2.562135886395864315e-01
2.572466461949566296e-01
2.583518787645830983e-01
2.591675911065663418e-01
2.598742207565477025e-01
2.607383231649073041e-01
2.616434341040946854e-01
2.625288609484844882e-01
2.635496159446056863e-01
2.644506260307102341e-01
2.654270918135378521e-01
2.664904956817200632e-01
2.674604000996153585e-01
2.682998973894782924e-01
2.691918855988009729e-01
2.699477254857757247e-01
2.709307526335364980e-01
2.719260823405447725e-01
2.727245710995801486e-01
2.734065956310645640e-01
2.741484926175576375e-01
2.749363191585775246e-01
2.759168857944876985e-01
2.767932907620960226e-01
2.775442096253717406e-01
2.785789075219747835e-01
2.796406710489234837e-01
2.806999740640229168e-01
2.817313912781598262e-01
2.827004755254386437e-01
2.836064066352426138e-01
2.845918942948523767e-01
2.855199700113029704e-01
2.864070371969260620e-01
2.871866620317803931e-01
2.880655275112381508e-01
2.890444538059149249e-01
2.899946741290129193e-01
2.908620572198387655e-01
2.918352423202004720e-01
2.929150496007132953e-01
2.938857741892249020e-01
2.948876652611658322e-01
2.958674117264598613e-01
2.968233732438736450e-01
2.977678523726555726e-01
2.986811650180082878e-01
2.996707535307003845e-01
3.007054514273039270e-01
3.014170021009849876e-01
3.023705031065488380e-01
3.034002799794520699e-01
3.043242548428198857e-01
3.050202222747859238e-01
3.057104485124360616e-01
3.065195994894870379e-01
3.076305732534300175e-01
3.086496879083185374e-01
3.094842641744824929e-01
3.104197214264824423e-01
3.113773232851296258e-01
3.120659091815462527e-01
3.128356919690022941e-01
3.135226375241866315e-01
3.144572746055701029e-01
3.152533028527557124e-01
3.161895802753716955e-01
3.170290775652346849e-01
3.180244072722435700e-01
3.189754477659585419e-01
3.198247871032200984e-01
3.208447219287246521e-01
3.218892618727260957e-01
3.228165174185605446e-01
3.236543743671902451e-01
3.245578449651443376e-01
3.254088246436395715e-01
3.262384798861040491e-01
3.271337487778933628e-01
3.279207551482966054e-01
3.288184845519346311e-01
3.296579818417975094e-01
3.305212640795406887e-01
3.313025292556284196e-01
3.321338248393258530e-01
3.330102298069335665e-01
3.338456262437137778e-01
3.347704212776985155e-01
3.355926949846134710e-01
3.364846831939355964e-01
3.374086580573035787e-01
3.384277727121927093e-01
3.392631691489735313e-01
3.400706797847911633e-01
3.409347821931506539e-01
3.418029854545926449e-01
3.427794512374198188e-01
3.436230493803658081e-01
3.444207179687845399e-01
3.452766186709786966e-01
3.461234974963913746e-01
3.469974419521497100e-01
3.478886099908556351e-01
3.487929007594264830e-01
3.495790869592132477e-01
3.503710143533163568e-01
3.512113318137958795e-01
3.521590916250438852e-01
3.530929085358104902e-01
3.539488092380046469e-01
3.547505786795063787e-01
3.556450274006783818e-01
3.564656607663613808e-01
3.572567679898474013e-01
3.581036468152593577e-01
3.588922935268962222e-01
3.597686984945048794e-01
3.606467438033461037e-01
3.614657368277954252e-01
3.622223968853866549e-01
3.630750169051147891e-01
3.639333781191582129e-01
3.647720552384043913e-01
3.657083326610207075e-01
3.666175444532909222e-01
3.674832872028834796e-01
3.682989995448663345e-01
3.691220934223980454e-01
3.698812139918388198e-01
3.707797635660939339e-01
3.715864540312948661e-01
3.723997058614285094e-01
3.731514448953202057e-01
3.739425521188068924e-01
3.747147954181126450e-01
3.755173850302309102e-01
3.763125931068002639e-01
3.772283662640026347e-01
3.780522803121514341e-01
3.788966986257133462e-01
3.797148714795457458e-01
3.806659119732599961e-01
3.815127907986721190e-01
3.823490074060690302e-01
3.832122896438122650e-01
3.840198002796293975e-01
3.848158285268150069e-01
3.856299005275647951e-01
3.864759591823607732e-01
3.873622061973671094e-01
3.881500327383871074e-01
3.890045493700344803e-01
