8.337671232615709305e-03
6.468712442007969014e-03
5.263538612656521766e-03
4.347828046798680145e-03
3.629749261359068325e-03
3.049944852791613981e-03
2.559722694756567333e-03
2.148302170048918894e-03
1.801899742687441313e-03
1.515938646015221013e-03
1.277598925834912223e-03
1.081083440091781854e-03
9.203877748772332831e-04
7.875190843772483318e-04
6.825978441943166214e-04
6.014155098933742687e-04
5.410456533168088358e-04
4.986024293922662175e-04
4.694855228569707272e-04
4.491481936582927066e-04
4.331642546961343427e-04
4.194872151998210882e-04
4.074769678667043574e-04
3.969431816178932209e-04
3.875496641787937223e-04
3.790026179746501587e-04
3.709807152661066267e-04
3.636317695390795966e-04
3.568377155822023651e-04
3.501965961370395730e-04
3.439480189215227764e-04
3.379127792693986838e-04
3.321078160486225532e-04
3.265566739276511881e-04
3.213858473016174182e-04
3.163170508793795811e-04
3.114945004559263706e-04
3.067548119339098735e-04
3.022951666243120093e-04
2.979429165532980896e-04
2.936957205308449084e-04
2.895114077354296752e-04
2.854549149225304051e-04
2.814756667217433502e-04
2.776512893991086423e-04
2.739368676686409435e-04
2.702071507099143934e-04
2.666789885689403142e-04
2.632600055557392693e-04
2.598680349547975873e-04
2.565669266148658473e-04
2.532798945305106712e-04
2.500553931917291251e-04
2.468306595249422208e-04
2.436002803833490376e-04
2.405432726286130891e-04
2.373892437954589862e-04
2.344058884576497384e-04
2.313975532913970672e-04
2.284748927726971274e-04
2.255129468473297946e-04
2.225602286695642243e-04
2.196914196146710751e-04
2.168680280932530093e-04
2.141464039476671105e-04
2.114078530955879769e-04
2.087305288952512057e-04
2.061166130834920715e-04
2.034675739624384040e-04
2.008660523851684527e-04
1.983343507591823487e-04
1.958755188757619952e-04
1.934079622660202159e-04
1.909577817470737670e-04
1.885750424268769695e-04
1.861954705502603523e-04
1.838066707947387740e-04
1.814359526067560913e-04
1.791134215509175771e-04
1.768929630363183883e-04
1.747175589117924319e-04
1.725343792072409782e-04
1.703844918464353928e-04
1.682744792361477769e-04
1.662222319552747257e-04
1.641749571181637271e-04
1.621416204921446763e-04
1.601697729256401214e-04
1.581243294686156850e-04
1.561186258745954347e-04
1.541979734004547643e-04
1.523075469128961463e-04
1.504424535952898626e-04
1.485925412821508451e-04
1.467676721963910645e-04
1.449676666903516300e-04
1.431919106003500658e-04
1.414746983218412378e-04
1.397670839775792633e-04
1.379117930224645105e-04
1.362438638815136906e-04
1.344674477309708001e-04
1.328383455547778032e-04
1.312425819617973844e-04
1.296901306301853933e-04
1.281531454112829404e-04
1.266600078710534288e-04
1.251751992662648047e-04
1.237116758306992738e-04
1.222498170122968749e-04
1.208414908361811382e-04
1.194583639764518635e-04
1.180806318721311235e-04
1.167300830300013471e-04
1.154054245929611155e-04
1.140929223395178494e-04
1.128073957878673026e-04
1.115535279009715063e-04
1.103136419898609701e-04
1.090811136042453089e-04
1.078845241123118991e-04
1.066929575568549354e-04
1.054653541405362125e-04
1.043129260574293486e-04
1.031912435523163035e-04
1.020923248886989221e-04
1.009940858107831777e-04
9.993162463060422784e-05
9.888355745905256058e-05
9.784982445278176538e-05
9.684931528154843458e-05
9.582879881797051595e-05
9.484116203334841757e-05
9.388559867301862966e-05
9.294144176535357681e-05
9.194308309017315312e-05
9.102882891464011679e-05
9.013762381071214601e-05
8.927069047816940932e-05
8.841445061905212044e-05
8.757584294035506399e-05
8.675037566766407161e-05
8.593453069544802997e-05
8.512799832394179773e-05
8.435397087553701237e-05
8.360105758208325442e-05
8.284991839666456387e-05
8.213283911848519205e-05
8.142331954393994275e-05
8.072765187964264734e-05
8.003936453033434133e-05
7.937108063687910099e-05
7.870380101430705694e-05
7.802568041435299271e-05
7.717237317197705602e-05
7.654780817670406399e-05
7.594538845459973694e-05
7.536133872881288769e-05
7.479745976757054137e-05
7.423909089250292073e-05
7.369692468510594477e-05
7.316757570078439329e-05
7.265783857146113685e-05
7.215363870992309771e-05
7.166799676212474643e-05
7.119035572750813368e-05
7.071756355274657680e-05
7.026822499658061025e-05
6.983045476907946410e-05
6.940597383338525971e-05
6.899752004792677692e-05
6.859862203612152791e-05
6.820935871833349034e-05
6.783644547759160211e-05
6.747040371468680570e-05
6.711601003586899910e-05
6.677748989527137753e-05
6.645151102838790509e-05
6.613673157871232831e-05
6.582814058908438115e-05
6.520366192566490681e-05
6.485579106642510845e-05
6.456972228588680595e-05
6.429617120404575463e-05
6.403792991625258633e-05
6.379068494397439274e-05
6.355548777143179000e-05
6.332575756274632013e-05
6.310394095844703308e-05
6.289959444942866862e-05
6.270458557137603055e-05
6.251929948238144183e-05
6.234510756482797593e-05
6.217732220222305681e-05
6.202226525449515036e-05
6.187488717094986033e-05
6.170420053000518932e-05
6.157054876470200962e-05
6.143358312283474709e-05
6.131953251242479449e-05
6.079635400654124280e-05
6.066338991323774971e-05
6.056959858582054083e-05
6.046595393274358595e-05
6.038854854709424134e-05
6.023322362915750709e-05
6.016257694405637002e-05
6.010693041817799851e-05
6.002403617276405703e-05
5.996189683199219849e-05
5.992399053346441663e-05
5.989235149110113288e-05
5.985470491832859709e-05
5.983291760043287839e-05
5.980416085025542280e-05
5.978776135162165576e-05
5.977352711148882795e-05
5.976405622998661512e-05
5.975663659888499077e-05
5.975075526611153549e-05
5.974374841096534260e-05
5.974019119406090276e-05
5.973708919487125699e-05
5.973514956907470552e-05
5.973335439911307550e-05
5.972647216685741489e-05
5.972530943080914967e-05
5.972438215801235414e-05
5.972374328504338146e-05
5.972256840038150564e-05
5.971989607852319968e-05
5.971947630360592655e-05
5.971876818906565564e-05
5.971717849751506549e-05
5.971660884737703103e-05
5.971614708633725274e-05
5.971557437158455517e-05
5.971363795307992544e-05
5.971228830806310603e-05
5.971166355195124426e-05
5.971082747026052026e-05
5.970935386278812535e-05
5.970833443445426960e-05
5.970786228793730443e-05
5.970677696226459351e-05
5.970608745007699951e-05
5.970506295220015281e-05
5.970451509552232296e-05
5.970368266264916161e-05
5.970285239573675683e-05
5.970176531566127051e-05
5.970095182086108178e-05
5.970041726753908505e-05
5.970016158582803871e-05
5.969965396412101370e-05
5.969880350531086064e-05
5.969855914157665025e-05
5.969792059906707873e-05
5.969724579957441429e-05
5.969647715310262537e-05
5.969522625761027333e-05
5.969460927763322981e-05
5.969441746299037949e-05
5.969298213530022166e-05
5.969223663838743046e-05
5.969167145556087903e-05
5.969102109200436537e-05
5.968987870209810766e-05
5.968952270696057771e-05
5.968930876314110988e-05
5.968910985788360407e-05
5.968843497842307407e-05
5.968759973255363720e-05
5.968712512979565767e-05
5.968634965527325198e-05
5.968550293313700596e-05
5.968530495399899889e-05
5.968500780097854731e-05
5.968466222911517251e-05
5.968422045538242395e-05
5.968236085756635788e-05
5.968066558272094115e-05
5.967958646054894248e-05
5.967748433579568367e-05
5.967673625428783143e-05
5.967586168541019314e-05
5.967428578926265532e-05
5.967415936005743591e-05
5.967370786319603341e-05
5.967363163610195213e-05
5.967221545293163281e-05
5.967182871219996258e-05
5.967146031844272440e-05
5.967026158071521452e-05
5.966933702103758381e-05
5.966906559936234841e-05
5.966886751250996004e-05
5.966738696203701509e-05
5.966683273308040231e-05
5.966634438800668609e-05
5.966619995758393891e-05
5.966609033389494698e-05
5.966176739941299404e-05
5.966099377759488475e-05
5.965912217071424529e-05
5.965753863449663267e-05
5.965667663458978801e-05
5.965595168432620413e-05
5.965563403198226821e-05
5.965546314329375337e-05
5.965503860173238313e-05
5.965464969862524351e-05
5.965429168279032918e-05
5.965413199398157630e-05
5.965404460974866999e-05
5.965386963107272575e-05
5.965304007695914593e-05
5.965272101557789447e-05
5.965089537662183084e-05
5.965059288879896878e-05
5.965012213259289790e-05
5.964932516379502328e-05
5.964870313523712978e-05
5.964848641199499418e-05
5.964796161749521999e-05
5.964726053136673719e-05
5.964558496477749279e-05
5.964535705187808351e-05
5.964487077929560055e-05
5.964444290230929005e-05
5.964409849873985854e-05
5.964265529446285323e-05
5.964236702076539196e-05
5.964224009316303193e-05
5.964232059437440107e-05
5.964225639167894068e-05
5.964215193053535485e-05
5.964181496609185807e-05
5.964061537543959560e-05
5.963963839909570193e-05
5.963917305982020702e-05
5.963886947869371537e-05
5.963864728835765268e-05
5.963709652965173584e-05
5.963652412677410966e-05
5.963575279043918409e-05
5.963421685826884893e-05
5.963261238185656258e-05
5.963205464980712801e-05
5.963187615952240793e-05
5.963188226150621467e-05
5.963178882861627686e-05
5.963161343252976714e-05
5.963135034136386910e-05
5.963066581833311532e-05
5.962990047306034188e-05
5.962957267265087867e-05
5.962912351597137101e-05
5.962821423870316571e-05
5.962774483645830881e-05
5.962772094162210553e-05
5.962569636015949652e-05
5.962309778993450394e-05
5.962209301263440489e-05
5.962165688558113721e-05
5.962125329489574300e-05
5.962081900634301176e-05
5.961935331294184354e-05
5.961907151572589021e-05
5.961879165359273427e-05
5.961843053799463699e-05
5.961789829117219541e-05
5.961734429646254420e-05
5.961684658791121724e-05
5.961611105169877461e-05
5.961609854074950747e-05
5.961585767568235140e-05
5.961559355287394241e-05
5.961479377331028074e-05
5.961398661910104034e-05
5.961361306241372792e-05
5.961260785408856053e-05
5.961216566128271733e-05
5.960895513538095231e-05
5.960779714468034980e-05
5.960770329869277565e-05
5.960671121458880050e-05
5.960560075634542304e-05
5.960529012462993691e-05
5.960510173555960890e-05
5.960427120269445086e-05
5.960295190028433421e-05
5.960224529166199191e-05
5.960130969760270086e-05
5.960032213178236113e-05
5.959789035513011671e-05
5.959774937029033371e-05
5.959770108182535768e-05
5.959568084298533724e-05
5.959568795032828357e-05
5.959561233672552925e-05
5.959474556441615934e-05
5.959358922112539938e-05
5.959288958967206239e-05
5.959173948080459228e-05
5.959115360327068629e-05
5.958870464496201466e-05
5.958838449108455929e-05
5.958593003941546889e-05
5.958463427558408543e-05
5.958254111072446501e-05
5.957913747272460339e-05
5.938383661356490771e-05
5.937690498077542614e-05
5.937524320131147923e-05
5.937348372465304781e-05
5.937242571090524824e-05
5.937141995129595128e-05
5.936900544786621170e-05
5.936682518052592019e-05
5.936628788195223852e-05
5.936571062610045645e-05
5.936407106531120423e-05
5.935829137978883063e-05
5.933634939791528610e-05
5.933516066164419925e-05
5.933349246949544317e-05
5.933175011955963893e-05
5.932901755588840465e-05
5.932227923738318787e-05
5.931726378747769569e-05
5.930713742806122005e-05
5.930086273413707847e-05
5.929419290949616242e-05
5.929115498903459879e-05
5.928378984061823093e-05
5.927795690165138363e-05
5.925929579486953784e-05
5.925840222178952653e-05
5.925258072131334359e-05
5.924777094559732299e-05
5.924809390830816479e-05
5.924746113386370952e-05
5.923933519115837137e-05
5.923110777441053983e-05
5.922497805426619181e-05
5.920188123051837791e-05
5.916310992579806063e-05
5.911421978614450146e-05
5.908797376095775754e-05
5.906400431066807647e-05
5.904245534933570607e-05
5.896793292865864860e-05
5.892240810335060180e-05
5.886274849237874726e-05
5.881350350087046679e-05
5.877453379914062841e-05
5.875436853930413625e-05
5.866241396037589454e-05
5.840418361357862468e-05
5.837027621085121379e-05
5.829822858000139951e-05
5.812368866014686497e-05
5.801685384641289361e-05
5.795458886950642159e-05
5.784867211255928510e-05
5.780884772190718346e-05
5.765608029484976040e-05
5.748125886185659285e-05
5.740790512292776732e-05
5.717543202591818057e-05
5.707669879697512601e-05
5.700411166522396114e-05
5.695033267416285032e-05
5.686773634107828340e-05
5.666102286077702443e-05
5.654477054085349383e-05
5.633325833423000894e-05
5.619440714489774299e-05
5.614512597221153577e-05
5.607476997773395527e-05
5.581013683894249646e-05
5.534453932582145374e-05
5.522373133564056208e-05
5.513628376357358085e-05
5.483456349714219412e-05
5.477309733442259809e-05
5.442324052857960154e-05
5.437993494592786284e-05
5.425996062021864167e-05
5.429145748820707259e-05
5.444836192640717008e-05
5.459486064956616739e-05
5.486753225204947683e-05
5.502119792652780195e-05
5.510975318882576528e-05
5.548967391316873544e-05
5.621946544184717830e-05
5.709100025523694560e-05
5.825035507980566628e-05
5.969835893367128805e-05
