1.228851860546343655e+00
1.229560188396316756e+00
1.230979913808697201e+00
1.233117152810647710e+00
1.235981019564995176e+00
1.239583550735577688e+00
1.243939598614004272e+00
1.249066688378157153e+00
1.254984834336263066e+00
1.261716309876180997e+00
1.269285366121350567e+00
1.277717895005630044e+00
1.287041033609318985e+00
1.297282708116284544e+00
1.308471117602797440e+00
1.320634159977507327e+00
1.333798804666499249e+00
1.347990418971033444e+00
1.363232057303648714e+00
1.379543724613952138e+00
1.396941627136552455e+00
1.415437425030467322e+00
1.435037502451342872e+00
1.455742271049498049e+00
1.477545522791726462e+00
1.500433847368102480e+00
1.524386128301699950e+00
1.549373130291744838e+00
1.575357188372400463e+00
1.602292007257453355e+00
1.630122576867529149e+00
1.658785207600109946e+00
1.688207686491127069e+00
1.718309553101348808e+00
1.749002491791460612e+00
1.780190835055578402e+00
1.811772170772548041e+00
1.843638044600196979e+00
1.875674747261252273e+00
1.907764175128609185e+00
1.939784751293197829e+00
1.971612393181006118e+00
2.003121511784633935e+00
2.034186026715940177e+00
2.064680380618453714e+00
2.094480536068330068e+00
2.123464938022188164e+00
2.151515425226475653e+00
2.178518074868960319e+00
2.204363966195272972e+00
2.228949850870363125e+00
2.252178720535542578e+00
2.273960265248400781e+00
2.294211220195732981e+00
2.312855602088441653e+00
2.329824840787503959e+00
2.345057815743154528e+00
2.358500810510212542e+00
2.370107401686673221e+00
2.379838300888462932e+00
2.387661169639965664e+00
2.393550427206349696e+00
2.397487070370172724e+00
2.399458521990855076e+00
