1.429905072246752809e-05
4.491751023702367533e-04
8.924861968376389138e-04
1.308805154282214082e-03
1.731872145982496025e-03
2.178557257577754501e-03
2.625242369173011459e-03
3.082893036433791492e-03
3.532108660874938924e-03
3.983011293880006978e-03
4.432226918321150941e-03
4.882286047044258684e-03
5.347528252842703202e-03
5.795056868719919603e-03
6.251020527416769473e-03
6.728915297444665496e-03
7.185722460423478279e-03
7.637468597710517920e-03
8.096806273535227250e-03
8.568796513589388084e-03
9.034038719387838673e-03
9.500967933750216823e-03
9.960305609574924418e-03
1.043060884106515769e-02
1.090091207255538923e-02
1.134675367986868501e-02
1.180103033000161512e-02
1.228651663856718951e-02
1.273404525444441111e-02
1.318579139173145162e-02
1.365946864034953828e-02
1.409856221340712555e-02
1.456464792348754513e-02
1.502482910359421477e-02
1.548922780511070331e-02
1.595025248949933500e-02
1.641802520814367866e-02
1.688748493535194295e-02
1.736622320966181923e-02
1.783230891974223881e-02
1.830936018548818059e-02
1.878978546836196015e-02
1.924827963990471263e-02
1.973629646131616275e-02
2.019816464998675648e-02
2.066846788147698455e-02
2.113877111296721609e-02
2.161497887443118715e-02
2.208106458451159285e-02
2.255305482456575888e-02
2.301070549182652331e-02
2.348522624472657375e-02
2.396565152760036024e-02
2.443932877621845037e-02
2.489613593919726142e-02
2.537909173491694273e-02
2.585529949638092073e-02
2.632644623215311605e-02
2.681530655784655076e-02
2.727127021654339803e-02
2.774326045659754672e-02
2.821946821806155248e-02
2.871170256088278333e-02
2.920140639085819917e-02
2.969364073367946472e-02
3.016141345232381879e-02
3.061653360673872309e-02
3.110286341958621095e-02
3.155545306115523779e-02
3.201816475410777796e-02
3.248003294277839598e-02
3.296804976418987732e-02
3.342401342288668642e-02
3.390949973145231111e-02
3.440679509996535934e-02
3.488131585286537856e-02
3.533812301584423471e-02
3.582107881156392643e-02
3.628969503449019224e-02
3.679289493297702163e-02
3.728428577151634421e-02
3.776049353298028405e-02
3.826453693574908416e-02
3.875171025287860171e-02
3.922538750149665021e-02
3.971593483575405759e-02
4.020985618713928539e-02
4.069028147001302331e-02
4.118757683852609236e-02
4.166378459999010159e-02
4.215517543852940335e-02
4.262885268714746573e-02
4.313373959419822962e-02
4.363609598840311604e-02
4.412073879268667287e-02
4.460706860553424746e-02
4.508749388840804784e-02
4.556791917128179964e-02
4.603147436851631052e-02
4.651443016423605081e-02
4.698726390857219798e-02
4.749046380705893716e-02
4.798607216700807171e-02
4.848252403123920473e-02
4.897560187834246181e-02
4.945265314408837237e-02
4.991620834132289020e-02
5.037807652999353597e-02
5.086609335140501731e-02
5.133808359145912437e-02
5.179995178012970769e-02
5.231411723428206623e-02
5.279454251715588048e-02
5.325641070582643605e-02
5.371153086024130913e-02
5.419533016024299932e-02
5.468419048593642362e-02
5.514437166604308632e-02
5.560286583758580758e-02
5.608835214615140452e-02
5.651732366782539346e-02
5.698762689931568398e-02
5.744612107085849545e-02
5.791811131091256781e-02
5.837576197817331142e-02
5.879882896987369267e-02
5.927250621849181056e-02
5.973943543285412106e-02
6.023841780993110379e-02
6.067498087014287084e-02
6.114022307594139255e-02
6.160040425604793729e-02
6.206817697469232259e-02
6.251739259913347002e-02
6.297419976211236781e-02
6.346727760921552774e-02
6.391986725078452336e-02
6.437836142232725156e-02
6.480733294400131683e-02
6.530125429538657933e-02
6.578927111679797046e-02
6.625957434828819159e-02
6.673156458834231253e-02
6.719596328985887046e-02
6.763843088004428683e-02
6.816524889842602575e-02
6.863470862563424146e-02
6.909488980574096662e-02
6.953651389164451635e-02
6.999838208031507192e-02
7.047458984177906727e-02
7.094236256042336930e-02
7.142363134757917509e-02
7.190405663045304485e-02
7.236170729771376764e-02
7.280839240930898904e-02
7.329303521359260831e-02
7.379286109495164503e-02
7.428678244633685201e-02
7.478154730200398115e-02
7.525100702921221074e-02
7.571624923501071858e-02
7.619330050075667771e-02
7.666950826222071469e-02
7.720054380201217537e-02
7.770121318765305096e-02
7.818585599193669800e-02
7.864772418060736459e-02
7.911212288212385313e-02
7.962038380630234724e-02
8.017672447455281848e-02
8.065883676599054641e-02
8.114938410024792603e-02
8.160787827179065423e-02
8.214566184583795005e-02
8.264380071863293431e-02
8.310229489017567639e-02
8.364935701132457380e-02
8.415593092693920974e-02
8.463382569696714652e-02
8.508978935566392787e-02
8.563769498109477518e-02
8.610378069117521904e-02
8.660360657253421413e-02
8.708571886397187267e-02
8.756614414684564529e-02
8.801704677985065783e-02
8.849747206272449984e-02
8.904790820100137727e-02
8.953761203097670984e-02
8.999273218539161068e-02
9.048159251108495171e-02
9.099744497380124475e-02
9.149895786372422291e-02
9.203168041207969441e-02
9.249523560931423305e-02
9.297313037934204494e-02
9.348729583349439654e-02
9.394579000503724964e-02
9.445911195490762358e-02
9.493110219496178614e-02
9.543008457203873418e-02
9.593750199193536166e-02
9.640190069345197510e-02
9.693715375465332407e-02
9.737118630201913039e-02
9.785161158489287525e-02
9.835818550050753895e-02
9.882764522771592119e-02
9.933253213476662957e-02
9.981042690479452473e-02
1.003077222733075174e-01
1.007518768720569169e-01
1.012280846335209539e-01
1.017093534206767458e-01
1.021594125493998084e-01
1.026179067209426338e-01
1.031497857650160860e-01
1.036158714750965992e-01
1.041140103478916668e-01
1.046222712720701609e-01
1.050934180078424013e-01
1.055341985894639456e-01
1.059732921625215346e-01
1.064849271038280365e-01
1.070033100793900682e-01
1.075233800635162218e-01
1.079953703035703982e-01
1.084892916549556746e-01
1.089815259977769540e-01
1.094855694005456015e-01
1.099727427176751537e-01
1.105231788559519479e-01
1.110289092672846895e-01
1.115574142942304253e-01
1.120859193211760502e-01
1.125435699884368979e-01
1.130948496309956003e-01
1.136115455979940098e-01
1.141223370350183675e-01
1.146095103521477393e-01
1.150443864037955649e-01
1.154995065582105213e-01
1.160254810723102409e-01
1.164730096881876620e-01
1.169863316380578139e-01
1.174929055536723249e-01
1.180020099821328106e-01
1.184740002221871119e-01
1.189814176420836561e-01
1.194711214720591275e-01
1.199751648748277194e-01
1.204749907561864786e-01
1.209689121075716717e-01
1.214645204675209728e-01
1.219871209644929344e-01
1.224827293244420273e-01
1.230053298214138918e-01
1.234427363859074839e-01
1.239282226944730531e-01
1.244364836186518247e-01
1.249101608672697761e-01
1.253433499103536741e-01
1.258423322874305528e-01
1.262780518433601895e-01
1.267820952461290451e-01
1.273038522388190708e-01
1.277412588033126906e-01
1.281896309234718256e-01
1.286607776592440244e-01
1.291648210620126580e-01
1.296351242935030179e-01
1.301147060720948267e-01
1.306162189620177771e-01
1.310780871506882772e-01
1.315450163650507820e-01
1.320254416479244852e-01
1.325050234265161830e-01
1.329803876836982701e-01
1.334380383509590484e-01
1.338982195310656764e-01
1.343870798567591285e-01
1.348497915497117450e-01
1.353234687983297657e-01
1.358157031411510174e-01
1.362826323555134667e-01
1.367790842197446621e-01
1.372637270240282259e-01
1.377002900842398680e-01
1.381824023756776376e-01
1.386611406499874410e-01
1.391525314885268816e-01
1.396346437799644846e-01
1.400821723958418363e-01
1.406157384484792716e-01
1.411071292870185734e-01
1.415976766212759252e-01
1.420570142971005478e-01
1.425762407769448625e-01
1.430878757182511007e-01
1.435742055310987031e-01
1.440521003011265011e-01
1.445831358409181977e-01
1.450500650552805637e-01
1.455195247824887239e-01
1.459678969026479423e-01
1.463985554328859073e-01
1.469110338784742897e-01
1.473256658273548458e-01
1.478271787172779073e-01
1.482460281875683794e-01
1.486884957777536709e-01
1.491756690948831399e-01
1.496468158306553109e-01
1.500783178651753091e-01
1.505250029767704889e-01
1.510442294566147203e-01
1.515465858508195374e-01
1.519747138682114307e-01
1.524500781253934623e-01
1.528874846898869710e-01
1.533763450155805619e-01
1.538306216657134295e-01
1.542967073757938457e-01
1.547636365901561561e-01
1.552288787959544281e-01
1.557228001473398016e-01
1.561188750020171268e-01
1.566111093448384339e-01
1.570459853964860653e-01
1.575702729020219406e-01
1.580692552790988470e-01
1.585522110748183167e-01
1.590402278962298743e-01
1.595763244617132148e-01
1.600643412831248558e-01
1.606063423785817346e-01
1.611491869783208408e-01
1.616650394410370228e-01
1.622171625878775225e-01
1.627473546233871304e-01
1.632961037531001636e-01
1.638608794641702449e-01
1.644011935510633904e-01
1.649507861850579848e-01
1.655037528361806565e-01
1.660769635900703756e-01
1.666459568225502896e-01
1.672276026192595910e-01
1.677738212361265524e-01
1.683411274600425112e-01
1.689160252224962133e-01
1.694858619592580218e-01
1.701349880985246199e-01
1.707351909894371245e-01
1.713126192647367319e-01
1.718892040357541118e-01
1.724919374395126881e-01
1.730845487918875603e-01
1.737092133069771394e-01
1.742950766250963013e-01
1.748666003704222316e-01
1.754853603555378283e-01
1.760678496565293849e-01
1.766570869917764575e-01
1.772522288569973736e-01
1.778878589277523292e-01
1.784897488272289001e-01
1.790882647095775049e-01
1.796952156347457752e-01
1.803232541669631817e-01
1.809394836392332340e-01
1.815768007185521726e-01
1.822107437807433394e-01
1.828202252187572929e-01
1.834600728109221923e-01
1.840779892917560612e-01
1.847380809866882578e-01
1.853551539632399547e-01
1.859747574526377789e-01
1.866179790619304779e-01
1.872569831498132331e-01
1.878985177505420046e-01
1.885392088469887983e-01
1.891933960119471236e-01
1.898197475356006581e-01
1.904798392305325772e-01
1.911433049425922681e-01
1.918050836460882258e-01
1.924525227767907853e-01
1.931083969503130382e-01
1.937566795852974921e-01
1.944319543573048426e-01
1.951181946849775417e-01
1.957917824484209923e-01
1.964577786733267273e-01
1.971263054110784230e-01
1.978201372772888933e-01
1.984844464936306729e-01
1.991555037442280240e-01
1.998434310804648451e-01
2.005448544852131421e-01
2.012454343856794059e-01
2.019645713803489284e-01
2.026423766652019065e-01
2.033589831470256071e-01
2.040511280046721776e-01
2.047365248280631767e-01
2.054463832756309172e-01
2.061596157403266794e-01
2.068559781193828606e-01
2.075919851996915477e-01
2.083161832200527697e-01
2.090133891033911506e-01
2.097375871237524558e-01
2.104550371098576345e-01
2.111868266687565165e-01
2.118806585349670146e-01
2.126191961281217180e-01
2.133467681656107395e-01
2.140903667844570313e-01
2.148331218990215674e-01
2.155708159878941266e-01
2.162941705039732321e-01
2.169905328830297186e-01
2.177189484248004681e-01
2.184600165308010489e-01
2.191993976282375911e-01
2.199472137684937711e-01
2.206815338402385585e-01
2.214259759633667723e-01
2.221712615907770194e-01
2.229081121753677119e-01
2.236584588284698805e-01
2.244003704387523002e-01
2.250984198263725755e-01
2.258344269066813181e-01
2.265577814227602849e-01
2.272937885030694716e-01
2.280044904549189400e-01
2.287598981337126691e-01
2.295195233339161200e-01
2.302513128928153352e-01
2.309999725373537705e-01
2.317477886776094786e-01
2.325023528521212579e-01
2.332543865137871320e-01
2.340055766711714724e-01
2.347120611016113301e-01
2.354565032247395995e-01
2.361857622707923821e-01
2.369234563596651633e-01
2.376670549785117603e-01
2.384148711187676628e-01
2.391601567461780764e-01
2.399062858778703289e-01
2.406659110780744182e-01
2.414111967054843599e-01
2.421590128457406232e-01
2.429026114645865264e-01
2.436411490577416461e-01
2.443645035738210292e-01
2.451089456969491320e-01
2.458483267943856188e-01
2.465801163532845286e-01
2.473228714678488982e-01
2.480571915395938520e-01
2.487763285342631803e-01
2.495114921102895289e-01
2.502449686777530324e-01
2.509801322537793533e-01
2.517287918983174833e-01
2.524605814572161711e-01
2.532185196488563328e-01
2.539410306606536549e-01
2.546829422709363522e-01
2.554240103769367387e-01
2.561684525000646473e-01
2.568825284690428035e-01
2.576067264894037478e-01
2.582988713470502073e-01
2.589927032132610663e-01
2.596975006351371351e-01
2.603592793386334536e-01
2.609999704350798311e-01
2.616870542670345356e-01
2.623277453634814682e-01
2.629355397929313831e-01
2.635796049065066149e-01
2.641654682246258878e-01
2.648171248767379748e-01
2.654443199046733759e-01
2.660276527099464383e-01
2.665873673953251810e-01
2.671588911406513334e-01
2.677312583902589083e-01
2.683533923925023323e-01
2.689729958819001565e-01
2.695419891143797098e-01
2.701464095267023247e-01
2.706977296913323783e-01
