3.664255248237112128e-01
3.313353642856586845e-01
3.168323070753009674e-01
3.078639781002809328e-01
3.001338717703135317e-01
2.931058036006796153e-01
2.866010003463629330e-01
2.804655023374081346e-01
2.747623994972565598e-01
2.692234731050231478e-01
2.639656558601843894e-01
2.585190748698399932e-01
2.536881078342297369e-01
2.490623897734549064e-01
2.446089961213314123e-01
2.403422326200306547e-01
2.359881666338581874e-01
2.320510367670574614e-01
2.282534767310985813e-01
2.245888258531394677e-01
2.210589667398701330e-01
2.176567840312776392e-01
2.135385151942578164e-01
2.103526632966413457e-01
2.072585541491679673e-01
2.042518025510230706e-01
2.013341309198402596e-01
1.984977531159906883e-01
1.957351367048985324e-01
1.930429158599922812e-01
1.904052718160751112e-01
1.878301199657494980e-01
1.852654925009626918e-01
1.826256590842586236e-01
1.802054748032892728e-01
1.778427250521823766e-01
1.755377060450402926e-01
1.732869874394412091e-01
1.710772552669300728e-01
1.689088556656354601e-01
1.667842268113452486e-01
1.647015170416231966e-01
1.626631670820463949e-01
1.606512909108972487e-01
1.586892707129420044e-01
1.567640745599021557e-01
1.548723344462111517e-01
1.530189462313077120e-01
1.511939850008352793e-01
1.494025364510500886e-01
1.476420971443942465e-01
1.459279031861194786e-01
1.442441962669696320e-01
1.425858249817187062e-01
1.409601848633042498e-01
1.393607415257043236e-01
1.377878903039815861e-01
1.362400796588806862e-01
1.347196275818828282e-01
1.332260809111517341e-01
1.317579385129885039e-01
1.303157014149645410e-01
1.288963550460293372e-01
1.275008161295125286e-01
1.261263604043293685e-01
1.247751927582162468e-01
1.234530461229848275e-01
1.221528560965434301e-01
1.208743210084238101e-01
1.196177913639492191e-01
1.183802112060154260e-01
1.171617684774839963e-01
1.159608343281849641e-01
1.147839474467235721e-01
1.136161555609576240e-01
1.124751371375585507e-01
1.113538718477901923e-01
1.102496241358132123e-01
1.091650086059425956e-01
1.080980108231136549e-01
1.070351390987889229e-01
1.059945680351359748e-01
1.049692631073151500e-01
1.039618568634421147e-01
1.029719455271177336e-01
1.019974763510172605e-01
1.010376156147177601e-01
1.000907633411474845e-01
9.915725592511655251e-02
9.823886330880936268e-02
9.733207244381249235e-02
9.643931551762333076e-02
9.555715517967033890e-02
9.468802516237852240e-02
9.383397200313504938e-02
9.298851171932420723e-02
9.215760984238445530e-02
9.133856949688082261e-02
9.053251362213168840e-02
8.973645542422374610e-02
8.895220193733832659e-02
8.817890648444061397e-02
8.741644828540424961e-02
8.666516088983423904e-02
8.592513301035467621e-02
8.519469125882564442e-02
8.447411723828428254e-02
8.376390070638205232e-02
8.306382372062211250e-02
8.237288153051196271e-02
8.169080758964405997e-02
8.101602577394940996e-02
8.035133095109986412e-02
7.969485867058907769e-02
7.904732994053587092e-02
7.840891302433644627e-02
7.777279175796573962e-02
7.715382209806383174e-02
7.654320332898159607e-02
7.593929644457379780e-02
7.534383934049228293e-02
7.475649863110156446e-02
7.417704586779200193e-02
7.360474763738615589e-02
7.303967040530927324e-02
7.248247970967185150e-02
7.193222750805576549e-02
7.138931122929437212e-02
7.085133688215221326e-02
7.032319769618652905e-02
6.980201658083122485e-02
6.928767786791489858e-02
6.878054255950004359e-02
6.827726983310934694e-02
6.778057591041021512e-02
6.728699617547294343e-02
6.680531716661056163e-02
6.632991067636209714e-02
6.586088074034855688e-02
6.539652062695680557e-02
6.493809221783047869e-02
6.448444450735001110e-02
6.403590347184853759e-02
6.359280780971957037e-02
6.315630618006884411e-02
6.267142606614141409e-02
6.224479634982663101e-02
6.182393285611518380e-02
6.140867659259052064e-02
6.099921781232733875e-02
6.059470593196335936e-02
6.019557173582924109e-02
5.980218027741611431e-02
5.941352552560438816e-02
5.903076926671455005e-02
5.865356402875983310e-02
5.828186759667194211e-02
5.791484903778022081e-02
5.755188126738244869e-02
5.719387802453142905e-02
5.684134732548992708e-02
5.649413164911375185e-02
5.615133942323161792e-02
5.581339633230787689e-02
5.547929120728490454e-02
5.514846360924856999e-02
5.482279132033174990e-02
5.449736462354676236e-02
5.418013323002202064e-02
5.386671738026057449e-02
5.355511498113835200e-02
5.324937179653799202e-02
5.290555136139770548e-02
5.260699007792640769e-02
5.226239792792559263e-02
5.196845670390062844e-02
5.168068301845647750e-02
5.139551538927444874e-02
5.111424931653936465e-02
5.083646556267359951e-02
5.056208569664966818e-02
5.029021306424031473e-02
5.002250914144556332e-02
4.975805101061029495e-02
4.949656595452795599e-02
4.923829668899120521e-02
4.898323614514085017e-02
4.873096022161214902e-02
4.848077942304072213e-02
4.823338100098396863e-02
4.798955716367528379e-02
4.774866541288930871e-02
4.751067557769824562e-02
4.727591650884971353e-02
4.704406969943205480e-02
4.681542156641489705e-02
4.658959479781620006e-02
4.636612246103676005e-02
4.614497794135164616e-02
4.592630025149092854e-02
4.570992838374068890e-02
4.549576793981739697e-02
4.528373857328690799e-02
4.507479368417223464e-02
4.486667547776575921e-02
4.466237956967897965e-02
4.446088094136951135e-02
4.426088734026253912e-02
4.406271260844214083e-02
4.386765808559375812e-02
4.367479946461045454e-02
4.348449054639673406e-02
4.329637660872870386e-02
4.311059306698517696e-02
4.292791397388385360e-02
4.274773278602923832e-02
4.257020855347213445e-02
4.239429110796301414e-02
4.222156109869845686e-02
4.205093722021149144e-02
4.188226495436627589e-02
4.171574881208091334e-02
4.155178276784941838e-02
4.139017658959058543e-02
4.123011410547344074e-02
4.107175993181211987e-02
4.091560797855932352e-02
4.076228874516379941e-02
4.061054460082329232e-02
4.046124309580533679e-02
4.031412279300881918e-02
4.016922715139030486e-02
4.002661402991743167e-02
3.988633823728419958e-02
3.974803936613796607e-02
3.961189933500399579e-02
3.947814742558092976e-02
3.934387011715838323e-02
3.921262064032641353e-02
3.908270581131328969e-02
3.895493574863263114e-02
3.882902059106436293e-02
3.870454038506715433e-02
3.858174444279908327e-02
3.846130862810591411e-02
3.834222651425402834e-02
3.822471545352945643e-02
3.810922411343345417e-02
3.799561021301466057e-02
3.788415141993582008e-02
3.777450588079182825e-02
3.766526850918669456e-02
3.755877804171995488e-02
3.745429046018210195e-02
3.735138563291596353e-02
3.724943083658203979e-02
3.714957396292770109e-02
3.705165685324915414e-02
3.695524602707284112e-02
3.685991460141769399e-02
3.676585715909345270e-02
3.667319103510186667e-02
3.658178817946967920e-02
3.649062605501994516e-02
3.640049057464146004e-02
3.631259228041577858e-02
3.622496041240252235e-02
3.613930219552106277e-02
3.605480424996321265e-02
3.597161081241087577e-02
3.588931345479105806e-02
3.580824650192910436e-02
3.572834534046125804e-02
3.564952622910457641e-02
3.557176409581445237e-02
3.549505683582560023e-02
3.541926391418428327e-02
3.534461039099349305e-02
3.527100521535220246e-02
3.519843872913846344e-02
3.512673645935423389e-02
3.505628038444064121e-02
3.498701284663539857e-02
3.491867790819384865e-02
3.485118067620490701e-02
3.478494767003051380e-02
3.460267912956996317e-02
3.453777267904819398e-02
3.447392238364641731e-02
3.441106615963613474e-02
3.434921259475581107e-02
3.428849574151004997e-02
3.422873851869321499e-02
3.417002023287590146e-02
3.411220191067358687e-02
3.405530356164265804e-02
3.399948707951822718e-02
3.394446367610751830e-02
3.388916852810286429e-02
3.383423799888417988e-02
3.378157724535509748e-02
3.373004074715907352e-02
3.367951328085885820e-02
3.362886721519878913e-02
3.358007609346048278e-02
3.353192884535383111e-02
3.348456212892334666e-02
3.343766722258045138e-02
3.339163805404619240e-02
3.334621287012599911e-02
3.330146152257698611e-02
3.325730530316508421e-02
3.321381921313954627e-02
3.317038330404832591e-02
3.312819099603603323e-02
3.308680915602059402e-02
3.304567956342943646e-02
3.300507308536854145e-02
3.296555153425279744e-02
3.292678976725033069e-02
3.288884951484585817e-02
3.285154383050222643e-02
3.281492730207919567e-02
3.277905029455808333e-02
3.274376697097888811e-02
3.270923441398630033e-02
3.267543339759466925e-02
3.264241085713670554e-02
3.260994789436794800e-02
3.257728772874884243e-02
3.254600564979001631e-02
3.251529450647629854e-02
3.248530956025908606e-02
3.245596580675855908e-02
3.242699517627832539e-02
3.239888918677348573e-02
3.237131984688821490e-02
3.234371192896819819e-02
3.231742445305300221e-02
3.229180953870693094e-02
3.226709612804416066e-02
3.224291118998145328e-02
3.221889391410551196e-02
3.219648304785432957e-02
3.217488710680980329e-02
3.215405556498650286e-02
3.213399120722915114e-02
3.211464920584553018e-02
3.209517743792669742e-02
3.207730412145356341e-02
3.206029500417748035e-02
3.204410434926981827e-02
3.202850477737459456e-02
3.201285874810321647e-02
3.199788355502070081e-02
3.198383171020399013e-02
3.197030339330604598e-02
3.195749509582731379e-02
3.194539134724515284e-02
3.193278319335314530e-02
3.192174999752641490e-02
3.191128011547211818e-02
3.190125907176073056e-02
3.189182482761666881e-02
3.188307716099333250e-02
3.187471262858840304e-02
3.186684583996478998e-02
3.185941616463880410e-02
3.185220127338323631e-02
3.184536366854017614e-02
3.183909863238881810e-02
3.183300792482240960e-02
3.182725720723430379e-02
3.182133694315687766e-02
3.181535628125965048e-02
3.181037220193171089e-02
3.180537018905480601e-02
3.180059379376399403e-02
3.179622779126257959e-02
3.179225537109613142e-02
3.178857029990809352e-02
3.178497833398594152e-02
3.178175106878804168e-02
3.177850922481225554e-02
3.177550055350705782e-02
3.177255464125970652e-02
3.176993776717704221e-02
3.176737702777122224e-02
3.176481713639978804e-02
3.176233072417219971e-02
3.176011218683460341e-02
3.175739662918333067e-02
3.175529837397861321e-02
3.175332760477634492e-02
3.175146114772884470e-02
3.174972135951158875e-02
3.174804776324962469e-02
3.174642822311112000e-02
3.174489198239997118e-02
3.174322456158355094e-02
3.174185622557191416e-02
3.174047877491084635e-02
3.173763873069294916e-02
3.173641709873834676e-02
3.173521778436805274e-02
3.173400316946836663e-02
3.173288352446549526e-02
3.173178013902044903e-02
3.173067819426277775e-02
3.172962977854479338e-02
3.172863163208507892e-02
3.172768139314888214e-02
3.172674852564413145e-02
3.172587375775672708e-02
3.172501131337025770e-02
3.172416881290738427e-02
3.172339611571305118e-02
3.172261482807475080e-02
3.172190996497549487e-02
3.172120241795681889e-02
3.172050463990005315e-02
3.171983054712842337e-02
3.171918674280876926e-02
3.171855400406776992e-02
3.171764090110522349e-02
3.171695861406603756e-02
3.171634034802653379e-02
3.171573586622982582e-02
3.171517692828539764e-02
3.171463262069589700e-02
3.171411263120111484e-02
3.171360561970019976e-02
3.171297877314004088e-02
3.171233156509944279e-02
3.171183132090615170e-02
3.171125999536805046e-02
3.171080963641480233e-02
3.171035177698271895e-02
3.170991009386572856e-02
3.170934467166925536e-02
3.170893273585578820e-02
3.170857098516358108e-02
3.170811267367331515e-02
3.170762704076705157e-02
3.170726737282284630e-02
3.170693844070361644e-02
3.170661776470341114e-02
3.170629307893924054e-02
3.170583201717427219e-02
3.170553056263974295e-02
3.170516698370733771e-02
3.170491198456439064e-02
3.170465352720425872e-02
3.170440590122716729e-02
3.170418286992226359e-02
3.170395544328426241e-02
3.170373062254711743e-02
3.170349884174757105e-02
3.170330345454043519e-02
3.170307435263192836e-02
3.170281689642497069e-02
3.170262109700906078e-02
3.170244764926798825e-02
3.170216782767197594e-02
3.170202316490113720e-02
3.170189852619685611e-02
3.170176127891168039e-02
3.170163233287476984e-02
3.170155650327455277e-02
3.170140638746307693e-02
3.170130863109115599e-02
3.170124481631089036e-02
3.170113932134763224e-02
3.170106549690501069e-02
3.170094258744134835e-02
3.170080497069203279e-02
3.170074372340599828e-02
3.170065320423001709e-02
3.170040895182175272e-02
3.170030825403808566e-02
3.169974387882236455e-02
3.169927011186038368e-02
3.170286286716130636e-02
3.171375467357868960e-02
3.173633708578682544e-02
3.176755463439472765e-02
3.182920421634265196e-02
3.186679455999055777e-02
3.201165333853660255e-02
3.223070094775885852e-02
3.255144160129296027e-02
3.269910643536192568e-02
3.322624839517557271e-02
3.391563035107698215e-02
3.474486357932800307e-02
3.568185360115167654e-02
3.710864187596964181e-02
3.861566443591250841e-02
4.038649323911013694e-02
4.257482029586256295e-02
4.564434478102124410e-02
