1.352233003261130346e-05
4.353310775612614599e-04
8.715798456875581066e-04
1.328214525245827171e-03
1.800988051354406082e-03
2.271213338533988393e-03
2.759276298216546686e-03
3.246489844922772344e-03
3.753239890084641203e-03
4.256592283341182129e-03
4.758245850645058221e-03
5.273490025570249512e-03
5.781089483708451437e-03
6.298881897562639762e-03
6.826017854156481851e-03
7.342111442058003173e-03
7.862452094841185929e-03
8.397232768222014782e-03
8.919272246957855865e-03
9.450655268433348979e-03
9.977791225027185865e-03
1.051087307245534598e-02
1.103885844202551203e-02
1.155070496504536325e-02
1.206679855294687416e-02
1.257609683703773615e-02
1.309813631577357550e-02
1.359214516629045529e-02
1.410908816716829883e-02
1.459884995280351372e-02
1.511069647582336667e-02
1.559536178360059096e-02
1.609871417685712625e-02
1.662585013345094925e-02
1.713514841754180604e-02
1.765463965734865442e-02
1.815629322465252271e-02
1.867153739957771660e-02
1.917998627069225290e-02
1.968843514180677878e-02
2.019773342589763904e-02
2.072062231760980755e-02
2.122992060170065740e-02
2.174091771174417945e-02
2.224172186607172030e-02
2.277225547457088078e-02
2.329429495330671146e-02
2.380953912823190535e-02
2.434007273673107971e-02
2.485786515058527324e-02
2.536461519574713386e-02
2.589090173936465372e-02
2.641718828298214930e-02
2.693498069683633589e-02
2.745871900152483530e-02
2.797651141537902536e-02
2.847731556970654193e-02
2.901804213392170442e-02
2.955537104623155373e-02
3.011563410890234424e-02
3.063512534870918569e-02
3.117755073887703079e-02
3.172167495499750994e-02
3.227004623599966093e-02
3.279633277961717386e-02
3.332431814918734164e-02
3.386419530042616283e-02
3.439642773487799204e-02
3.493375664718782747e-02
3.544560317020767348e-02
3.599822151609147897e-02
3.654744221006996086e-02
3.708392170940345844e-02
3.764758242397957949e-02
3.817896544545509863e-02
3.872054142264656773e-02
3.923748442352444077e-02
3.981473574572187007e-02
4.035206465803170550e-02
4.089958652605750478e-02
4.145135545896499324e-02
4.197254552472449302e-02
4.250817561108165277e-02
4.308117986839742064e-02
4.362190643261259354e-02
4.416178358385141473e-02
4.468467247556360405e-02
4.525258025502137960e-02
4.578311386352054008e-02
4.635611812083632877e-02
4.688325407743015871e-02
4.741378768592934001e-02
4.797150250967111701e-02
4.850543377007562190e-02
4.907504037548608700e-02
4.961321870077222557e-02
5.016328880772702448e-02
5.068702711241554471e-02
5.125408547889698241e-02
5.178716732632515640e-02
5.233129154244562514e-02
5.287626517154242478e-02
5.341869056171023172e-02
5.395517006104371543e-02
5.451118605883283758e-02
5.506210557876397432e-02
5.561642275060042079e-02
5.615714931481554512e-02
5.668768292331476111e-02
5.720462592419255782e-02
5.776403957388705213e-02
5.831326026786544381e-02
5.884973976719900385e-02
5.939726163522483088e-02
5.991590346205531714e-02
6.047446769877341116e-02
6.102793545763355448e-02
6.156951143482503053e-02
6.211788271582715376e-02
6.264077160753930840e-02
6.319254054044677604e-02
6.372307414894587407e-02
6.427654190780603127e-02
6.481896729797380352e-02
6.535374797135463931e-02
6.589702277449875634e-02
6.643774933871392230e-02
6.698442179376341843e-02
6.752260011904955006e-02
6.804888666266707686e-02
6.860490266045619900e-02
6.915582218038734963e-02
6.971353700412914745e-02
7.024916709048630026e-02
7.077460422112741290e-02
7.132807197998752846e-02
7.185860558848672364e-02
7.241122393437045279e-02
7.294940225965668157e-02
7.349777354065881174e-02
7.406143425523484258e-02
7.462339614385835040e-02
7.517431566378952879e-02
7.570060220740700008e-02
7.624812407543281323e-02
7.677356120607402301e-02
7.731598659624182301e-02
7.786775552914927678e-02
7.841867504908045516e-02
7.893646746293461747e-02
7.944661516000176005e-02
7.999923350588560023e-02
8.053401417926646377e-02
8.107304191752894018e-02
8.160952141686234063e-02
8.215279622000651316e-02
8.269012513231635553e-02
8.324019523927118913e-02
8.378177121646264436e-02
8.432589543258310616e-02
8.488191143037226993e-02
8.541669210375318899e-02
8.594467747332329433e-02
8.648795227646735584e-02
8.704057062235120990e-02
8.757365246977943940e-02
8.811098138208926789e-02
8.864661146844636519e-02
8.918988627159046834e-02
8.970767868544468615e-02
9.026624292216281487e-02
9.078488474899337746e-02
9.134005133380609931e-02
9.186378963849456403e-02
9.240876326759141224e-02
9.294609217990128236e-02
9.348087285328214591e-02
9.401820176559202991e-02
9.456827187254673861e-02
9.509710665509320260e-02
9.564208028419003693e-02
9.617771037054723138e-02
9.672183458666773481e-02
9.721669285016097672e-02
9.777185943497369858e-02
9.831513423811784336e-02
9.886435493209631831e-02
9.941187680012220085e-02
9.994241040862142378e-02
1.004746428430733085e-01
1.010162188202647082e-01
1.015365594730478632e-01
1.020815331021446976e-01
1.026231090793361667e-01
1.031493956229537351e-01
1.036952186650269420e-01
1.042283005124551437e-01
1.047732741415519225e-01
1.053029583370747868e-01
1.058326425325976095e-01
1.063580796632388054e-01
1.069140956610279830e-01
1.074488763344088188e-01
1.079811087688606897e-01
1.084267010797266423e-01
1.089733735347761523e-01
1.095183471638729311e-01
1.100497301853484017e-01
1.105794143808713215e-01
1.111226891840154801e-01
1.116693616390650040e-01
1.121880034658955805e-01
1.127125911835603483e-01
1.132329318363434895e-01
1.137787548784164882e-01
1.143075896609629383e-01
1.148449185732726419e-01
1.153584639222451358e-01
1.159221246368213470e-01
1.164628512010364159e-01
1.169916859835828521e-01
1.175553466981589246e-01
1.180799344158237757e-01
1.185943291777725866e-01
1.191291098511532420e-01
1.196401069611967988e-01
1.201680923307667792e-01
1.207190118506977911e-01
1.212359548515757057e-01
1.217715849379328030e-01
1.222876785258342203e-01
1.228470921755287909e-01
1.233665834153355040e-01
1.238996652627636502e-01
1.244395424140023881e-01
1.249734736744067681e-01
1.255014590439768318e-01
1.260082090891387063e-01
1.265608274350225049e-01
1.271134457809062479e-01
1.276567205840503927e-01
1.281965977352891306e-01
1.286957030636639299e-01
1.292627614301453398e-01
1.297949938645972523e-01
1.303348710158359347e-01
1.308781458189800517e-01
1.314239688610529810e-01
1.319757377939604626e-01
1.325088196413885255e-01
1.330308591201242452e-01
1.335715856843394389e-01
1.340757874905722236e-01
1.345893328395446342e-01
1.351292099907835109e-01
1.355943388001049632e-01
1.361172276918171387e-01
1.366511589522215464e-01
1.371995302332235656e-01
1.377164732341014663e-01
1.382291691700976155e-01
1.387698957343126149e-01
1.393131705374567042e-01
1.398428547329794436e-01
1.403861295361235328e-01
1.409412961209363935e-01
1.414505944050270803e-01
1.419522479723308306e-01
1.425116616220251653e-01
1.430353999267135745e-01
1.435735782519997061e-01
1.441092083383567479e-01
1.446490854895954303e-01
1.452042520744082355e-01
1.457084538806410756e-01
1.462729640081935067e-01
1.467712199235918780e-01
1.472907111633987021e-01
1.478424800963061281e-01
1.484061408108822977e-01
1.489128908560440612e-01
1.494502197683538480e-01
1.499824522028056217e-01
1.505044916815413136e-01
1.510622065052829588e-01
1.516326625236695813e-01
1.521453584596658415e-01
1.526716450032832573e-01
1.532106727415457337e-01
1.537513993057607886e-01
1.542683423066386061e-01
1.548175630006171366e-01
1.553684825205481901e-01
1.558463525245147308e-01
1.563114813338362385e-01
1.569023232636549137e-01
1.573674520729765047e-01
1.578988350944518504e-01
1.584251216380692939e-01
1.589692458541897002e-01
1.594462664451798684e-01
1.599513176643889978e-01
1.605047854232490856e-01
1.610616508340144692e-01
1.616295586134721962e-01
1.621617910479241642e-01
1.626201245534349971e-01
1.631693452474135553e-01
1.636259799269716431e-01
1.641429229278494051e-01
1.645553881326383416e-01
1.649644556855219824e-01
1.654346809727013645e-01
1.658335555698690622e-01
1.663326608982439447e-01
1.667069025190980325e-01
1.671219159628159479e-01
1.675394776454629253e-01
1.678941827678613607e-01
1.683151421024136063e-01
1.686740942896937656e-01
1.691001501021040521e-01
1.695304529793960069e-01
1.699658523345459471e-01
1.703859622561219589e-01
1.707636015288814257e-01
1.711123607604455588e-01
1.715494589415481330e-01
1.719449358868103406e-01
1.724296011945876395e-01
1.728582052459270435e-01
1.732052656515384315e-01
1.736143332044219334e-01
1.740760643618381454e-01
1.745522355398519410e-01
1.750054725675046496e-01
1.755215661554061501e-01
1.759994361593725798e-01
1.764798544022681548e-01
1.770248280313649891e-01
1.775638557696274655e-01
1.782022648261207265e-01
1.787175090010457157e-01
1.792251084591839072e-01
1.797471479379194881e-01
1.802793803723712618e-01
1.807215750313319325e-01
1.811824567757718552e-01
1.817902869651172593e-01
1.823649900483856612e-01
1.828997707217664137e-01
1.835237397576619800e-01
1.841094852096226975e-01
1.847869672630272353e-01
1.853022114379523633e-01
1.857945214625164598e-01
1.863998034129327741e-01
1.869914947557277107e-01
1.874311411757592916e-01
1.880185854536724765e-01
1.885440225843136308e-01
1.890482243905465265e-01
1.894912684624834309e-01
1.899563972718049387e-01
1.904283213849371770e-01
1.910437962910694620e-01
1.916312405689827303e-01
1.922543601919020906e-01
1.929258963544723537e-01
1.935218347621489032e-01
1.941644908835238048e-01
1.948113940697803748e-01
1.954608454949658958e-01
1.960414944690686279e-01
1.965898657500706748e-01
1.971976959394159679e-01
1.978089237806664458e-01
1.984694175745443379e-01
1.990415724188837887e-01
1.995975884166728831e-01
2.002725222311482756e-01
2.007317051496356752e-01
2.013650177282708120e-01
2.019753961565452227e-01
2.026087087351804983e-01
2.033881203457449938e-01
2.040528612045045820e-01
2.046802278923054441e-01
2.053109922320116021e-01
2.059137259434990208e-01
2.064629466374774402e-01
2.070852168474204558e-01
2.077499577061799607e-01
2.083560890695725920e-01
2.089596721940363278e-01
2.096728295924468188e-01
2.102585750444075918e-01
2.107857110010013524e-01
2.113035034148552926e-01
2.119665454476622191e-01
2.125514414866466195e-01
2.132178811713589528e-01
2.138070242752250771e-01
2.144343909630260780e-01
2.150668541286849256e-01
2.157621738545925649e-01
2.163479193065532269e-01
2.169489541920879005e-01
2.175270549272616261e-01
2.180992097716009381e-01
2.186331410320053459e-01
2.193717808197057084e-01
2.200178345929861279e-01
2.206553942365032106e-01
2.211884760839312736e-01
2.217861133175607069e-01
2.223752564214267202e-01
2.229703454161269804e-01
2.235832720833302312e-01
2.241919516856518968e-01
2.247666547689203542e-01
2.254050638254137262e-01
2.260145928407118754e-01
2.265383311454000070e-01
2.271665472461774360e-01
2.278355351698186926e-01
2.284671489225013619e-01
2.290367555279117506e-01
2.296615739767840225e-01
2.302821453607740709e-01
2.308746861165454356e-01
2.314969563264883401e-01
2.321599983592948779e-01
2.328323839348414581e-01
2.334317199944236920e-01
2.339826395143547455e-01
2.346108556151322300e-01
2.351779139816134734e-01
2.356889110916570163e-01
2.362177458742032998e-01
2.367873524796134110e-01
2.373620555628820072e-01
2.378586126523278277e-01
2.384316169096435678e-01
2.389961270371959989e-01
2.395665830555826492e-01
2.401752626579042871e-01
2.408034787586816605e-01
2.413985677533816987e-01
2.420089461816561927e-01
2.425946916336169101e-01
2.431948771061752390e-01
2.438103520123074963e-01
2.444181822016526784e-01
2.449223840078857128e-01
2.455106776987755202e-01
2.461227549530026482e-01
2.467441757499692911e-01
2.473545541782431745e-01
2.479054736981743390e-01
2.484784779554902179e-01
2.490285480624447045e-01
2.496389264907190042e-01
2.502722390693544186e-01
2.508622315861966934e-01
2.514004099114827140e-01
2.519504800184375060e-01
2.525532137299252300e-01
2.531185732704535063e-01
2.536431609881185101e-01
2.542000263988840603e-01
2.548010612844187617e-01
2.553400890226808495e-01
2.559283827135706013e-01
2.564810010594542611e-01
2.569928475824741487e-01
2.576091719015827786e-01
2.582560750878392652e-01
2.588783452977821420e-01
2.594301142306891794e-01
2.600192573345552760e-01
2.606389793055695070e-01
2.612357671262222070e-01
2.618215125781830355e-01
2.624140533339544001e-01
2.630159376324654463e-01
2.635626100875146927e-01
2.641143790204223962e-01
2.646797385609510611e-01
2.652705804907695697e-01
2.658614224205883558e-01
2.664658549580283253e-01
2.670142262390303167e-01
2.676025199299199020e-01
2.682120489452181622e-01
2.688088367658712508e-01
2.693911845659264226e-01
2.699378570209761130e-01
2.705244518859131198e-01
2.711067996859685136e-01
2.716849686987307666e-01
