8.334539744911752257e-03
6.887835449305992723e-03
5.899966780310665453e-03
5.118219226612750507e-03
4.474651222923156993e-03
3.930539151671380571e-03
3.469751410442670388e-03
3.071378605871579945e-03
2.718678724743096246e-03
2.406869977549922369e-03
2.128962339918443521e-03
1.884585940002143651e-03
1.667199976378491363e-03
1.474857749478046239e-03
1.305352094232673388e-03
1.158307621724062337e-03
1.030864557944002891e-03
9.194380825945732858e-04
8.223832677345183561e-04
7.406686097442677624e-04
6.715822805947233411e-04
6.144427555426513208e-04
5.677078304827190298e-04
5.304961723928718802e-04
5.010678201863849601e-04
4.791955206929307434e-04
4.629904244709404765e-04
4.502888252111236864e-04
4.393152411981398209e-04
4.298725179041544379e-04
4.215453789225357675e-04
4.137992726184409648e-04
4.066841577774525456e-04
3.989770049072108261e-04
3.926024002966369626e-04
3.864518178496812112e-04
3.807298930308312024e-04
3.753062575593974219e-04
3.701605615751824268e-04
3.652245745554771276e-04
3.605464867919052881e-04
3.559018383916251601e-04
3.515987685990827117e-04
3.474378920075431613e-04
3.434913033417062679e-04
3.395875641404771440e-04
3.358742162338726077e-04
3.321513811026193365e-04
3.285146144479109197e-04
3.250556623820080593e-04
3.215216953844522913e-04
3.182380698654591056e-04
3.150285681152148313e-04
3.118839857265358188e-04
3.088179370247363074e-04
3.058564396071787508e-04
3.030213616236921976e-04
3.001610703316562041e-04
2.973597684719702186e-04
2.945582692886865046e-04
2.918753048323197933e-04
2.891734335542343881e-04
2.864666125870757698e-04
2.836667743822071934e-04
2.810726965112532905e-04
2.784745845751341394e-04
2.759410823596331443e-04
2.734695535595531020e-04
2.709850224468196935e-04
2.685500351782217133e-04
2.661144679912940130e-04
2.637303918786626012e-04
2.613549100464157668e-04
2.589896753441896932e-04
2.566953574508300923e-04
2.543701022765847359e-04
2.521890191246554122e-04
2.498968339602469909e-04
2.477208127252546015e-04
2.455103452495193479e-04
2.433403578996404639e-04
2.412127571078151965e-04
2.391187817157427249e-04
2.370316044549237913e-04
2.350036974181123962e-04
2.329516562091244597e-04
2.309258487505322203e-04
2.288602559318630514e-04
2.268907638578522871e-04
2.249090822321408534e-04
2.229900966363141084e-04
2.211154417167266449e-04
2.192183309995415243e-04
2.173392572455129371e-04
2.154335501638578393e-04
2.135346756712147034e-04
2.116651953464185256e-04
2.098625322024196167e-04
2.080048218146293378e-04
2.062490791906488674e-04
2.044850839173052248e-04
2.027205421410446329e-04
2.010144380619359114e-04
1.993007548359622557e-04
1.976185509380588368e-04
1.958971269806275626e-04
1.942078144188895113e-04
1.925450068212103383e-04
1.909188541861856414e-04
1.893332469788147848e-04
1.877348854640842454e-04
1.861119244073013916e-04
1.845428308106501444e-04
1.829950139481542691e-04
1.814861676338616972e-04
1.799580676341584198e-04
1.784392067885855941e-04
1.769444435270553116e-04
1.754798906062507262e-04
1.740399019645268218e-04
1.725812558629380889e-04
1.711787310900328527e-04
1.697514293998213047e-04
1.683539822156518222e-04
1.669638877085845177e-04
1.656064461617184371e-04
1.642444022164880836e-04
1.629020329959545810e-04
1.615771499206091995e-04
1.602640578312491168e-04
1.587647512462603359e-04
1.573398076336346852e-04
1.560142322969216894e-04
1.545558858887831073e-04
1.532828035265924860e-04
1.520214539872897781e-04
1.508043729187208751e-04
1.495844625831433902e-04
1.483599155527424052e-04
1.471378209088655535e-04
1.459076725682060681e-04
1.447021804481090355e-04
1.435346771625942933e-04
1.423879679519713195e-04
1.412581932362198128e-04
1.401397103611240437e-04
1.390421362664469394e-04
1.379093678748041026e-04
1.368181635748039334e-04
1.357297232599089551e-04
1.346412678546661144e-04
1.335919458025911009e-04
1.325351074129158327e-04
1.315101154336967195e-04
1.304894852829453832e-04
1.294936733414743762e-04
1.285009946442768330e-04
1.274877667938593593e-04
1.265019416941754924e-04
1.255350746738555831e-04
1.245850990438771044e-04
1.236329240411336333e-04
1.226687027587732785e-04
1.217508338500217777e-04
1.208357632748441172e-04
1.199385642331854044e-04
1.190455112955853749e-04
1.181673823369492054e-04
1.173033543073686121e-04
1.164479160535947737e-04
1.156030681653426984e-04
1.147655546055174658e-04
1.139379310008408093e-04
1.131186514247227817e-04
1.123109817560716213e-04
1.115124861841174054e-04
1.107190045452010837e-04
1.099389830791161357e-04
1.091641249641489466e-04
1.084092313715000959e-04
1.076620875254608240e-04
1.069215105329623429e-04
1.061866656935654869e-04
1.053486457202864668e-04
1.046213909667762876e-04
1.039005907566515285e-04
1.032008781754901322e-04
1.025096414881042036e-04
1.018259582065688274e-04
1.011521704894183016e-04
1.004860435844683503e-04
9.982152924024000323e-05
9.917136762971214372e-05
9.851830346058854755e-05
9.788407536331624132e-05
9.726145154325583242e-05
9.664616794014758354e-05
9.604201485266030682e-05
9.544251840752477852e-05
9.485306311873470723e-05
9.428045998343182236e-05
9.369359068116744297e-05
9.312797037152224864e-05
9.257250847893236107e-05
9.183402591827783410e-05
9.127646659902682955e-05
9.073639443313734939e-05
9.020480985276500081e-05
8.968447051519016805e-05
8.917594265799911636e-05
8.866826864832999392e-05
8.815960163269332480e-05
8.766074789689827257e-05
8.717609041166024823e-05
8.669736537150209664e-05
8.621687641250710412e-05
8.575272762637667367e-05
8.499179722296503847e-05
8.452389647795472685e-05
8.407193755631353854e-05
8.363396859850590298e-05
8.318350984625387209e-05
8.275305618000265164e-05
8.233641170639470366e-05
8.193007827373319468e-05
8.148346938649919777e-05
8.108681857740171982e-05
8.070090897078184555e-05
8.027041083931784975e-05
7.988874785086369263e-05
7.950273505282435193e-05
7.913358409603019907e-05
7.877596438353855223e-05
7.843495724102696502e-05
7.807233344521254310e-05
7.773289666023456721e-05
7.741352964306298125e-05
7.706465414376985161e-05
7.675051480894969688e-05
7.644334523602138397e-05
7.611759117178919134e-05
7.582106660504629855e-05
7.549817263880482360e-05
7.519209331603779326e-05
7.483962750915618839e-05
7.456546599048728794e-05
7.430657384926135254e-05
7.404491791779723028e-05
7.376009094629664830e-05
7.350483475170396406e-05
7.323310457900595889e-05
7.299423252764413871e-05
7.275560757818888189e-05
7.253611156888242664e-05
7.230672099849419314e-05
7.175982361650568670e-05
7.146095440270039487e-05
7.123771746694526619e-05
7.103410543399927050e-05
7.086140925976226735e-05
7.067036864625596336e-05
7.039567867730134863e-05
7.022003127864811698e-05
7.004483432515271632e-05
6.988734345006498169e-05
6.968904537897323303e-05
6.954400725305907144e-05
6.941076908310075391e-05
6.927095618186155941e-05
6.910968029840631782e-05
6.898710344207755786e-05
6.886200813116585817e-05
6.874571692095113264e-05
6.860506576114560457e-05
6.849377842488653032e-05
6.829086258007632077e-05
6.817292882508865705e-05
6.806672822789537993e-05
6.796446332747743354e-05
6.787399205607610097e-05
6.776862283344405914e-05
6.768507178805526370e-05
6.760651820990429836e-05
6.750764221882707113e-05
6.742329635678626033e-05
6.731758554119196883e-05
6.724522709944604382e-05
6.715588997168861951e-05
6.708812146373809373e-05
6.702498926786795513e-05
6.696726579289084109e-05
6.691430549257457281e-05
6.684811805309345877e-05
6.677503451230917212e-05
6.672538612998495599e-05
6.666036907918937264e-05
6.653243854794240581e-05
6.648881997354646393e-05
6.644520979035365967e-05
6.638883965493625307e-05
6.635129831460864053e-05
6.626172112921728877e-05
6.622947359497003631e-05
6.618799006696387340e-05
6.611149487228387602e-05
6.607813021979508416e-05
6.605410993374152774e-05
6.600172743777237949e-05
6.597140740235773538e-05
6.595101972988111924e-05
6.592906837802523206e-05
6.589557337177439462e-05
6.587710520619201760e-05
6.586369414817272829e-05
6.584345633350207260e-05
6.583194236593916228e-05
6.581858189821025273e-05
6.579896145528143364e-05
6.578346116600423217e-05
6.577438708618916271e-05
6.576791034538901921e-05
6.575966358709178880e-05
6.575091525420433374e-05
6.574507157612745930e-05
6.573193922784122405e-05
6.572592476081113861e-05
6.571958467211432443e-05
6.571229787735656698e-05
6.570738828953476133e-05
6.570320400125153758e-05
6.569875676887764566e-05
6.569583676214468143e-05
6.569164058738140332e-05
6.568717128176735731e-05
6.568480376622506207e-05
6.568324214655824479e-05
6.568117876935379562e-05
6.568043770868199757e-05
6.567891713128227223e-05
6.567713408690367769e-05
6.567612224306973781e-05
6.567425658589247481e-05
6.567318900320859797e-05
6.567220852659343057e-05
6.567096962658014469e-05
6.566989598450396787e-05
6.566865709148011327e-05
6.566687802085826719e-05
6.566571492821644276e-05
6.566446556647179502e-05
6.566265357905300235e-05
6.566191022319722327e-05
6.566133973319445100e-05
6.566055652223484914e-05
6.565962747147931905e-05
6.565803432443000401e-05
6.565576599245043882e-05
6.565357535454172284e-05
6.565155496683055939e-05
6.565070549570311349e-05
6.564979599955508263e-05
6.564875308467847204e-05
6.564716225034604241e-05
6.564648785431427980e-05
6.564537207555394647e-05
6.564354791044145878e-05
6.564257630247884851e-05
6.564148998113432409e-05
6.564026421303082305e-05
6.563672314660828856e-05
6.563599022221899110e-05
6.563493620618504718e-05
6.563460665301326744e-05
6.563465525320621573e-05
6.563367854051868090e-05
6.563171138925847736e-05
6.562966256330077816e-05
6.562865444051046667e-05
6.562687072425502490e-05
6.562529098785433227e-05
6.562406511480676943e-05
6.562280771145096218e-05
6.562208893988720980e-05
6.562052452666071098e-05
6.562058995200082399e-05
6.562007722376215991e-05
6.561934943764668852e-05
6.561837053109864973e-05
6.561830522130722063e-05
6.561658729034125330e-05
6.561485098421545312e-05
6.561390965183466198e-05
6.561314940777183643e-05
6.561033898754038013e-05
6.560933217440714977e-05
6.560773200170680482e-05
6.560656312703914842e-05
6.560491467336354349e-05
6.560073538054291367e-05
6.558553156043788141e-05
6.556303972094870724e-05
6.556210939528718800e-05
6.555862536570843449e-05
6.555606025129729903e-05
6.555546963685382510e-05
6.555196175498292769e-05
6.554779169897859289e-05
6.554367479207331222e-05
6.554205175738024569e-05
6.554215448819345467e-05
6.553953401934112786e-05
6.553857805526817079e-05
6.553217445978416593e-05
6.552546352526024181e-05
6.552229817728951410e-05
6.550988398610214491e-05
6.550430004846718014e-05
6.538288167753843758e-05
6.537283703054533606e-05
6.535682486178524212e-05
6.533674504110502206e-05
6.532416580581943235e-05
6.527892545879757558e-05
6.518142194164203802e-05
6.516612903002077758e-05
6.516239904123811955e-05
6.512418661513883725e-05
6.497099192385824660e-05
6.494341372465546461e-05
6.490405770175438596e-05
6.486040716171300857e-05
6.484974082940287083e-05
6.481700877456714562e-05
6.480766929322273650e-05
6.476351590690556455e-05
6.468609054774636759e-05
6.464384846233435099e-05
6.460365654320545368e-05
6.456272111369964670e-05
6.429994598471631701e-05
6.423387358273553477e-05
6.418301758618846515e-05
6.389788733401308520e-05
6.386828532140286256e-05
6.377390622964356024e-05
6.356168628739881433e-05
6.348680217036047275e-05
6.345862738240432997e-05
6.335750065080608727e-05
6.329152422867965902e-05
6.324349854027989058e-05
6.314239516110771986e-05
6.305233859699707134e-05
6.295256025525133381e-05
6.286604223014421761e-05
6.281394286227767005e-05
6.277345889296297990e-05
6.274247115385982664e-05
6.263717679266471276e-05
6.255167220368780469e-05
6.241323058092200493e-05
6.204647781941376432e-05
6.187584418558693985e-05
6.181705515653441779e-05
6.175714469438532380e-05
6.153651953267758187e-05
6.147644809512648010e-05
6.149443702764165968e-05
6.125504976270356968e-05
6.105883111488209986e-05
6.080482674789128013e-05
6.081659597745522081e-05
6.063559606225119741e-05
6.039944885153797100e-05
6.063696926703048158e-05
6.057063333759533122e-05
6.070042006659093897e-05
6.076838387864525967e-05
6.103696171544174245e-05
6.130795289139214931e-05
6.121356449375727816e-05
6.147519371912712810e-05
6.182025341468352572e-05
6.178882584784880475e-05
6.201302544084215894e-05
6.257015484267972668e-05
6.332625235730066147e-05
6.411345477018445620e-05
6.517122799097404434e-05
6.698722853749264209e-05
6.964743715660810580e-05
7.135625965325832548e-05
7.421533200624281742e-05
7.678402250564466173e-05
8.171965279563129321e-05
8.368689285654732084e-05
9.149909653914660337e-05
9.968660479629076049e-05
1.072823916750948034e-04
1.183191926576845411e-04
1.298243710659788969e-04
