9.822955114615611327e-01
9.827258474610988115e-01
9.835845262220043184e-01
9.848683705654338594e-01
9.865743604717118753e-01
9.887010461666778660e-01
9.912495491524599966e-01
9.942238100098035325e-01
9.976300032565317277e-01
1.001475329789005109e+00
1.005766616172499184e+00
1.010509221205378338e+00
1.015706648189513395e+00
1.021361019912230050e+00
1.027474274056175529e+00
1.034049681556953537e+00
1.041093167305315870e+00
1.048613965508283341e+00
1.056624355225157297e+00
1.065138523998889086e+00
1.074170896411581921e+00
1.083734440710447666e+00
1.093839469280068366e+00
1.104493275917058037e+00
1.115700663064834952e+00
1.127465104474977053e+00
1.139790069485581370e+00
1.152679981569372680e+00
1.166140417171257271e+00
1.180177427372458787e+00
1.194796189364790484e+00
1.209999452370907447e+00
1.225786339070260356e+00
1.242151958210917506e+00
1.259088005551375344e+00
1.276584168218216186e+00
1.294629823561766591e+00
1.313215350782084068e+00
1.332332417937764246e+00
1.351972862921328788e+00
1.372126176728355018e+00
1.392775994985636645e+00
1.413896277683416081e+00
1.435447916057978057e+00
1.457376331439396600e+00
1.479610286507715422e+00
1.502061738512205702e+00
1.524626269458546624e+00
1.547183542422477132e+00
1.569597396535420408e+00
1.591715555771665125e+00
1.613369359753600296e+00
1.634374261782715498e+00
1.654531932917223891e+00
1.673634587471752200e+00
1.691471636755834895e+00
1.707838119543998445e+00
1.722543751289991931e+00
1.735421085591684953e+00
1.746331333329425917e+00
1.755166862820195739e+00
1.761850198011138291e+00
1.766330220589431788e+00
1.768577000312758107e+00
