1.315541923690725802e-05
5.919284158138771743e-04
1.169065166217102313e-03
1.782199332442710666e-03
2.383061652365230966e-03
2.988014587722112505e-03
3.588876907644634757e-03
4.229009135737030710e-03
4.901048164217449397e-03
5.568996577263505762e-03
6.232036251788328728e-03
6.909802141876851891e-03
7.587568031965382861e-03
8.256334568098318977e-03
8.931646088926228910e-03
9.621683825317845981e-03
1.030354033084073667e-02
1.098948745179799055e-02
1.167216208040775492e-02
1.237856227853681608e-02
1.308496247666587897e-02
1.378318144392621722e-02
1.448140041118655026e-02
1.518780060931559234e-02
1.590729077683458725e-02
1.661041848261615370e-02
1.732336366544018000e-02
1.803630884826419936e-02
1.875498089269632060e-02
1.947283481404158204e-02
2.019805184316869270e-02
2.092408699538266664e-02
2.163621405511982274e-02
2.235734046881256501e-02
2.306783128237596681e-02
2.379877517311117935e-02
2.452808281767263759e-02
2.524511861593102188e-02
2.596951752197124499e-02
2.669800704344583997e-02
2.740195287231425234e-02
2.810917119353016635e-02
2.879839080683490801e-02
2.947533857383652714e-02
3.012283390971072505e-02
3.079487293819114374e-02
3.143418704319663609e-02
3.206695616350715289e-02
3.269727091455708334e-02
3.333740314264944243e-02
3.398408035543677014e-02
3.462094009118166227e-02
3.527825290409834780e-02
3.592656636305943674e-02
3.657978856054178163e-02
3.721173955776543862e-02
3.784287243190222194e-02
3.846418782899650723e-02
3.907241325670086224e-02
3.971581797714072298e-02
4.033795149732188196e-02
4.096663000219803730e-02
4.160430786102976841e-02
4.225998442777272740e-02
4.290829788673379552e-02
4.355415697643425649e-02
4.419428920452663639e-02
4.484505703274834637e-02
4.552527729209747409e-02
4.615068330462612778e-02
4.680881424062972168e-02
4.747839889984946382e-02
4.812834860498430706e-02
4.876848083307668003e-02
4.941924866129841082e-02
5.008474270508379150e-02
5.074614613343486624e-02
5.140264082326467809e-02
5.206568049778948631e-02
5.273362891083552273e-02
5.339994107770782567e-02
5.404089142888705843e-02
5.470556734958560707e-02
5.537842450115288556e-02
5.603655543715647253e-02
5.672004818885310884e-02
5.737736100176987764e-02
5.805676313803223576e-02
5.873698339738146756e-02
5.941311304129628240e-02
6.008597019286363722e-02
6.075310048282286934e-02
6.144313821921455060e-02
6.210781413991313393e-02
6.281503246112914163e-02
6.347398152021965778e-02
6.417138236439318133e-02
6.484587576213425575e-02
6.552527789839660000e-02
6.617440948044464588e-02
6.685135724744632746e-02
6.753157750679553151e-02
6.820198028910222365e-02
6.891001673340509115e-02
6.959514573127553727e-02
7.027536599062472744e-02
7.093922378823645791e-02
7.163907900167063025e-02
7.231766301484605919e-02
7.301588198210642866e-02
7.371001033393245749e-02
7.438777622402104051e-02
7.506554211410958188e-02
7.575230735815381700e-02
7.646361629480415145e-02
7.713320095402402543e-02
7.781587558263378113e-02
7.849200522654860290e-02
7.917467985515841411e-02
7.984344639129141441e-02
8.052775726607494522e-02
8.119897817146858043e-02
8.187674406155710793e-02
8.257005429029624921e-02
8.322900334938675149e-02
8.393703979368960510e-02
8.462053254538626224e-02
8.529911655856174668e-02
8.599079054112718223e-02
8.666610206195510258e-02
8.735368542908615586e-02
8.803636005769596706e-02
8.874030588656441065e-02
8.941152679195801811e-02
9.012283572860833869e-02
9.083659903451929418e-02
9.149145747817548358e-02
9.217822272221963542e-02
9.287235107404569201e-02
9.352148265609376565e-02
9.422624660804911068e-02
9.489828563652957794e-02
9.558259651131313650e-02
9.627836110931296820e-02
9.695694512248839714e-02
9.764534661270635185e-02
9.832556687205558366e-02
9.899924214670979827e-02
9.968846176001465442e-02
1.003793176194931747e-01
1.010742640944061188e-01
1.017593930922765094e-01
1.024314321207570183e-01
1.031124705031930822e-01
1.037787826700654753e-01
1.044712747757177707e-01
1.051334963271557954e-01
1.057998084940281608e-01
1.064800287533773787e-01
1.071684302435953057e-01
1.078674673339425627e-01
1.085419607316836926e-01
1.092319984680753531e-01
1.099130368505114169e-01
1.106161645562930423e-01
1.113012935541635440e-01
1.120019668906845484e-01
1.126690971806438568e-01
1.133329549782556428e-01
1.140189020992129071e-01
1.147326654051239181e-01
1.154079769259521576e-01
1.160701984773901407e-01
1.167471462443920027e-01
1.174216396421331882e-01
1.181108592554380027e-01
1.187730808068759719e-01
1.194590279278332640e-01
1.201302488332270518e-01
1.207981972462732062e-01
1.214882349826650193e-01
1.221553652726242722e-01
1.228486755013634413e-01
1.235248051452781937e-01
1.242033891584537197e-01
1.248566113559363283e-01
1.255286503844168788e-01
1.261965987974630055e-01
1.268670015797697392e-01
1.275374043620764730e-01
1.282069890212964025e-01
1.288855730344719286e-01
1.295764288939505460e-01
1.302370141992147956e-01
1.308926907659577477e-01
1.315917278563051851e-01
1.322547675308300419e-01
1.329063534821388892e-01
1.335783925106193704e-01
1.342250697234068924e-01
1.349011993673217280e-01
1.355593303033253705e-01
1.362330055779797100e-01
1.368895002678096051e-01
1.375419043422052845e-01
1.381967627858614323e-01
1.388589843372995403e-01
1.395424770889963084e-01
1.402300604561274311e-01
1.408996451153472773e-01
1.415594122975246949e-01
1.422330875721789234e-01
1.428830372773139401e-01
1.435395319671438075e-01
1.442295697035355928e-01
1.448893368857130659e-01
1.455662846527148724e-01
1.462293243272396459e-01
1.468784559092878583e-01
1.475316781067701755e-01
1.482151708584670269e-01
1.488855736407737329e-01
1.495224333765187152e-01
1.501977448973467466e-01
1.508419677408735782e-01
1.515205517540491043e-01
1.521835914285740443e-01
1.528409042414907715e-01
1.535186701315794100e-01
1.541751648214094161e-01
1.548300232650655084e-01
1.555004260473722422e-01
1.561839187990689548e-01
1.568363228734646342e-01
1.575189975020745425e-01
1.581779465611649060e-01
1.588508037127323302e-01
1.595097527718228048e-01
1.601678837078265305e-01
1.608448314748282537e-01
1.615111436417005775e-01
1.621619114699224540e-01
1.628143155443178836e-01
1.635207157424470314e-01
1.641608479705394807e-01
1.648083433064137515e-01
1.654844729503285872e-01
1.661466945017666952e-01
1.667827361144248732e-01
1.674580476352528491e-01
1.681161785712566303e-01
1.687873994766500574e-01
1.694627109974780610e-01
1.701331137797847948e-01
1.707806091156590655e-01
1.714313769438808588e-01
1.720878716337109204e-01
1.727222770001951846e-01
1.733714085822430917e-01
1.740418113645497977e-01
1.746852160849897972e-01
1.753842531753370404e-01
1.760440203575145968e-01
1.766882432010413728e-01
1.773561916140873329e-01
1.780045050730485467e-01
1.786560910243573386e-01
1.793183125757953356e-01
1.799453548344978615e-01
1.806043038935882805e-01
1.813131584609779801e-01
1.819778343816767785e-01
1.826613271333734079e-01
1.833112768385083136e-01
1.840119501750292763e-01
1.847019879114210894e-01
1.853838444169439714e-01
1.860264310142970279e-01
1.866960156735167908e-01
1.873566009787810127e-01
1.880392756073909766e-01
1.886949521741338176e-01
1.893620824640930567e-01
1.900472114619634889e-01
1.907331585829208087e-01
1.914084701037487568e-01
1.920878722400110594e-01
1.927770918533159017e-01
1.934794014360105840e-01
1.941833472648791803e-01
1.948750212474444909e-01
1.955184259678844627e-01
1.962436429970116636e-01
1.969361351026640006e-01
1.976343540699244949e-01
1.983211193139686190e-01
1.990618806817464892e-01
1.998018239264373330e-01
2.004763173241782548e-01
2.011884443839154490e-01
2.018711190125252741e-01
2.025848823184363268e-01
2.033240074400402830e-01
2.040590419462099403e-01
2.047867133445978871e-01
2.055045672659432665e-01
2.062117855871591077e-01
2.069410932317205243e-01
2.076188591218091906e-01
2.083301680584594973e-01
2.090774744109322736e-01
2.097896014706696899e-01
2.105344534538818313e-01
2.112293999287944979e-01
2.119063476957963044e-01
2.126282922325760105e-01
2.133698717234406295e-01
2.140926343833073064e-01
2.148751200285155538e-01
2.156240626271620220e-01
2.163607333795054821e-01
2.171129484704995560e-01
2.178807079001440494e-01
2.186149242832268469e-01
2.193458681739619831e-01
2.201299900653441166e-01
2.208903863872067885e-01
2.216728720324152024e-01
2.224250871234091931e-01
2.231961190454011812e-01
2.239548791210901058e-01
2.247152754429528332e-01
2.255149416729853029e-01
2.262949729489323325e-01
2.271069110252678658e-01
2.278828516857805409e-01
2.286906991466812478e-01
2.294740029149760219e-01
2.302638516679658964e-01
2.310757897443012354e-01
2.318934546822447595e-01
2.326808490659734718e-01
2.334510628648783503e-01
2.342891808799934805e-01
2.350782115098963565e-01
2.359212382635325067e-01
2.367159957550432903e-01
2.375205707235969466e-01
2.383423262769744644e-01
2.391755355535683802e-01
2.399670205527320854e-01
2.407977754600652276e-01
2.416138041518347823e-01
2.423905629354349556e-01
2.432597696278509247e-01
2.440766164427072005e-01
2.449286425502993081e-01
2.457373081342869581e-01
2.465876979957052906e-01
2.474380878571231790e-01
2.482287547331999411e-01
2.491012339179635993e-01
2.499598050102504188e-01
2.508249210872322554e-01
2.516777653179108620e-01
2.525347001640242950e-01
2.534022706102667111e-01
2.542322073945130767e-01
2.550956872253212215e-01
2.559820745025617184e-01
2.568480087026307479e-01
2.577311234875238055e-01
2.586117839031559229e-01
2.594948986880493691e-01
2.603600147650312890e-01
2.612333120728821956e-01
2.621025187652984978e-01
2.630003597657550873e-01
2.639022913816465032e-01
2.647780430587576839e-01
2.656693390745193950e-01
2.665508176132388440e-01
2.674126611978734913e-01
2.683047753367221455e-01
2.691952532293971356e-01
2.701217285378944566e-01
2.710449313540443383e-01
2.719681341701941646e-01
2.728667932937379748e-01
2.737949048484088488e-01
2.747148351722111803e-01
2.756560366962722552e-01
2.766111463128100301e-01
2.775466209752629476e-01
2.784894587454979087e-01
2.794208427925163329e-01
2.803685893012722863e-01
2.813433338718952514e-01
2.823401677658636255e-01
2.832789149206642043e-01
2.842552957374607225e-01
2.852251315695620848e-01
2.862006942632719930e-01
2.871967100341536461e-01
2.881927258050350216e-01
2.892010134222197104e-01
2.902043923008830739e-01
2.911496844403786421e-01
2.921710620269531433e-01
2.931752590287031723e-01
2.942285434156657886e-01
2.953080077414083071e-01
2.963293853279829193e-01
2.973851240842059207e-01
2.984326816095604351e-01
2.995146003045633942e-01
3.005793384147418257e-01
3.016489852634420266e-01
3.027390851893136392e-01
3.037989145609709118e-01
3.049143763025357057e-01
3.059742056741934224e-01
3.070782136925419570e-01
3.081928573110199743e-01
3.092674128982411674e-01
3.103755115320241398e-01
3.114893370274152140e-01
3.125818913225476003e-01
3.136752637407665967e-01
3.147440924663797435e-01
3.158767347927686764e-01
3.169750159495092201e-01
3.180479352905564716e-01
3.191355808471676436e-01
3.202134089267364980e-01
3.212503308519619183e-01
3.223077058543590834e-01
3.233511727642793265e-01
3.244208196129791943e-01
3.254831033538973517e-01
3.266034738339834154e-01
3.276903012675077553e-01
3.288114898706807065e-01
3.298246862263869983e-01
3.308714256286547917e-01
3.319549805698314149e-01
3.330532617265717921e-01
3.341580878680072142e-01
3.352113722549698860e-01
3.362417491955000948e-01
3.372500368126847281e-01
3.382894131071707555e-01
3.393304256478301695e-01
3.404246161891362754e-01
3.415179886073556048e-01
3.426383590874412799e-01
3.437260046440524519e-01
3.448291945393143765e-01
3.459683818503985764e-01
3.470732079918339430e-01
3.481665804100531059e-01
3.492116835661469576e-01
3.502772397994126097e-01
3.513845203101088055e-01
3.524778927283284125e-01
3.535025428072502973e-01
3.545124666706086503e-01
3.555093005645766913e-01
3.565863105210587136e-01
3.576805010623644865e-01
3.587575110188465644e-01
3.598353390984154743e-01
3.609139853010707166e-01
3.619918133806395155e-01
3.630483702599493490e-01
3.640648391080026913e-01
3.651213959873130244e-01
3.661591360356247771e-01
3.672263285150638712e-01
3.682673410557236737e-01
3.693058992271222030e-01
3.703370942907389107e-01
3.713756524621381061e-01
3.723651232483246587e-01
3.733685021269880222e-01
3.743620635286088461e-01
3.753049012988435851e-01
3.763131889160281074e-01
3.772674804094791057e-01
3.782733136574031874e-01
3.792300595201151814e-01
3.802129853216064670e-01
3.811312793992353010e-01
3.820463009845164182e-01
3.830185911858783321e-01
3.839475208636365378e-01
3.848764505413944104e-01
3.857489297261582628e-01
3.866582244498312781e-01
3.875184317882921503e-01
3.883793917999924239e-01
