1.391720730579654002e-02
1.162280699047576332e-02
1.027764163124678803e-02
9.302414029261976691e-03
8.499699774236146865e-03
7.822653892686012508e-03
7.244781775122418992e-03
6.741704240169946703e-03
6.287643480722614371e-03
5.874134403800876023e-03
5.499146120909497587e-03
5.155501767483003199e-03
4.837996901989858461e-03
4.544858886035304732e-03
4.274983101401804049e-03
4.027057855684337308e-03
3.798990615838506845e-03
3.587781176729310829e-03
3.391886112630662382e-03
3.209589113549954267e-03
3.039608232713330443e-03
2.881205961681961025e-03
2.733403644832927640e-03
2.595773336235400637e-03
2.467542893402011311e-03
2.347286095684871995e-03
2.234939977141287178e-03
2.129747125272672854e-03
2.030860896406734648e-03
1.937859691481263850e-03
1.850560249713551712e-03
1.768513650800560997e-03
1.691594495269252950e-03
1.619576752368016804e-03
1.552093144825227814e-03
1.488655238059721862e-03
1.429241630955839157e-03
1.373762008199463187e-03
1.321608967813880193e-03
1.272881723753557532e-03
1.227426053065994735e-03
1.184786357555609642e-03
1.144804105455210453e-03
1.107208465559313040e-03
1.071852673601347752e-03
1.038469350957075014e-03
1.007004851656565078e-03
9.773624766664925842e-04
9.493455118665889217e-04
9.230343655761807497e-04
8.982669136041535876e-04
8.749958373060577610e-04
8.533615330134476868e-04
8.331954799434969534e-04
8.143623335826870877e-04
7.967276960113555415e-04
7.801942421995043805e-04
7.646749600241848407e-04
7.502002154342194210e-04
7.364770588669718740e-04
7.234211462484339611e-04
7.110712988109622705e-04
6.994037847469114673e-04
6.884376150281095721e-04
6.778213691045709101e-04
6.677143628669036501e-04
6.580538900210051610e-04
6.487748354277649097e-04
6.398306245096199935e-04
6.311738110821237284e-04
6.228224236655746085e-04
6.146648572392029173e-04
6.068669654896245149e-04
5.993721095425362088e-04
5.920485458657042755e-04
5.849522026871312045e-04
5.780881987896739974e-04
5.713576641841973175e-04
5.648310609884619072e-04
5.584747283228784541e-04
5.522831805837884666e-04
5.462103454850457266e-04
5.403347439330090070e-04
5.345506600916300746e-04
5.288770440890163717e-04
5.232663278393603554e-04
5.178557273078797287e-04
5.125454303628277242e-04
5.072522411688011037e-04
5.021692433622365137e-04
4.971661736944724911e-04
4.922869291643407197e-04
4.874255157943582772e-04
4.827056122954941943e-04
4.779304363620729941e-04
4.733171467988797555e-04
4.687766967355845495e-04
4.643336484112661278e-04
4.599482038121593236e-04
4.556815618499032890e-04
4.515048916438507459e-04
4.473799796011733183e-04
4.433439630857310791e-04
4.392191517796536484e-04
4.352209560660527123e-04
4.312878026106418267e-04
4.274551504016203362e-04
4.236397683209606330e-04
4.199041293651478495e-04
4.161382280077137626e-04
4.124217997418329253e-04
4.087838483331711456e-04
4.052129399631936068e-04
4.017047182488501676e-04
3.981506301391487070e-04
3.946886342800329825e-04
3.912496956719568159e-04
3.878480453666220706e-04
3.845303872962354532e-04
3.812249376341451793e-04
3.779514980575775620e-04
3.747301307759318980e-04
3.715049663565824140e-04
3.683391724350864715e-04
3.652012667039737409e-04
3.621169577953068253e-04
3.590178248134513663e-04
3.559499240657413416e-04
3.529235731808334667e-04
3.499311019387614085e-04
3.469834737674809023e-04
3.440457471487271815e-04
3.411240971565413253e-04
3.382445935353554358e-04
3.353800713214410804e-04
3.324889624097313143e-04
3.296629284854085012e-04
3.268609422809502047e-04
3.241041204610790719e-04
3.213926056511537291e-04
3.186760151872638233e-04
3.159933686687875910e-04
3.133467799088579726e-04
3.106919367177711500e-04
3.080702521097021160e-04
3.054950430202708054e-04
3.029234827372935253e-04
3.003520181625425286e-04
2.978016871754590495e-04
2.952865828869767140e-04
2.928024592634410179e-04
2.903105406584889029e-04
2.878653057764479404e-04
2.854486023904294714e-04
2.830462059946542907e-04
2.806635491879928314e-04
2.783105504906906126e-04
2.759550800252393477e-04
2.736351045942298616e-04
2.713256149090141102e-04
2.690425948834775918e-04
2.667878383852716802e-04
2.645458679515019394e-04
2.623228874852114598e-04
2.601019622726252929e-04
2.579140202673050708e-04
2.557301795347581195e-04
2.535690464238933052e-04
2.514516180437561762e-04
2.493551483496060238e-04
2.472352140785163618e-04
2.451590818016714498e-04
2.430984456037153265e-04
2.410703814749003279e-04
2.390317391459461185e-04
2.370002943132072562e-04
2.350086138266069041e-04
2.330360336226944414e-04
2.310802961052500098e-04
2.291419746292921826e-04
2.272079949272369460e-04
2.253005582490915672e-04
2.233914737997107582e-04
2.215090306071223830e-04
2.196519072239114885e-04
2.178018026993821935e-04
2.159724854426121454e-04
2.141482197425816037e-04
2.123493094331668296e-04
2.105586747478718193e-04
2.087770768514661058e-04
2.070171612095497108e-04
2.052713656242488474e-04
2.035447836237620452e-04
2.018325166913281386e-04
2.001317121321723083e-04
1.984385198291152726e-04
1.967680800965970766e-04
1.950944871795781048e-04
1.934406585402324277e-04
1.918052186935928277e-04
1.901902404793420537e-04
1.885906900500939785e-04
1.869920485545763494e-04
1.854100198993255974e-04
1.838471306107807663e-04
1.822949402702530425e-04
1.807568398495304853e-04
1.792184982984394888e-04
1.776897291367501624e-04
1.761921987443355875e-04
1.747045881587426833e-04
1.732293289025855099e-04
1.717730594320689499e-04
1.703284507742386009e-04
1.688995329427906984e-04
1.674214507538897344e-04
1.660092183864313100e-04
1.646103427378029394e-04
1.632247425335316040e-04
1.618511285272704163e-04
1.604867206276186075e-04
1.591354669482718514e-04
1.577879820425723419e-04
1.564566527768317149e-04
1.551376569765359331e-04
1.538304782803795033e-04
1.525370486056486469e-04
1.512507109610551279e-04
1.499695743187456508e-04
1.487082163335578383e-04
1.474571711227262130e-04
1.462157455491109139e-04
1.449788079537164972e-04
1.437553416984599949e-04
1.425532633294173963e-04
1.411781127565209400e-04
1.399919596612471786e-04
1.388073437668907548e-04
1.376379932858895711e-04
1.364803247096409242e-04
1.353322848534410986e-04
1.341839601826343425e-04
1.330535131354397397e-04
1.319325025856511258e-04
1.308271362715231992e-04
1.297291831216494673e-04
1.286476540710570983e-04
1.275720822515341471e-04
1.265121951128197922e-04
1.254446799885414133e-04
1.243710891850646262e-04
1.233325270575524998e-04
1.222922694833267676e-04
1.212612779454703130e-04
1.202452292297977393e-04
1.192456364562315363e-04
1.182559799015741610e-04
1.172811591873868550e-04
1.163103949904728546e-04
1.153422023337194485e-04
1.143561772424574738e-04
1.134155951275377696e-04
1.124810503357383810e-04
1.115571167908662874e-04
1.106433475398831205e-04
1.097442555460282926e-04
1.088448987398213510e-04
1.079512505714119507e-04
1.070758516527482701e-04
1.060904969718554688e-04
1.052342570516535112e-04
1.043854585282949748e-04
1.035296059097802528e-04
1.027033513157451404e-04
1.017917636895977952e-04
1.009507649139793252e-04
1.001446925320040554e-04
9.935034985423011559e-05
9.856612789302917948e-05
9.779386116061367486e-05
9.702801174091893997e-05
9.627678115361362038e-05
9.553348714312848372e-05
9.479556622634985438e-05
9.407401459214187424e-05
9.335421796562940605e-05
9.265064732131517784e-05
9.195412616579900719e-05
9.121630272443823832e-05
9.053976399782658621e-05
8.984131893299762900e-05
8.907913489698710018e-05
8.840545305653097613e-05
8.775675155184008039e-05
8.712566074132397633e-05
8.650387819593031839e-05
8.580028859705044419e-05
8.519058502944051674e-05
8.458947179647607255e-05
8.400342968577649062e-05
8.342707268692025702e-05
8.284521024387634205e-05
8.224451577717579152e-05
8.169494061129376318e-05
8.115591588980302317e-05
8.062551501994952004e-05
8.008512418012599706e-05
7.956428251091841256e-05
7.906138215943728177e-05
7.856385790565928657e-05
7.802599873106501175e-05
7.754470612654475669e-05
7.707385123753541459e-05
7.660316697472024927e-05
7.611742927120879263e-05
7.565899402465036511e-05
7.520139417574942789e-05
7.476271166219221646e-05
7.434642155955491943e-05
7.393877074403758525e-05
7.354335143365880946e-05
7.315189512054035719e-05
7.269052334799761233e-05
7.223163697562366161e-05
7.186244019791284061e-05
7.149854100369210693e-05
7.111726131587267142e-05
7.075005817891991860e-05
7.040055396671575122e-05
7.006890629072491520e-05
6.973220143643094678e-05
6.941945335111422482e-05
6.903880923727451994e-05
6.871865269469126488e-05
6.842294726067243830e-05
6.813547364265693928e-05
6.785613820480641345e-05
6.753761670759258681e-05
6.726478926941403824e-05
6.700684005786786081e-05
6.674076626082802441e-05
6.647049398563316608e-05
6.618451997412764056e-05
6.594830476131260759e-05
6.569077428054621631e-05
6.545903155106483210e-05
6.522814061945281521e-05
6.501535141179522518e-05
6.480322997440306947e-05
6.460196022857676011e-05
6.440897640349481075e-05
6.410950869620270708e-05
6.389449322388695283e-05
6.356328352404855958e-05
6.334680168303646983e-05
6.317215175339139903e-05
6.296222449758714403e-05
6.279699070173356732e-05
6.263775930586903832e-05
6.246304578720055704e-05
6.231582478244698613e-05
6.217032498684095531e-05
6.201605586067486108e-05
6.187902305325924761e-05
6.173747216936039544e-05
6.159976238197901674e-05
6.145257717732381881e-05
6.132632970188146675e-05
6.121576364500374754e-05
6.110492134364241441e-05
6.100034906466868202e-05
6.089243706569433837e-05
6.079712785061592531e-05
6.070844482642578428e-05
6.058050792732333544e-05
6.049664368966835797e-05
6.041910154508141741e-05
6.034589696998708105e-05
6.026439251484474845e-05
6.019402455350537418e-05
6.012160818275310366e-05
6.003589797695322298e-05
5.997006723832421231e-05
5.990833865239953565e-05
5.983442412240992512e-05
5.977927519471749619e-05
5.972959632503097087e-05
5.964780343422524344e-05
5.960061190750319516e-05
5.951820320812326981e-05
5.944789915304619660e-05
5.940854895393424820e-05
5.937252495413380580e-05
5.933494234454875232e-05
5.930348302686688132e-05
5.927291883856930819e-05
5.923739547241581717e-05
5.921115905174146265e-05
5.918570214247896854e-05
5.916369723338340387e-05
5.914463448144932173e-05
5.912220931183525998e-05
5.910619580770980149e-05
5.909078186774094598e-05
5.907670698009354890e-05
5.906418274665987522e-05
5.897930379647144437e-05
5.896211887249975690e-05
5.895161891084218456e-05
5.894186897095104652e-05
5.893598462754389740e-05
5.892788424108696092e-05
5.891996601185959831e-05
5.891501730112129768e-05
5.890852969827153180e-05
5.890458451528664691e-05
5.890009130085289334e-05
5.889810246477894832e-05
5.889535558439267101e-05
5.889457740428389324e-05
5.888660188192827439e-05
5.888579042471998263e-05
5.888484085792045650e-05
5.888394616846590138e-05
5.888305363340240526e-05
5.888226483327235343e-05
5.888146709945279295e-05
5.887937500297631355e-05
5.887448577077281509e-05
5.887409626589065731e-05
5.887344685722099548e-05
5.887229839320437297e-05
5.887171214562742725e-05
5.887130242989658201e-05
5.887008728784773006e-05
5.886936940758082034e-05
5.886840595834183217e-05
5.886347934864203979e-05
5.886140292507638518e-05
5.886119439141919185e-05
5.886046198568730417e-05
5.885949721599901868e-05
5.885867012495710307e-05
5.885793162642714892e-05
5.885552792890724652e-05
5.885502393497632023e-05
5.885067580502054043e-05
5.884783900614300406e-05
5.884696680008298284e-05
5.884566702048128490e-05
5.884376885086829186e-05
5.884295520520235338e-05
5.884071647602791294e-05
5.883357172699631615e-05
5.882987228959157328e-05
5.882754631464035406e-05
5.882249373935876497e-05
5.881932535214919375e-05
5.881636197248845549e-05
5.880766109991063565e-05
5.880436934237936124e-05
5.880393218235312425e-05
5.880036349577660951e-05
5.880011833494567619e-05
5.879964138242629287e-05
5.879941090694749636e-05
5.879889654399347930e-05
5.879852511103770283e-05
5.879531837068797593e-05
5.879178047261312607e-05
5.878387069222106346e-05
5.878067447371547471e-05
5.877466747038195409e-05
5.876478461879906557e-05
5.876182854832741570e-05
5.875578075298593323e-05
5.875302986692825777e-05
5.874894778387264581e-05
5.873986728789691667e-05
5.873025068841522550e-05
5.871897015880995927e-05
5.870666287404728188e-05
5.869242586776954275e-05
5.867594562925171819e-05
5.865705459707756185e-05
5.858331808387611070e-05
5.857611983348819427e-05
5.856292508242954290e-05
5.856168595628862125e-05
5.856782020888102845e-05
5.855195798645718619e-05
5.854983090813707918e-05
5.855686554086865259e-05
5.856878722411147897e-05
5.858639652137270711e-05
5.867311552918947850e-05
5.865637337038220780e-05
5.889999985500174424e-05
5.913903753190902880e-05
6.078918843352267492e-05
