1.232502853747378557e+00
1.233042803670992615e+00
1.234120202567355440e+00
1.235731063974029098e+00
1.237871598617716007e+00
1.240539987437685010e+00
1.243737637596108669e+00
1.247469493399953944e+00
1.251743302114142864e+00
1.256568098817635315e+00
1.261952448909671620e+00
1.267903076157731235e+00
1.274424376207158316e+00
1.281519012549599879e+00
1.289189416424536994e+00
1.297439691928787386e+00
1.306277273124235805e+00
1.315713746330645195e+00
1.325764518298103933e+00
1.336447390385718137e+00
1.347780461371335115e+00
1.359780002745754057e+00
1.372458953644162261e+00
1.385826465727718837e+00
1.399888564713210659e+00
1.414649609183321610e+00
1.430113952180646741e+00
1.446287143913945084e+00
1.463176181242884066e+00
1.480788656558635230e+00
1.499131065766086790e+00
1.518206858354123501e+00
1.538014933525068129e+00
1.558549154132876202e+00
1.579799100695750802e+00
1.601751833468191721e+00
1.624394024024583327e+00
1.647713600978968573e+00
1.671700110100090786e+00
1.696343310252234504e+00
1.721630015610126518e+00
1.747539693519452930e+00
1.774039671141618424e+00
1.801080878051248169e+00
1.828594833469171732e+00
1.856492154724877608e+00
1.884662373087784504e+00
1.912974473530037356e+00
1.941277467270734913e+00
1.969400510955870764e+00
1.997152541268636616e+00
2.024321937166273955e+00
2.050677144768220383e+00
2.075969317378300261e+00
2.099937742762948645e+00
2.122318191710236501e+00
2.142853495884145865e+00
2.161304902027622710e+00
2.177462312291401414e+00
2.191151585605871421e+00
2.202237674667022915e+00
2.210623368952894019e+00
2.216244529446294464e+00
2.219063602162617777e+00
