1.315541923690725802e-05
5.919284158138771743e-04
1.167428920043357991e-03
1.774018101573986888e-03
2.368335436801528599e-03
2.967561510550303493e-03
3.570060076646569634e-03
4.179921750524690643e-03
4.806145886140258776e-03
5.469185560665080874e-03
6.126498373581795893e-03
6.778902447977281850e-03
7.449305230283959252e-03
8.120526135677510332e-03
8.781111440941723537e-03
9.436788007684699872e-03
1.011864451320758883e-02
1.080050101873048125e-02
1.146763130868966654e-02
1.213721596790947807e-02
1.280761875021615807e-02
1.348047590178345044e-02
1.416887739200131842e-02
1.484909765135043920e-02
1.552195480291771595e-02
1.621281066239617721e-02
1.690693901422213319e-02
1.761906607395928928e-02
1.832873876443581393e-02
1.905231954738917377e-02
1.978080906886377222e-02
2.050111735946963734e-02
2.122060752698864614e-02
2.192700772511767954e-02
2.264731601572355160e-02
2.336598806015567978e-02
2.408547822767468510e-02
2.481887648767050480e-02
2.552854917814705027e-02
2.625540245344790136e-02
2.697652886714064710e-02
2.771565398874458949e-02
2.843105354082920908e-02
2.914072623130572678e-02
2.989048695303899925e-02
3.059361465882052752e-02
3.132374042646882822e-02
3.202359563990288260e-02
3.273245020729253357e-02
3.344866788246401990e-02
3.416733992689614807e-02
3.486310452489581324e-02
3.555723287672174493e-02
3.626363307485078874e-02
3.690949216455123583e-02
3.756680497746793523e-02
3.823966212903517903e-02
3.890433804973372767e-02
3.955919649338978522e-02
4.017396690578915047e-02
4.080755414918653401e-02
4.144114139258392449e-02
4.208372798993693931e-02
4.278031071102348509e-02
4.346134909345950731e-02
4.410720818315997521e-02
4.477924721164034533e-02
4.543410565529643758e-02
4.602596862126334676e-02
4.666773709552946015e-02
4.733486738548860900e-02
4.798481709062347306e-02
4.863149430341079382e-02
4.928717087015374587e-02
4.995266491393920288e-02
5.058625215733657948e-02
5.120920380060466071e-02
5.188696969069317433e-02
5.250992133396122086e-02
5.316477977761731311e-02
5.378282268236415226e-02
5.438695749463413887e-02
5.499109230690413241e-02
5.560586271930346297e-02
5.619772568527036521e-02
5.681576859001726681e-02
5.743626586402477557e-02
5.803631006086051869e-02
5.867807853512670840e-02
5.930839328617669437e-02
5.994116240648728750e-02
6.057802214223220738e-02
6.122224498575904589e-02
6.186892219854647768e-02
6.250332756503079734e-02
6.313282419299394432e-02
6.380404509838756566e-02
6.439263557200708421e-02
6.502622281540450244e-02
6.566308255114949866e-02
6.632039536406628133e-02
6.695561885363747467e-02
6.757938861999246427e-02
6.822279334043242216e-02
6.886374369161171738e-02
6.951205715057287571e-02
7.014646251705723701e-02
7.078414037588906527e-02
7.143163571176333604e-02
7.209631163246196794e-02
7.273808010672813684e-02
7.339457479655800420e-02
7.405106948638792708e-02
7.470265543769652461e-02
7.535505951209206521e-02
7.599273737092389347e-02
7.664432332223250488e-02
7.728936428884619625e-02
7.792540590150429103e-02
7.859171806837662866e-02
7.923757715807716595e-02
7.988180000160394201e-02
8.053338595291265056e-02
8.118988064274253180e-02
8.186273779430984499e-02
8.250205189931546224e-02
8.317818154323028401e-02
8.382731312527832990e-02
8.445844599941514097e-02
8.510348696602884622e-02
8.576325414820623605e-02
8.640420449938557290e-02
8.708197038947415591e-02
8.775891815647586525e-02
8.841459472321887281e-02
8.905636319748501395e-02
8.971531225657555786e-02
9.037671568492669505e-02
9.105284532884148907e-02
9.168479632606525709e-02
9.233310978502645705e-02
9.296015204372894136e-02
9.363546356455687558e-02
9.430177573142931036e-02
9.493945359026112474e-02
9.563440006517404113e-02
9.628680413956958173e-02
9.694084446013886969e-02
9.761615598096683166e-02
9.828655876327353769e-02
9.895041656088532367e-02
9.963227306640826120e-02
1.002895858793250716e-01
1.009362630921125104e-01
1.015976665204636614e-01
1.022762505336391320e-01
1.029008384230810508e-01
1.035826949286040022e-01
1.042408258646076447e-01
1.049063199083931919e-01
1.055562696135280421e-01
1.062422167344854035e-01
1.068905301934466034e-01
1.075944760223151303e-01
1.082452438505369235e-01
1.089107378943224291e-01
1.095623238456310683e-01
1.102433622280671460e-01
1.108851307023333288e-01
1.115375347767289527e-01
1.121997563281669913e-01
1.128529785256494056e-01
1.134865657690470181e-01
1.141553323051799629e-01
1.148118269950098858e-01
1.154797754080561789e-01
1.161125445283667512e-01
1.167886741722816979e-01
1.174263520311136511e-01
1.180713929977273008e-01
1.187287058106441529e-01
1.194138348085145018e-01
1.200556032827808095e-01
1.207063711110026444e-01
1.213628658008326922e-01
1.220209967368363346e-01
1.227167613348360831e-01
1.234207071637045960e-01
1.240534762840153071e-01
1.246936085121078813e-01
1.253222870169840852e-01
1.259583286296422910e-01
1.266336401504701836e-01
1.272713180093019980e-01
1.279425389146957304e-01
1.285802167735276835e-01
1.292260758632281514e-01
1.298490275064962396e-01
1.305153396733687021e-01
1.311644712554169145e-01
1.318185115759860915e-01
1.324725518965553794e-01
1.330987760321711288e-01
1.337675425683042540e-01
1.344240372581340659e-01
1.350731688401822228e-01
1.357075742066666257e-01
1.363894307121895910e-01
1.370393804173244412e-01
1.376917844917200096e-01
1.383499154277237353e-01
1.390023195021194147e-01
1.396784491460341671e-01
1.403120363894317379e-01
1.409668948330878857e-01
1.416233895229177808e-01
1.422798842127477037e-01
1.429298339178827482e-01
1.435765111306702702e-01
1.442223702203708491e-01
1.448698655562453697e-01
1.455361777231176934e-01
1.461804005666444695e-01
1.468516214720380908e-01
1.475228423774316844e-01
1.481997901444333798e-01
1.488661023113059256e-01
1.495103251548328405e-01
1.501831823064001814e-01
1.508175876728845011e-01
1.514904448244518698e-01
1.521412126526737463e-01
1.527887079885481003e-01
1.534321127089880166e-01
1.540828805372099208e-01
1.547467383348217207e-01
1.554081417631728856e-01
1.560670908222634989e-01
1.567235855120933941e-01
1.573980789098343991e-01
1.580660273228806090e-01
1.586848883507143426e-01
1.593356561789361914e-01
1.599978777303742439e-01
1.606363737122930013e-01
1.612912321559492046e-01
1.619436362303446342e-01
1.625952221816532595e-01
1.632435356406143623e-01
1.639024846997048646e-01
1.645704331127509634e-01
1.652089290946697486e-01
1.658596969228915141e-01
1.665194641050689872e-01
1.671947756258969908e-01
1.678275447462075076e-01
1.684717675897345057e-01
1.691102635716531244e-01
1.697823026001335778e-01
1.704158898435309266e-01
1.710617489332314223e-01
1.717444235618413029e-01
1.724221894519298581e-01
1.730525042029798510e-01
1.737335425854159565e-01
1.743728566904215460e-01
1.750252607648171421e-01
1.757005722856451735e-01
1.763243420520000382e-01
1.769939267112199122e-01
1.776528757703104699e-01
1.783216423064434564e-01
1.789920450887502457e-01
1.796550847632751302e-01
1.803083069607576139e-01
1.809787097430642921e-01
1.816352044328941318e-01
1.823064253382877808e-01
1.829694650128126931e-01
1.836153241025132166e-01
1.842824543924724556e-01
1.849438578208235651e-01
1.856216237109122036e-01
1.862609378159177931e-01
1.869558842908307927e-01
1.875919259034887487e-01
1.883015985939654191e-01
1.889793644840539188e-01
1.896702203435325917e-01
1.903430774950998772e-01
1.910339333545783558e-01
1.917624228760529681e-01
1.924688230741821993e-01
1.931760413953981237e-01
1.938546254085736220e-01
1.945454812680521284e-01
1.952870607589166918e-01
1.960106415418702008e-01
1.967350404479107084e-01
1.974496218769083988e-01
1.981838382599910853e-01
1.989106915352920335e-01
1.996514529030697926e-01
2.004036679940638110e-01
2.011190675461484167e-01
2.018532839292311309e-01
2.026128621280068598e-01
2.033478966341766003e-01
2.041132016945605143e-01
2.048286012466453143e-01
2.056078143995060115e-01
2.063240320746778100e-01
2.071138808276678511e-01
2.078374616106211104e-01
2.085978579324837545e-01
2.093778892084314225e-01
2.101489211304236882e-01
2.109125899446338548e-01
2.116729862664965822e-01
2.124677437580079487e-01
2.132256857106099579e-01
2.140048988634705718e-01
2.147751126623758944e-01
2.155706882769741761e-01
2.163474470605744049e-01
2.171143883671320385e-01
2.178837840429505845e-01
2.186842683960698586e-01
2.194495734564538003e-01
2.202255141169670305e-01
2.210112722545228559e-01
2.217953941459048228e-01
2.225950603759374036e-01
2.234119071907945120e-01
2.241968472052634498e-01
2.249916046967746219e-01
2.257675453572875746e-01
2.265713022027542600e-01
2.273873308945241478e-01
2.282360845097686219e-01
2.290292057551054083e-01
2.298239632466165250e-01
2.306620812617318494e-01
2.315075623846289676e-01
2.323424079073966864e-01
2.331731628147296898e-01
2.339851008910650010e-01
2.348240370292672685e-01
2.357030611987258883e-01
2.365460879523621218e-01
2.374079315369964638e-01
2.382452314290250395e-01
2.391234374753967162e-01
2.399803723215100659e-01
2.408577602447947996e-01
2.417294213064716257e-01
2.426141723375385695e-01
2.434719253067387235e-01
2.443313145221127636e-01
2.452087024453973307e-01
2.460509110759469820e-01
2.469372983531878119e-01
2.478187768919069001e-01
2.486994373075392395e-01
2.496103682773863353e-01
2.504623943849783596e-01
2.513561447700006779e-01
2.522507132781099948e-01
2.531673711095644985e-01
2.540848470641063894e-01
2.549933236646926837e-01
2.559287983271455458e-01
2.568372749277313960e-01
2.577776583287054168e-01
2.586754993291621729e-01
2.596142464839625297e-01
2.605521755156762764e-01
2.614712877163914984e-01
2.624010355172363140e-01
2.633381464258630067e-01
2.642875291807927352e-01
2.652041870122476275e-01
2.661568422595246841e-01
2.670824994449353951e-01
2.680466084154290995e-01
2.689902643087502820e-01
2.699519189099833238e-01
2.709013016649129968e-01
2.718261407272368202e-01
2.727902496977303026e-01
2.737494499297023487e-01
2.746783796074602768e-01
2.756531241780831865e-01
2.765984163175787547e-01
2.775649796573328443e-01
2.785266342585654975e-01
2.795062875677095104e-01
2.804622153073342838e-01
2.814361417548703059e-01
2.823928876175821889e-01
2.833602690804229995e-01
2.843227418047427069e-01
2.852909413906702385e-01
2.862804121768569576e-01
2.872477936396979903e-01
2.882568993799695112e-01
2.892643688740670349e-01
2.902505671679060928e-01
2.912244936154420594e-01
2.921886025859354308e-01
2.931854364799038604e-01
2.941847247431328416e-01
2.952159198067499379e-01
2.962135718238053661e-01
2.972365856565535869e-01
2.982497820122591570e-01
2.992801589527893658e-01
3.002925371854082148e-01
3.012983704333324630e-01
3.023058399274299868e-01
3.033689417914351427e-01
3.044238624245714786e-01
3.054452400111460908e-01
3.064985243981084295e-01
3.075010851536849610e-01
3.085240989864330707e-01
3.095651115270927067e-01
3.106159415447945493e-01
3.116659534394098374e-01
3.127126928416774643e-01
3.137987021521150277e-01
3.148618040161198506e-01
3.158848178488684044e-01
3.169520103283074985e-01
3.180061128383568358e-01
3.190839409179255792e-01
3.201544058897124456e-01
3.212289614769337498e-01
3.223223338951531347e-01
3.234427043752391984e-01
3.245638929784120386e-01
3.256687191198472942e-01
3.267890895999335243e-01
3.279160050647146885e-01
3.290249218215843818e-01
3.301289298399330274e-01
3.312623902894090699e-01
3.323745795386263135e-01
3.334597707259768229e-01
3.345408712978927279e-01
3.356555149163704677e-01
3.367537960731110669e-01
3.378668034454152536e-01
3.389642664790691873e-01
3.400420945586381527e-01
3.411362850999445362e-01
3.422468381029880047e-01
3.433590273522053038e-01
3.444843065708123042e-01
3.456046770508983679e-01
3.467185025462896086e-01
3.477946943796846324e-01
3.488823399362959155e-01
3.499438055541270187e-01
3.510175430182612688e-01
3.521428222368684358e-01
3.532730101939970946e-01
3.544105612589075749e-01
3.555047518002137918e-01
3.565997604646066743e-01
3.577094953445633663e-01
3.588126852398251798e-01
3.599003307964364629e-01
3.609757045067444881e-01
3.620780762789193585e-01
3.631657218355306416e-01
3.642460042843596035e-01
3.653311954717104459e-01
3.664098416743657438e-01
3.675023959694984632e-01
3.685638615873295665e-01
3.696335084360293233e-01
3.707121546386846211e-01
3.717678933949079001e-01
3.728089059355675361e-01
3.738556453378351074e-01
3.748917491399734736e-01
3.759352160498934392e-01
3.769721379751179713e-01
3.779869705769980381e-01
3.789854407171402984e-01
3.799773658725874581e-01
3.809717453972951140e-01
3.819154012906170181e-01
3.828868733688918780e-01
3.838018949541734393e-01
3.847185527856280540e-01
3.856769348945136011e-01
3.866271357725301616e-01
3.875192499113791489e-01
3.883744830614712096e-01
