2.194061171493678214e-02
1.895502840416983872e-02
1.712458019543037710e-02
1.580179431831470194e-02
1.468021849685058854e-02
1.371140969957617382e-02
1.287296769131946600e-02
1.214483685413936601e-02
1.148754254751090283e-02
1.088179942442562935e-02
1.032113227779954921e-02
9.807043754991705969e-03
9.327912429118769000e-03
8.879818642725840691e-03
8.460035254067460944e-03
8.068871926027938388e-03
7.704567307162811518e-03
7.362196791429847544e-03
7.038409128038885729e-03
6.732361010193169300e-03
6.443428618108849003e-03
6.170778717645614836e-03
5.913466205217292847e-03
5.670174092071203140e-03
5.440664449815474368e-03
5.224134191730599348e-03
5.018989626029769432e-03
4.824178866951816906e-03
4.639171237082941913e-03
4.462995586575202456e-03
4.295536821765603454e-03
4.136250814368100902e-03
3.984199754143044787e-03
3.839062243044508421e-03
3.700977891811254878e-03
3.569372521310572310e-03
3.444061927055237261e-03
3.324558700949718868e-03
3.210725097158490665e-03
3.102435722689882071e-03
2.999195014659396166e-03
2.900976143409197266e-03
2.807170786688053567e-03
2.717638349702271999e-03
2.632460346363510017e-03
2.551417164279851709e-03
2.473541454148161026e-03
2.399389938921862604e-03
2.328842196258268556e-03
2.261619203146428368e-03
2.197566965610308915e-03
2.136568496875238584e-03
2.078260354954210298e-03
2.022813991727063360e-03
1.969716797292535640e-03
1.918858195069320137e-03
1.870018365851365463e-03
1.823165126058827077e-03
1.778261394394186744e-03
1.735072281238880755e-03
1.693692752725349830e-03
1.654219292110748526e-03
1.616564135524572272e-03
1.580737039781835189e-03
1.546764754499943811e-03
1.514679526612924603e-03
1.484101739806559803e-03
1.455084142854010673e-03
1.427511940456499583e-03
1.401138962721692853e-03
1.375960473395168842e-03
1.352186288066762297e-03
1.329597931268826664e-03
1.308249384859562449e-03
1.287915452851359213e-03
1.268650966920835789e-03
1.250387018999794082e-03
1.232726954492288770e-03
1.216092138517081483e-03
1.200224536466928124e-03
1.184932198604453715e-03
1.170352756016704255e-03
1.156315915835657952e-03
1.142823832575760347e-03
1.129867256595279423e-03
1.117271292861590206e-03
1.105078929696054523e-03
1.093235098775490301e-03
1.081725757391093596e-03
1.070514677074882329e-03
1.059640034093027811e-03
1.049079503903203522e-03
1.038889148480471062e-03
1.028914717466679731e-03
1.019246340236699619e-03
1.009788505296661245e-03
1.000495735806742692e-03
9.915483691629279565e-04
9.828376972756860518e-04
9.743730405808454908e-04
9.660466312446078273e-04
9.579069721285977945e-04
9.499034728890631829e-04
9.420462767780042558e-04
9.344256044137971276e-04
9.269287527465817954e-04
9.196169879121927513e-04
9.124810203467274838e-04
9.054431711720733935e-04
8.985678209431335320e-04
8.918218607246236260e-04
8.851727230864452544e-04
8.785774319263155293e-04
8.721649443936985852e-04
8.658396796511830728e-04
8.596558079204056745e-04
8.535772253551226953e-04
8.475004757314242524e-04
8.416134493839059084e-04
8.357716855168634534e-04
8.299956902528939431e-04
8.243166088208711724e-04
8.186621444125149897e-04
8.130128947015678254e-04
8.075625668294719815e-04
8.021438014883300847e-04
7.967351186608855008e-04
7.914125068542038084e-04
7.862155668124394797e-04
7.811190542060203554e-04
7.760038362285467386e-04
7.710230662486857031e-04
7.659520919734822981e-04
7.609777298779195256e-04
7.561285530932954557e-04
7.513786380006230638e-04
7.466063285460443474e-04
7.419673031781781527e-04
7.373283138649467132e-04
7.327814538194867130e-04
7.282786297241053896e-04
7.238289065634360107e-04
7.194077779632666479e-04
7.150598725937945153e-04
7.107221305288764475e-04
7.063989777433123205e-04
7.021337087194219834e-04
6.979223474930498685e-04
6.937723973259907369e-04
6.896572332261262242e-04
6.856023300581784875e-04
6.815168840032613919e-04
6.775050239439173909e-04
6.735103755095235350e-04
6.695684915887348309e-04
6.655530273276411696e-04
6.616766810346418060e-04
6.577781789128781410e-04
6.539418616043944990e-04
6.501599038143965684e-04
6.463748386851891296e-04
6.426204841872953976e-04
6.389268049390543769e-04
6.352237358164873572e-04
6.315741117538020482e-04
6.279048696737074900e-04
6.242958998456382951e-04
6.207207371132840998e-04
6.171930034083765925e-04
6.136690450815979149e-04
6.101852667931049285e-04
6.067348662929183088e-04
6.033061743599227268e-04
5.999069900858714551e-04
5.965080436531311741e-04
5.931346992089090234e-04
5.897966262887815395e-04
5.864430287127556660e-04
5.831612857418803616e-04
5.799089014444165809e-04
5.766595584532570361e-04
5.734234116214786438e-04
5.702351783137393076e-04
5.670833287107942796e-04
5.639465892374004741e-04
5.608149345457450179e-04
5.576317104589177719e-04
5.544366191104585940e-04
5.513463327358353880e-04
5.482810013182628454e-04
5.452492838355422382e-04
5.422477212138540874e-04
5.392526557960952097e-04
5.362825578952994153e-04
5.333257912370043766e-04
5.303930804152780492e-04
5.274786295120029167e-04
5.245840811658611727e-04
5.217197090001795537e-04
5.188707807126529976e-04
5.160412585110189755e-04
5.132277959151667788e-04
5.104483654826734657e-04
5.076831713341922606e-04
5.049391167524756733e-04
5.021933055461068156e-04
4.994825200395743231e-04
4.967843767782440271e-04
4.941120369446039533e-04
4.914488166751877773e-04
4.888195866951687216e-04
4.862033927576821647e-04
4.835740539850546149e-04
4.809882534373831234e-04
4.784148119372218602e-04
4.758617135089979275e-04
4.733322643073067004e-04
4.708265196135720402e-04
4.683240248877232272e-04
4.658390749325024330e-04
4.633868538758077185e-04
4.609369428154796110e-04
4.585146894208988228e-04
4.560920714216518059e-04
4.536907781494988585e-04
4.512786476124651175e-04
4.489010433577247765e-04
4.465503084187186092e-04
4.442062104686178440e-04
4.418935906233903161e-04
4.395909681626023998e-04
4.372976991576453098e-04
4.350147783961822064e-04
4.327495685297836486e-04
4.304666116422805060e-04
4.282062393234830006e-04
4.259878247781523635e-04
4.237799556844574025e-04
4.216043062079220393e-04
4.194240783969744603e-04
4.172532745980176891e-04
4.151141425835088122e-04
4.129974001090979427e-04
4.108577448863709415e-04
4.087574143632330599e-04
4.066702679708272578e-04
4.046057473877967179e-04
4.025393937757844841e-04
4.005053580632462096e-04
3.984938459381266035e-04
3.964865618625091400e-04
3.945029205418936597e-04
3.925314092561001458e-04
3.905700920259908004e-04
3.886083839686676014e-04
3.866806985045256819e-04
3.847632948204373119e-04
3.828586970463089371e-04
3.809621555111339613e-04
3.790832277293933422e-04
3.772245703982571698e-04
3.753548385699614063e-04
3.735012302814140961e-04
3.716826581377780233e-04
3.698652274597290950e-04
3.680684042576013934e-04
3.662887448509364501e-04
3.645162204596549848e-04
3.627596881161197903e-04
3.610206946735542853e-04
3.592842885040376335e-04
3.575748172684322800e-04
3.558830197929928004e-04
3.542092280920239701e-04
3.525446694223466479e-04
3.508411663243527390e-04
3.491995849862733589e-04
3.475747385307188016e-04
3.459667500205727353e-04
3.443712304743870253e-04
3.427894766150080675e-04
3.412247189730329084e-04
3.396622407589727235e-04
3.381262497947297766e-04
3.365969134160890636e-04
3.350821841581295567e-04
3.335735836283674084e-04
3.320861803431349483e-04
3.306067411625749968e-04
3.291574620895903395e-04
3.277042480826224298e-04
3.262591791297477319e-04
3.248453335290843805e-04
3.234470647219160676e-04
3.220682746519703361e-04
3.207029914138904026e-04
3.192047866597182842e-04
3.178484860421674748e-04
3.165073317252393428e-04
3.151716434662316275e-04
3.138642804376157451e-04
3.125905491839364595e-04
3.113321455452023484e-04
3.100922723358124147e-04
3.088422262337911224e-04
3.075759555358138124e-04
3.063511877283394465e-04
3.051670572303265576e-04
3.040070516676103129e-04
3.028403111150785448e-04
3.017003797825823508e-04
3.005852506645823215e-04
2.994848148487216813e-04
2.983959143721976598e-04
2.973322067822212070e-04
2.962861576374603112e-04
2.952578912805903970e-04
2.942266455724857396e-04
2.932014946277911320e-04
2.921233116754913864e-04
2.911475901845960281e-04
2.901949833352341149e-04
2.891874426247992205e-04
2.882333018809405366e-04
2.873161884933102869e-04
2.864149199305724997e-04
2.855331399023601285e-04
2.845002285779336297e-04
2.836329989837669901e-04
2.827707666865816307e-04
2.818520568599054265e-04
2.809539238524781527e-04
2.801202763515308735e-04
2.793161986611719248e-04
2.785334892001646145e-04
2.776804067475763054e-04
2.769036650102582879e-04
2.761610476296943247e-04
2.753943627134218921e-04
2.746729711824017536e-04
2.739010173564995982e-04
2.732102099136886667e-04
2.725329303050522036e-04
2.718670348254855038e-04
2.711906650875030127e-04
2.705517754219287667e-04
2.699213365658541318e-04
2.692990055426842835e-04
2.686109840252547988e-04
2.679842066035087434e-04
2.673853353315107438e-04
2.668148667339902808e-04
2.662562166594042100e-04
2.655314182250733909e-04
2.649910982340031372e-04
2.644660847423334154e-04
2.639521934178798803e-04
2.634057010609471179e-04
2.628213799611050562e-04
2.623310748083218969e-04
2.618258604061505504e-04
2.613402752201222337e-04
2.608918869815454148e-04
2.604469659477934382e-04
2.600216095685340865e-04
2.595823183315280848e-04
2.591720532736470546e-04
2.587608358498633045e-04
2.583532726080813025e-04
2.579810133637865945e-04
2.575907581531393679e-04
2.572363624136601054e-04
2.568018294765981083e-04
2.564654433776011725e-04
2.560959155665691947e-04
2.557755911164821209e-04
2.554720573385824730e-04
2.551257470820422063e-04
2.548010301656703381e-04
2.544816147971333737e-04
2.542154513663354392e-04
2.539294319083532266e-04
2.536803364929698240e-04
2.534311551454039363e-04
2.531925875766922822e-04
2.529205707594958837e-04
2.526920370994659680e-04
2.524803099334522972e-04
2.522605371881458816e-04
2.520513352926655832e-04
2.518633892462096568e-04
2.516659804702496778e-04
2.514919679819177739e-04
2.513106194905538300e-04
2.511495636179549777e-04
2.509776150249276258e-04
2.508270685509384878e-04
2.506392923067927406e-04
2.504963186740950961e-04
2.503667616263922924e-04
2.502257281324844524e-04
2.500760537503813794e-04
2.498972746312058072e-04
2.497855880256849288e-04
2.496716888154695900e-04
2.495678427183099747e-04
2.494418185141790011e-04
2.493408304409629249e-04
2.492502283808900598e-04
2.491547858063739842e-04
2.490736873951284402e-04
2.490000989556990303e-04
2.489229763924383091e-04
2.488262767451602684e-04
2.487332967540227817e-04
2.486646044127987848e-04
2.486042738423411441e-04
2.485454935591483849e-04
2.484908146947725554e-04
2.484282614301756040e-04
2.483851061935598062e-04
2.483421650387954301e-04
2.482942179053092258e-04
2.482576589230079994e-04
2.482034368962450477e-04
2.481490771702075330e-04
2.481057511335586557e-04
2.480692273315738259e-04
2.480395545851332706e-04
2.479882130628695779e-04
2.479628778498515758e-04
2.479340523064307812e-04
2.478770316262729153e-04
2.478450059693403204e-04
2.478179852379483027e-04
2.477983379660275882e-04
2.477722236904033844e-04
2.477533612149176480e-04
2.477375592240877627e-04
2.477255212405704175e-04
2.477145628148551661e-04
2.477035543935013177e-04
2.476938273702488660e-04
2.476861543812037300e-04
2.476784680863061889e-04
2.476693410326939499e-04
2.476641530018215860e-04
2.476598190912513765e-04
2.476511272049818904e-04
2.476395202626503625e-04
2.476373810472825275e-04
2.476326828347628710e-04
2.476304935121267123e-04
2.476255359517075087e-04
2.476207154971770135e-04
2.476151310584802779e-04
2.476141202750380891e-04
2.476139818107587673e-04
2.476133703582259014e-04
2.476109566507293325e-04
2.476009355518280657e-04
2.475901742448952656e-04
2.475850503016173995e-04
2.475813820713393832e-04
2.475788190805766186e-04
2.475766757974884476e-04
2.475743980619514277e-04
2.475739509688821009e-04
2.475669371158789904e-04
2.475638633521398484e-04
2.475600428325398913e-04
2.475567213635468172e-04
2.475519204350232184e-04
2.475509489909221675e-04
2.475476668488813784e-04
2.475316416519273365e-04
2.475286446926565245e-04
2.475232078990955440e-04
2.475201243600825499e-04
2.475151446681097037e-04
2.475108849471459381e-04
2.475072641631460022e-04
2.475026564722548417e-04
2.474960933898950909e-04
2.474752703304642157e-04
2.474711323316991225e-04
2.474468916806312033e-04
2.474310030852678774e-04
2.474009333216546039e-04
2.473729460114167610e-04
2.473630452828807537e-04
2.473050075274718825e-04
2.472807491005486855e-04
2.472272307752511594e-04
2.472138387569968875e-04
2.472079003090072976e-04
2.472384787276365732e-04
2.472657526588341141e-04
2.474706007092825153e-04
2.476594560788930306e-04
2.489075123754449495e-04
