1.829623881256064122e+00
1.830678502721593714e+00
1.832792316113389663e+00
1.835974427516335661e+00
1.840238406906198332e+00
1.845602175538024969e+00
1.852087846823765593e+00
1.859721513806044779e+00
1.868532975565999843e+00
1.878555394703329995e+00
1.889824878446269230e+00
1.902379977007447653e+00
1.916261094484200900e+00
1.931509809861396976e+00
1.948168108430370360e+00
1.966277527077331833e+00
1.985878220281119599e+00
2.007007957134718801e+00
2.029701063096795988e+00
2.053987323314546032e+00
2.079890867070603555e+00
2.107429055046174504e+00
2.136611392539664145e+00
2.167438492452655296e+00
2.199901111713486568e+00
2.233979283860710652e+00
2.269641568806460175e+00
2.306844438436248534e+00
2.345531813800940224e+00
2.385634766363282200e+00
2.427071392227317936e+00
2.469746864651522156e+00
2.513553666556056054e+00
2.558372001286953967e+00
2.604070376670124976e+00
2.650506354419031041e+00
2.697527454264398106e+00
2.744972199741213092e+00
2.792671290369982184e+00
2.840448882972570477e+00
2.888123963039919584e+00
2.935511785406279106e+00
2.982425361993962909e+00
3.028676973113963999e+00
3.074079677813312372e+00
3.118448798149841661e+00
3.161603352170069936e+00
3.203367410896489798e+00
3.243571355919776966e+00
3.282053016338983831e+00
3.318658666855254236e+00
3.353243872801210390e+00
3.385674172707041851e+00
3.415825594517531982e+00
3.443585007557802058e+00
3.468850318509753450e+00
3.491530525665955675e+00
3.511545651208029195e+00
3.528826575848545311e+00
3.543314803548994085e+00
3.554962185912347472e+00
3.563730636066745117e+00
3.569591860332884004e+00
3.572527132745900946e+00
