1.429905072246752809e-05
4.559231366259435827e-04
9.161043167326125185e-04
1.338327804150931223e-03
1.758020778723359779e-03
2.184461787551498363e-03
2.637051429120499182e-03
3.073614489332197712e-03
3.524517122337270537e-03
3.977106763906266586e-03
4.449097003960418746e-03
4.902530149811378142e-03
5.363554834200007226e-03
5.822049005742746704e-03
6.287291211541192089e-03
6.744098374520005740e-03
7.182348443295624892e-03
7.652651674785858164e-03
8.105241316354859851e-03
8.567109505025457053e-03
9.036569232233724810e-03
9.503498446596108165e-03
9.955244583883148674e-03
1.043651337103889895e-02
1.090175557683735127e-02
1.136278026122598296e-02
1.180862186853928221e-02
1.228229911715736714e-02
1.272729722018870087e-02
1.320519199021660817e-02
1.366959069173309324e-02
1.413651990609548006e-02
1.459417057335625836e-02
1.505603876202685903e-02
1.552887250636298018e-02
1.598483616505983612e-02
1.644079982375669033e-02
1.691279006381085637e-02
1.736791021822575026e-02
1.783483943258812321e-02
1.832032574115369586e-02
1.878978546836196362e-02
1.925587117844238666e-02
1.972195688852279236e-02
2.018551208575731018e-02
2.066003283865735715e-02
2.113117957442954900e-02
2.159726528450995817e-02
2.205744646461662781e-02
2.252774969610686281e-02
2.299552241475119607e-02
2.349028727041835643e-02
2.396818204044626546e-02
2.439968407496617350e-02
2.487589183643014804e-02
2.537150019637927911e-02
2.585361248781698970e-02
2.630704563366796297e-02
2.677819236944015135e-02
2.723331252385503831e-02
2.768252814829618921e-02
2.814945736265857604e-02
2.861469956845700061e-02
2.907066322715386522e-02
2.954265346720806248e-02
3.003151379290143128e-02
3.049591249441795451e-02
3.096031119593442918e-02
3.146013707729336528e-02
3.191610073599026459e-02
3.236362935186742201e-02
3.280187942064307499e-02
3.328567872064475131e-02
3.376019947354474970e-02
3.421531962795965054e-02
3.469996243224331145e-02
3.517448318514330291e-02
3.565828248514495841e-02
3.612689870807132136e-02
3.659467142671560952e-02
3.709871482948438187e-02
3.759010566802374609e-02
3.806378291664178765e-02
3.854336469523360342e-02
3.908452228640883069e-02
3.957675662923005461e-02
4.004790336500224646e-02
4.056797334912835840e-02
4.104586811915628825e-02
4.151870186349235908e-02
4.201852774485136111e-02
4.251751012192837159e-02
4.300299643049389914e-02
4.347245615770217037e-02
4.395035092773010021e-02
4.442402817634820422e-02
4.491035798919570249e-02
4.538234822924987893e-02
4.585855599071388816e-02
4.635585135922695027e-02
4.685314672773997768e-02
4.734200705343345750e-02
4.782243233630727175e-02
4.831972770482029222e-02
4.881871008189724720e-02
4.930841391187265610e-02
4.978293466477272389e-02
5.024817687057122478e-02
5.075559429046777593e-02
5.124951564185297598e-02
5.171138383052363563e-02
5.218674808770564638e-02
5.268151294337279633e-02
5.316615574765640173e-02
5.364067650055649034e-02
5.410591870635494960e-02
5.457622193784520542e-02
5.503049858797806615e-02
5.546874865675370525e-02
5.592977334114234561e-02
5.640345058976043574e-02
5.689990245399155488e-02
5.736177064266220760e-02
5.782026481420490110e-02
5.826863693436410557e-02
5.874737520867394369e-02
5.922526997870193599e-02
5.967279859457909341e-02
6.011189216763663384e-02
6.058978693766449430e-02
6.103225452785003557e-02
6.150171425505839701e-02
6.194924287093545034e-02
6.238496242686521892e-02
6.285948317976529365e-02
6.329688974425906611e-02
6.378743707851634859e-02
6.428894996843917409e-02
6.477949730269648432e-02
6.525401805559667701e-02
6.570070316719199555e-02
6.614907528735100573e-02
6.666239723722137966e-02
6.713523098155754765e-02
6.760469070876587439e-02
6.806234137602665268e-02
6.857228930876910211e-02
6.904090553169532629e-02
6.953820090020841616e-02
7.000934763598069821e-02
7.049230343170038993e-02
7.095079760324309037e-02
7.138820416773669630e-02
7.184163731358760019e-02
7.232628011787130273e-02
7.281682745212872399e-02
7.330484427354017063e-02
7.378948707782374827e-02
7.427159936926140682e-02
7.478154730200391176e-02
7.526112908059581774e-02
7.576095496195478507e-02
7.622366665490730442e-02
7.674289313475138319e-02
7.722753593903496083e-02
7.770290019621699240e-02
7.818248197480891226e-02
7.864181965063356261e-02
7.911718390781558030e-02
7.961110525920075953e-02
8.011008763627770757e-02
8.059726095340723206e-02
8.107346871487126905e-02
8.157245109194817545e-02
8.206974646046122368e-02
8.254932823905297701e-02
8.302384899195304480e-02
8.354138846323329315e-02
8.404205784887423814e-02
8.455959732015438934e-02
8.506279721864115628e-02
8.558371070704912098e-02
8.605823145994917489e-02
8.655637033274422854e-02
8.705619621410322362e-02
8.753746500125890451e-02
8.800608122418525359e-02
8.848566300277706242e-02
8.899814144836538932e-02
8.951483741536367389e-02
8.997923611688021794e-02
9.047062695541953359e-02
9.095189574257525611e-02
9.146943521385536569e-02
9.198107015516177043e-02
9.247667851511094661e-02
9.296722584936836786e-02
9.347717378211076178e-02
9.396772111636816915e-02
9.445658144206152407e-02
9.496568587052200971e-02
9.547732081182852548e-02
9.596955515464984654e-02
9.646010248890717065e-02
9.692703170326950890e-02
9.740998749898910347e-02
9.788197773904319665e-02
9.835734199622526985e-02
9.890356061309227287e-02
9.941688256296264681e-02
9.992345647857728275e-02
1.004064122742969190e-01
1.009188907198853014e-01
1.014710138667260370e-01
1.020416941077700312e-01
1.025507985362306140e-01
1.030194147591568798e-01
1.035091185891321985e-01
1.039768913077766255e-01
1.044885262490830302e-01
1.049816040961862179e-01
1.054949260460566890e-01
1.060242745772844858e-01
1.065266309714893028e-01
1.070264568528481869e-01
1.075372482898727527e-01
1.080514137440250211e-01
1.085309955226168854e-01
1.090282908911300169e-01
1.095466738666922568e-01
1.100296296624118514e-01
1.105201769966692033e-01
1.110048198009528503e-01
1.115122372208494361e-01
1.119918189994413144e-01
1.124815228294167441e-01
1.129805052064939141e-01
1.134811745921345816e-01
1.139750959435199829e-01
1.144875743891082820e-01
1.150346365102570823e-01
1.155555499986651025e-01
1.160781504956372862e-01
1.165594192827928421e-01
1.170921418311484663e-01
1.176332994223234785e-01
1.181145682094790900e-01
1.186270466550675418e-01
1.191867613404460485e-01
1.196958657689064648e-01
1.202328058386717968e-01
1.207680588998731736e-01
1.212940334139728515e-01
1.217769892096925433e-01
1.222717540653598112e-01
1.228500258449413685e-01
1.233574432648379959e-01
1.238707652147082866e-01
1.244591590456732566e-01
1.250045341582582126e-01
1.255035165353353965e-01
1.260505786564841690e-01
1.265385954778957267e-01
1.270671005048412683e-01
1.275745179247377015e-01
1.280777178232246349e-01
1.285851352431213179e-01
1.290799000987884193e-01
1.295873175186850468e-01
1.300728038272505327e-01
1.305962478285042916e-01
1.311449969582172137e-01
1.316473533524220307e-01
1.321522402594726697e-01
1.326174824652712469e-01
1.331527355264725265e-01
1.337326943146179281e-01
1.342519207944621040e-01
1.347846433428175339e-01
1.353266444382746347e-01
1.358931071579087269e-01
1.363946200478315107e-01
1.369290296047508404e-01
1.374195769390081923e-01
1.379522994873637332e-01
1.384529688730046226e-01
1.389823174042323362e-01
1.395184139697157599e-01
1.400300489110220536e-01
1.405374663309187921e-01
1.410727193921200440e-01
1.415784498034528549e-01
1.420732146591200118e-01
1.425721970361971402e-01
1.430686489004281137e-01
1.435853448674262178e-01
1.440699876717098649e-01
1.446094582543209772e-01
1.450721699472736215e-01
1.455829613842981873e-01
1.461258059840373214e-01
1.466197273354223063e-01
1.470934045840406601e-01
1.476337186709335836e-01
1.481082394238337763e-01
1.486569885535465874e-01
1.491779020419548574e-01
1.497055635646183935e-01
1.502079199588231551e-01
1.507330509686410913e-01
1.512497469356392232e-01
1.517343897399230090e-01
1.522139715185148179e-01
1.527154844084378238e-01
1.532212148197703294e-01
1.537227277096930578e-01
1.541812218812358137e-01
1.546818912668767310e-01
1.551901521910555026e-01
1.556570814054178686e-01
1.561813689109539383e-01
1.566567331681358310e-01
1.571852381950813726e-01
1.576732550164929025e-01
1.581789854278256302e-01
1.587159254975911427e-01
1.592090033446943442e-01
1.597256993116927815e-01
1.602348037401531700e-01
1.607692132970724441e-01
1.612977183240182077e-01
1.618262233509639436e-01
1.623243622237591222e-01
1.628410581907573651e-01
1.634033033889817077e-01
1.639444609801565811e-01
1.644721225028205336e-01
1.649626698370779687e-01
1.654937053768695265e-01
1.660163058738413910e-01
1.665473414136330876e-01
1.670901860133720551e-01
1.676212215531635574e-01
1.680814027332702132e-01
1.685879766488849740e-01
1.691105771458570051e-01
1.695926894372946636e-01
1.700672101901947453e-01
1.705746276100913450e-01
1.710736099871681959e-01
1.715506612529142105e-01
1.720479566214273281e-01
1.725798356655008359e-01
1.730897835982434518e-01
1.735643043511433947e-01
1.740278595483780444e-01
1.745327464554285446e-01
1.750705300294756739e-01
1.755720429193985410e-01
1.760895823906789281e-01
1.766408620332377555e-01
1.771584015045178373e-01
1.776666624286965257e-01
1.781580532672356609e-01
1.786249824815979714e-01
1.791914452012320080e-01
1.796499393727748473e-01
1.801835054254121715e-01
1.806841748110531998e-01
1.811890617181038665e-01
1.816779220437974296e-01
1.822013660450512440e-01
1.827425236362263949e-01
1.832558455860965607e-01
1.837641065102751659e-01
1.843128556399880602e-01
1.848666657953924874e-01
1.853867357795185855e-01
1.859481374734607007e-01
1.865120696802486933e-01
1.871274556482367124e-01
1.877293455477132555e-01
1.883118348487047011e-01
1.888909501325681806e-01
1.895029620834281781e-01
1.901099130085962818e-01
1.907025243609712373e-01
1.913305628931886437e-01
1.919231742455637379e-01
1.925174726065023989e-01
1.931480416515657106e-01
1.937507750553240926e-01
1.943855616217972926e-01
1.950338442567819408e-01
1.956348906519764785e-01
1.962469026028363650e-01
1.968614450665423787e-01
1.975004491544251062e-01
1.981512623022554653e-01
1.988003884415220635e-01
1.994512015893524504e-01
2.001180413185399964e-01
2.007688544663704389e-01
2.014550947940431380e-01
2.021118124718473685e-01
2.027584080982678394e-01
2.034370568874031004e-01
2.040870265309514819e-01
2.047268741231163258e-01
2.053819047923563790e-01
2.060740496500029495e-01
2.067037751907842280e-01
2.073756759456636678e-01
2.080467331962611854e-01
2.086967028398095669e-01
2.093888476974562485e-01
2.100615919566175549e-01
2.107301186943692783e-01
2.114298550905535090e-01
2.120924772983314721e-01
2.127871526688237536e-01
2.134792975264704074e-01
2.141646943498614342e-01
2.148475606604064170e-01
2.155413925266168040e-01
2.162310068714175249e-01
2.169594224131883298e-01
2.176667503479102483e-01
2.183698607612223619e-01
2.190662231402788207e-01
2.197887341520762261e-01
2.204960620867978949e-01
2.212118250643395068e-01
2.219216835119073583e-01
2.226517860622423406e-01
2.233683925440657636e-01
2.240841555216073477e-01
2.248134145676603246e-01
2.255418301094311850e-01
2.262761501811756393e-01
2.270121572614846872e-01
2.277557558803313398e-01
2.284723623621545685e-01
2.291990908953617234e-01
2.299334109671062054e-01
2.306744790731072858e-01
2.314113296576975620e-01
2.321439627208782830e-01
2.328765957840590040e-01
2.336210379071875787e-01
2.343646365260340092e-01
2.351090786491622231e-01
2.358568947894185419e-01
2.366055544339561167e-01
2.373634926255963340e-01
2.381205873129539630e-01
2.388684034532100875e-01
2.396381507047971315e-01
2.404053674435386589e-01
2.411768017036899359e-01
2.419507664766867294e-01
2.426952085998150821e-01
2.434657993556844924e-01
2.442271115644518986e-01
2.449892672775013380e-01
2.457666060676263753e-01
2.465296052849577368e-01
2.472732039038045559e-01
2.480505426939292324e-01
2.488008893470314842e-01
2.495554535215428471e-01
2.503100176960550982e-01
2.510527728106195511e-01
2.517896233952102159e-01
2.525441875697220784e-01
2.532886296928503200e-01
2.540541594230277256e-01
2.548188456489233200e-01
2.555641312763337059e-01
2.563009818609240376e-01
2.570580765482823882e-01
2.578092667056662290e-01
2.585596133587680923e-01
2.593082730033062222e-01
2.600510281178708416e-01
2.607608865654386099e-01
2.615146072356686613e-01
2.622742324358725008e-01
2.630093960118987662e-01
2.637302200151322995e-01
2.644021207700120168e-01
2.650529339178422927e-01
2.656995295442629579e-01
2.663123849994046277e-01
2.669412670359043172e-01
2.675718360809676288e-01
2.681830045275455654e-01
2.688068255383530558e-01
2.693893148393446402e-01
2.700181968758436080e-01
2.706218143059552772e-01
