8.123290122563003868e-01
7.438854859212802317e-01
7.164894093827968158e-01
7.001734992791741607e-01
6.865799684111765222e-01
6.746713054184823033e-01
6.634489262519221997e-01
6.532160780849372017e-01
6.435016687127995683e-01
6.344078793609627676e-01
6.256132432917935748e-01
6.172742842612791714e-01
6.092484132930053864e-01
6.014213015657480232e-01
5.939337533502888622e-01
5.867302435646962744e-01
5.798078965414084074e-01
5.730559476738179558e-01
5.665735624772342272e-01
5.603054487812022533e-01
5.537386280776748215e-01
5.478516198359052458e-01
5.421402478801563563e-01
5.365934931880148584e-01
5.312269633881948616e-01
5.259840349404383275e-01
5.208852634293106298e-01
5.159019865542970873e-01
5.110332798059535886e-01
5.062651741877618461e-01
5.013689942041998915e-01
4.967970562601625728e-01
4.923142823978889360e-01
4.879276619937929493e-01
4.836276953040946625e-01
4.793352260894531147e-01
4.751960009198682999e-01
4.711277300757025222e-01
4.671297423401334359e-01
4.631922038392942143e-01
4.593124036843880265e-01
4.554872260036671450e-01
4.517267749113950126e-01
4.480267496887910261e-01
4.443894968527249412e-01
4.408138184187129771e-01
4.372937261431494305e-01
4.338315845778524804e-01
4.304310853811506576e-01
4.270552410224046080e-01
4.237497000724105845e-01
4.205050719987634134e-01
4.173069384113806679e-01
4.141598461544461762e-01
4.110636674343452479e-01
4.080071098235612537e-01
4.049974417901862633e-01
4.020313374274428475e-01
3.991145411764192019e-01
3.962390725059786734e-01
3.934074803308791335e-01
3.906101625013708167e-01
3.878453117114615267e-01
3.851256993483129221e-01
3.824474584917750275e-01
3.798068685887021068e-01
3.772116851441990604e-01
3.746495421897930722e-01
3.721233465088793491e-01
3.696316439000679743e-01
3.671701155879316669e-01
3.647442064276480433e-01
3.623494259516014671e-01
3.599815616371133675e-01
3.576478472137697984e-01
3.553406256261144036e-01
3.530590301653977470e-01
3.508115684175118765e-01
3.485900825718963314e-01
3.463913899790605488e-01
3.442197592690297570e-01
3.420654389305989307e-01
3.398775789805887904e-01
3.377854194164608970e-01
3.356915894348064811e-01
3.336408661363230999e-01
3.316118658334435421e-01
3.296019846427519218e-01
3.276225897016580291e-01
3.256644496196571814e-01
3.237239978262615447e-01
3.218081990235324708e-01
3.199152845910231968e-01
3.180454231200315895e-01
3.161951380334251382e-01
3.143668611785429001e-01
3.125571489019938753e-01
3.107667880257292126e-01
3.089965389224579306e-01
3.072436272892469789e-01
3.055096100532722625e-01
3.037938849899029514e-01
3.020943505144049190e-01
3.004103762170532432e-01
2.987463937999625396e-01
2.970979076946145825e-01
2.954576361625214642e-01
2.938429225318836546e-01
2.922415830862791775e-01
2.906596029155804062e-01
2.890954491704202378e-01
2.875506721176249170e-01
2.860238736585672958e-01
2.845110913072647074e-01
2.830162632349259022e-01
2.815385773975309092e-01
2.800753062305770813e-01
2.786233726904395192e-01
2.771898011935802209e-01
2.756887961148463129e-01
2.742785585651453251e-01
2.728808778470587226e-01
2.714952821075292677e-01
2.701235410377351154e-01
2.687684551944209410e-01
2.674274904884627602e-01
2.660985435109988750e-01
2.647787121581116065e-01
2.634723857225417243e-01
2.621783613789902545e-01
2.608948864669928258e-01
2.596204380417522772e-01
2.582766826813407968e-01
2.570275386817612029e-01
2.557900149805030776e-01
2.545627961205570999e-01
2.533422992611154556e-01
2.521375963585775204e-01
2.509432405852766723e-01
2.497590505732109056e-01
2.485856380076136851e-01
2.474231571676401842e-01
2.462698299611503772e-01
2.451270874889333040e-01
2.439931202226704177e-01
2.428679462271868816e-01
2.417510985405512958e-01
2.406422731555570294e-01
2.395415324382965394e-01
2.384494728536590835e-01
2.373671120199628559e-01
2.362932320601669745e-01
2.352286570210044003e-01
2.341716905076947630e-01
2.331225457678127722e-01
2.320801682085304463e-01
2.310464810033125149e-01
2.300213703563843970e-01
2.290045527762309963e-01
2.279952988246422840e-01
2.269923930843305293e-01
2.259960676104686428e-01
2.250071832103164582e-01
2.240270975498834805e-01
2.230559196699726798e-01
2.220932480667782705e-01
2.211385576239296435e-01
2.201914478277809117e-01
2.192522682499915276e-01
2.183211966571768359e-01
2.173973847537897242e-01
2.164821693063485875e-01
2.155755441344837375e-01
2.146715424352398927e-01
2.137773753190567172e-01
2.128934424177345297e-01
2.120184791253240941e-01
2.111503034461609529e-01
2.102898314955835568e-01
2.094362355253317209e-01
2.085908276209296752e-01
2.077526137537304418e-01
2.069166265962573970e-01
2.060917233869933307e-01
2.052744031160790572e-01
2.044649801766639519e-01
2.036628459022646886e-01
2.028673694991052767e-01
2.020745305160816518e-01
2.012460204414166509e-01
2.004653426670486849e-01
1.996931823603191325e-01
1.989276521752158244e-01
1.981684747708933048e-01
1.974176672708796709e-01
1.966750934472969725e-01
1.959394953287498797e-01
1.952079387641816322e-01
1.944848760547619737e-01
1.937688885922546622e-01
1.930595742707073847e-01
1.923514827061336696e-01
1.916524916269894130e-01
1.909612389075867334e-01
1.902762529408631442e-01
1.895965978857393208e-01
1.889230331191537049e-01
1.882574404563319703e-01
1.875984614449195675e-01
1.869454465598551773e-01
1.862980066235695453e-01
1.856563901195775745e-01
1.850206896796461054e-01
1.843912679679230726e-01
1.837182599309500619e-01
1.830992102782773301e-01
1.824859501535292527e-01
1.818777338504009855e-01
1.812745668190611226e-01
1.806397190351253512e-01
1.800469185006771944e-01
1.794598377730084182e-01
1.788090392679204943e-01
1.782304741726744857e-01
1.776572699429757596e-01
1.770875467943895942e-01
1.765232354967831430e-01
1.759641663988530391e-01
1.754098849300608776e-01
1.748574503581856732e-01
1.743116085154921280e-01
1.737705571140847616e-01
1.732350463404788432e-01
1.727045862997457770e-01
1.721790267779031713e-01
1.716587404121108218e-01
1.711423566012541253e-01
1.706303769453521579e-01
1.701231322293960402e-01
1.696204280213922388e-01
1.690911314430160461e-01
1.685967105638806474e-01
1.681067719384675418e-01
1.676219022022328864e-01
1.671414824450493664e-01
1.666651012330183090e-01
1.661933774677905595e-01
1.657264157416299399e-01
1.652632806866264070e-01
1.648043385279719109e-01
1.643503369670444858e-01
1.639009882206624580e-01
1.634558763413959670e-01
1.630158882973728740e-01
1.625803295185491437e-01
1.621483541991657618e-01
1.617210014471140711e-01
1.612975298035631833e-01
1.607005488798003978e-01
1.602611426856904164e-01
1.598486987704637319e-01
1.594395699919780029e-01
1.590328016398915023e-01
1.586306588350426816e-01
1.582313634844009775e-01
1.578362090759090897e-01
1.574447638829233054e-01
1.570576449108934958e-01
1.566740381559754980e-01
1.562937844846322422e-01
1.559173473621873196e-01
1.555302760700251197e-01
1.551604545454796091e-01
1.547939476059103370e-01
1.544308506114895063e-01
1.540693944736817589e-01
1.537125342531486805e-01
1.533597217746618113e-01
1.530102045194953186e-01
1.526634402731866791e-01
1.523203361736509276e-01
1.519806435466715400e-01
1.516435260082303338e-01
1.513104151672947373e-01
1.509808020842025034e-01
1.506543890824181831e-01
1.503307735433984382e-01
1.500096554993546050e-01
1.496919119143938770e-01
1.493768801076508224e-01
1.490649720553677837e-01
1.487563609944518583e-01
1.484506392338136860e-01
1.481480828647683823e-01
1.478481573349076927e-01
1.475511741779198249e-01
1.472572628126826155e-01
1.469661543830691752e-01
1.466774513005760783e-01
1.463907944625846835e-01
1.461070134689551603e-01
1.458261122047239122e-01
1.455475421033293748e-01
1.452708048489859960e-01
1.449970188436565388e-01
1.447255250305971574e-01
1.444566321535103726e-01
1.441804197716845537e-01
1.439157890256988759e-01
1.436536111317255338e-01
1.433932108614323075e-01
1.431351603244356563e-01
1.428796971277479788e-01
1.426259099786950368e-01
1.423756545058565692e-01
1.421278030874643106e-01
1.418818806079098493e-01
1.416384529229089695e-01
1.413963225470249996e-01
1.411574090049392549e-01
1.409205095055276746e-01
1.406862086342774709e-01
1.404540614614469274e-01
1.402242730746884047e-01
1.399971651957002128e-01
1.397724052168879960e-01
1.395499983112533926e-01
1.393299472387122817e-01
1.391123783599131636e-01
1.388978958050220980e-01
1.386861376848645966e-01
1.384767314763616641e-01
1.382700055035955278e-01
1.380660674804533583e-01
1.378647873131378931e-01
1.376647699406395309e-01
1.374679352646882013e-01
1.372739486062047598e-01
1.370807257980769522e-01
1.368913437714720516e-01
1.367027971402578201e-01
1.365169589037995013e-01
1.363331767478412337e-01
1.361515612740225034e-01
1.359709353114060548e-01
1.357930117050500096e-01
1.356171111168871790e-01
1.354432272199113385e-01
1.352710300836792445e-01
1.351003565651240912e-01
1.349317244679362204e-01
1.347652565208584119e-01
1.346009684967665876e-01
1.344382513112392652e-01
1.342775742040048514e-01
1.341189849816448176e-01
1.339621383864928739e-01
1.338073662175595646e-01
1.336545599501840487e-01
1.335035669228800681e-01
1.333547630078282809e-01
1.332084709688927671e-01
1.330545607537673425e-01
1.329113250140294689e-01
1.327697013651492342e-01
1.326277317029113945e-01
1.324893618306119403e-01
1.323527761111048529e-01
1.322180420605179874e-01
1.320850292380418289e-01
1.319538812958889473e-01
1.318248752590629180e-01
1.316971469945487083e-01
1.315710952692474844e-01
1.314469777423762642e-01
1.313250137363134729e-01
1.312054058670829304e-01
1.310880233928869987e-01
1.309723381947227594e-01
1.308586192559735017e-01
1.307471130469798626e-01
1.306291375625324158e-01
1.305211296543225818e-01
1.304154328101869154e-01
1.303031322992792562e-01
1.301643363375654394e-01
1.300645306325752815e-01
1.299668015603837878e-01
1.298702750081381363e-01
1.297754478446312143e-01
1.296829213794323254e-01
1.295925028100921306e-01
1.295036253383674285e-01
1.294164707382500779e-01
1.293315971701902711e-01
1.292490896105589204e-01
1.291688970668536107e-01
1.290908160644248792e-01
1.290142691070139958e-01
1.289399573102769925e-01
1.288678848609949301e-01
1.287974626519048371e-01
1.287284604222474205e-01
1.286594332289418829e-01
1.285934821201631384e-01
1.285299827759141811e-01
1.284669361867335768e-01
1.284061852232302181e-01
1.283476848252960711e-01
1.282909013924499464e-01
1.282327920599121984e-01
1.281784820124809987e-01
1.281025106092988364e-01
1.280511354787792211e-01
1.280008847805320926e-01
1.279523391918447606e-01
1.279053970914881544e-01
1.278601942193347552e-01
1.278154255255803395e-01
1.277641887825473888e-01
1.277222102304685081e-01
1.276812366318368364e-01
1.276356685818748893e-01
1.275970418927682426e-01
1.275596927249913193e-01
1.275124025115701720e-01
1.274768668474365041e-01
1.274426347991300112e-01
1.274092129241992943e-01
1.273759253261796398e-01
1.273443775205855277e-01
1.273131537898218313e-01
1.272831214611457318e-01
1.272538509485752756e-01
1.272253118227776592e-01
1.271952438543749730e-01
1.271677250163283091e-01
1.271408618789481859e-01
1.271145884724557973e-01
1.270889250618019439e-01
1.270636493843536330e-01
1.270389334778883328e-01
1.270142448139185143e-01
1.269892338081306526e-01
1.269653916198455190e-01
1.269420423115263374e-01
1.269190155454147373e-01
1.268963010189311513e-01
1.268723919277681411e-01
1.268502015242163605e-01
1.268280978937144921e-01
1.268062435228282658e-01
1.267849999625254021e-01
1.267640216452206314e-01
1.267434382375603741e-01
1.267231800121856600e-01
1.267031255328893435e-01
1.266833120090571085e-01
1.266638470351492685e-01
1.266447369229863062e-01
1.266258339844823777e-01
1.266069975842537831e-01
1.265885675348636941e-01
1.265703670651493473e-01
1.265526042113646055e-01
1.265351826254927092e-01
1.265178608635251500e-01
1.264994015512886372e-01
1.264828338865812973e-01
1.264621662912062683e-01
1.264459624809004812e-01
1.264301193830800474e-01
1.264145223534444695e-01
1.263969906419475098e-01
1.263821212762390733e-01
1.263673281466886900e-01
1.263531675763706341e-01
1.263396699899416720e-01
1.263256424315344628e-01
1.263119074833248257e-01
1.262989024076696665e-01
1.262864599623552408e-01
1.262745217260571040e-01
1.262635072196612862e-01
1.262515309075377401e-01
1.262273270121616886e-01
1.262178099012487009e-01
1.262098924632467367e-01
1.262027121758997616e-01
1.261989649486539022e-01
1.262203895507488793e-01
1.261754566212427153e-01
1.263016289002158454e-01
1.265095310853988353e-01
1.267240488214886607e-01
1.271489646610352575e-01
1.276010903965547061e-01
1.285143240761076888e-01
1.300637122933157863e-01
1.320875404587095181e-01
1.342512820502245185e-01
