1.149852456211549301e+00
1.150307989347430393e+00
1.151221242559718805e+00
1.152596478316072481e+00
1.154439817537408208e+00
1.156758928152032961e+00
1.159562635664927566e+00
1.162860476568835955e+00
1.166662218986125099e+00
1.170977377404970765e+00
1.175814749575857077e+00
1.181182003419941173e+00
1.187085340083043006e+00
1.193529256035569253e+00
1.200516422444621201e+00
1.208047694092615254e+00
1.216122253139588549e+00
1.224737885346673494e+00
1.233891378374873726e+00
1.243579023854751497e+00
1.253797197502212191e+00
1.264542985027738320e+00
1.275814816312116351e+00
1.287613066607082635e+00
1.299940581620940616e+00
1.312803083451641761e+00
1.326209416562736054e+00
1.340171597409590909e+00
1.354704637890652874e+00
1.369826121399376762e+00
1.385555520661226225e+00
1.401913258402913920e+00
1.418919524738252003e+00
1.436592878349826075e+00
1.454948671376541602e+00
1.473997349586069205e+00
1.493742689109735178e+00
1.514180038002029605e+00
1.535294634557771376e+00
1.557060074302023311e+00
1.579436993767605379e+00
1.602372031802295815e+00
1.625797118706541644e+00
1.649629130734719507e+00
1.673769933294127377e+00
1.698106821495219743e+00
1.722513352442128776e+00
1.746850550568032068e+00
1.770968455980573175e+00
1.794707976539173355e+00
1.817902997370825391e+00
1.840382696698732445e+00
1.861974014027216517e+00
1.882504215635833367e+00
1.901803502688916403e+00
1.919707608775995666e+00
1.936060336103694546e+00
1.950715982650910618e+00
1.963541616212051588e+00
1.974419155269365511e+00
1.983247220973571201e+00
1.989942729114021036e+00
1.994442195786048089e+00
1.996702735478552926e+00
