1.686215186001793038e-05
5.210116049917570390e-04
1.026018609457895244e-03
1.518162343908042869e-03
2.018024040367784409e-03
2.524746147502723165e-03
3.028038049300064288e-03
3.536475259103801210e-03
4.037194506897942049e-03
4.538771306026483272e-03
5.041205656489422711e-03
5.535064493608367851e-03
6.034068638733710091e-03
6.535645437862251314e-03
7.026931620978000941e-03
7.524220663434545014e-03
8.015506846550295508e-03
8.517941197013236682e-03
9.017802893472972800e-03
9.521952346604698261e-03
1.001666873505802600e-02
1.050538226417055410e-02
1.100352885796148164e-02
1.150253300308680914e-02
1.199810694287453856e-02
1.250225639600626056e-02
1.300297564380038101e-02
1.351227040493849924e-02
1.401384720406702658e-02
1.451199379785795759e-02
1.501528569965527617e-02
1.552886821746539414e-02
1.602444215725312357e-02
1.652087364837524427e-02
1.700615697215017777e-02
1.749744315526591265e-02
1.799473219772244545e-02
1.849716654818537448e-02
1.898416497462911134e-02
1.948917197909523502e-02
1.999417898356135870e-02
2.050175864203068049e-02
2.100762319783120585e-02
2.150748489429092983e-02
2.201849475809784101e-02
2.252435931389836984e-02
2.307224388508445287e-02
2.359268681356976871e-02
2.409512116403268386e-02
2.457954693647321567e-02
2.506568781158254391e-02
2.555611644336387017e-02
2.607913202585238413e-02
2.658671168432170592e-02
2.709772154812862752e-02
2.760787386060113702e-02
2.811288086506725722e-02
2.863075113954936454e-02
2.915290917070350110e-02
2.966563413717920525e-02
3.017235624431412883e-02
3.068936896746184140e-02
3.119437597192797201e-02
3.171567645174768607e-02
3.223526182889858982e-02
3.274712924403991310e-02
3.326328441585322399e-02
3.377257917699135609e-02
3.428616169480146886e-02
3.480488952061798480e-02
3.532018714109691482e-02
3.583462721024151254e-02
3.634906727938606169e-02
3.687208286187464851e-02
3.739509844436322145e-02
3.791725647551738576e-02
3.843341164733077991e-02
3.895128192181292887e-02
3.945028606693831014e-02
3.997330164942688308e-02
4.049031437257465810e-02
4.100303933905043163e-02
4.152348226753580646e-02
4.204306764468677265e-02
4.257208608651615045e-02
4.307966574498551388e-02
4.359324826279570297e-02
4.410854588327464687e-02
4.462555860642242883e-02
4.515200439424860851e-02
4.564672078270196054e-02
4.615687309517454984e-02
4.665501968896550861e-02
4.716431445010368928e-02
4.768647248125783972e-02
4.819490969106161177e-02
4.871363751687817628e-02
4.922722003468836538e-02
4.975881113052088578e-02
5.026810589165906645e-02
5.077311289612522482e-02
5.126868683591302711e-02
5.177112118637598737e-02
5.227870084484535773e-02
5.279228336265549826e-02
5.330843853446887853e-02
5.380658512825983036e-02
5.431416478672918685e-02
5.484404077989291082e-02
5.534561757902149715e-02
5.586005764816605323e-02
5.636506465263223242e-02
5.686492634909201538e-02
5.738622682891175719e-02
5.790238200072513053e-02
5.841081921052885401e-02
5.891754131766382963e-02
5.942083321946120544e-02
5.993698839127454409e-02
6.045228601175352962e-02
6.095043260554447451e-02
6.145629716134504150e-02
6.195701640913921920e-02
6.247059892694935279e-02
6.296445776406832395e-02
6.347203742253770820e-02
6.398476238901341928e-02
6.449148449614840184e-02
6.499820660328337052e-02
6.548606258106151601e-02
6.600136020154044603e-02
6.650722475734102690e-02
6.700365624846320312e-02
6.749665753424770320e-02
6.799994943604507902e-02
6.851353195385524730e-02
6.901425120164941807e-02
6.950982514143715096e-02
7.000882928656254611e-02
7.051040608569110468e-02
7.100683757681330865e-02
7.150841437594186722e-02
7.199369769971668276e-02
7.250642266619244936e-02
7.299942395197703271e-02
7.350271585377431138e-02
7.399057183155241524e-02
7.447928536066504568e-02
7.498000460845913318e-02
7.547386344557811821e-02
7.597972800137871296e-02
7.648387745451036557e-02
7.697859384296379393e-02
7.746216206407001426e-02
7.795516334985454210e-02
7.845245239231109224e-02
7.896431980745245716e-02
7.948047497926577498e-02
7.996232809770315031e-02
8.045704448615659254e-02
8.095090332327549432e-02
8.144476216039443772e-02
8.193090303550371045e-02
8.241447125660990303e-02
8.290489988839125357e-02
8.339704362284143524e-02
8.389776287063567539e-02
8.437275557839779561e-02
8.484174542681917341e-02
8.536304590663895686e-02
8.584232637107305774e-02
8.631646152750083179e-02
8.681889587796381980e-02
8.730503675307316191e-02
8.779975314152650701e-02
8.829275442731109036e-02
8.879175857243645775e-02
8.926932393420182466e-02
8.975289215530794784e-02
9.022616976040133407e-02
9.073803717554275450e-02
9.124904703934962058e-02
9.173776056846227878e-02
9.222304389223720533e-02
9.272033293469375548e-02
9.320904646380634428e-02
9.368403917156846450e-02
9.417618290601861841e-02
9.464345765177122061e-02
9.513474383488704222e-02
9.561488185065558643e-02
9.610188027709939962e-02
9.656915502285197406e-02
9.701927874191668133e-02
9.750970737369800412e-02
9.803786826419295941e-02
9.852400913930230153e-02
9.900243205240208400e-02
9.943883495011632268e-02
9.992326072255680591e-02
1.004085440463317602e-01
1.008552375600587359e-01
1.013010735224513514e-01
1.018292344129462096e-01
1.023153752880556350e-01
1.027629263531169984e-01
1.032139076235159963e-01
1.037343505520013365e-01
1.041587477310338822e-01
1.046303102334584512e-01
1.050624253745006120e-01
1.055425633902692395e-01
1.060055503793498749e-01
1.064453834824015954e-01
1.069229488441669484e-01
1.074202378866234708e-01
1.078686465030193053e-01
1.082733200013607372e-01
1.086711330890269556e-01
1.091169690514194462e-01
1.095953919645192010e-01
1.100686695696125872e-01
1.104767732732915425e-01
1.109106035170024929e-01
1.113650149927390837e-01
1.118485832138452624e-01
1.122909889709002573e-01
1.127213890092735593e-01
1.131980968197045939e-01
1.136790923868075676e-01
1.141214981438625348e-01
1.145587585929111751e-01
1.150054521066381508e-01
1.154281341830019902e-01
1.158456709513593641e-01
1.162614926170478930e-01
1.167639269675109226e-01
1.172080478272346515e-01
1.177104821776975840e-01
1.181486001780806400e-01
1.185952936918075462e-01
1.190042549468209448e-01
1.194329398825255545e-01
1.199139354496284865e-01
1.203417628339986528e-01
1.207747355263752154e-01
1.213020388655357412e-01
1.218327724100338322e-01
1.222537393837289099e-01
1.226584128820702030e-01
1.231291178331603842e-01
1.236701419936713786e-01
1.241768641008062779e-01
1.246612898732469138e-01
1.250453821395627330e-01
1.254963634099616754e-01
1.258984642542998744e-01
1.263425851140236866e-01
1.267789880117379253e-01
1.273002884915575561e-01
1.277332611839341603e-01
1.282031085836898843e-01
1.287046853828185122e-01
1.291822507445838375e-01
1.296589585550148027e-01
1.301785439321656856e-01
1.306706876666158534e-01
1.311816975304227750e-01
1.316772714702106328e-01
1.321291102919439353e-01
1.326109634103812551e-01
1.331725688029178345e-01
1.337007296934127343e-01
1.342074518005477446e-01
1.347218918696922729e-01
1.351823062047696200e-01
1.357267605706181379e-01
1.362857933091515539e-01
1.369039970897584224e-01
1.374896139196581379e-01
1.381249687269530402e-01
1.387311667888782851e-01
1.393648064935043840e-01
1.400164547761527933e-01
1.406912569448300621e-01
1.412940248014178390e-01
1.419285220573784090e-01
1.425750250320205192e-01
1.432215280066624907e-01
1.438740338406451769e-01
1.445668445873451724e-01
1.451558916225824947e-01
1.458178305212433634e-01
1.464986355492615966e-01
1.471888736419580124e-01
1.478919750046705783e-01
1.485393355306468821e-01
1.492270009693403010e-01
1.499103786513615588e-01
1.505474485613252644e-01
1.512205356273336188e-01
1.519296398493869549e-01
1.526198779420832874e-01
1.533023980727704072e-01
1.539506161500812376e-01
1.545919738167166602e-01
1.552367616886900226e-01
1.559261422300522726e-01
1.566138076687455805e-01
1.572911824914257906e-01
1.579522638387527989e-01
1.585764704787004931e-01
1.592598481607218064e-01
1.598926303140133509e-01
1.605288426726425854e-01
1.612259411760141870e-01
1.618338543406085128e-01
1.624752120072442407e-01
1.631311480465643671e-01
1.637665028538594081e-01
1.644224388931799230e-01
1.651006712671949372e-01
1.658089179379135247e-01
1.664897229659316469e-01
1.671576647239335356e-01
1.678341819952798297e-01
1.684952633426065327e-01
1.691692079599493026e-01
1.698500129879674803e-01
1.705110943352942388e-01
1.711636001692773690e-01
1.718023851819097947e-01
1.724951959286091241e-01
1.731991548426560779e-01
1.738945382433590148e-01
1.745882065413930095e-01
1.752672964667422451e-01
1.759438137380884004e-01
1.766366244847880906e-01
1.773260050261502851e-01
1.780393970048751717e-01
1.787193444815589338e-01
1.794215882929370565e-01
1.800655186135760311e-01
1.807283150635718982e-01
1.814168380535995106e-01
1.821105063516333666e-01
1.827810207636385853e-01
1.834746890616727466e-01
1.841434883710091064e-01
1.848448746310526747e-01
1.854930927083636438e-01
1.861576042610281756e-01
1.868083949923424192e-01
1.874531828643155318e-01
1.881142642116421793e-01
1.887521916729403837e-01
1.894261362902832369e-01
1.901138017289766835e-01
1.907714528709658630e-01
1.914265313589516015e-01
1.920593135122434514e-01
1.927066740382199772e-01
1.933454590508524029e-01
1.939919620254945964e-01
1.946787699128534610e-01
1.953287030928329004e-01
1.959914995428286566e-01
1.966508657874866672e-01
1.973093744808104566e-01
1.979275782614174084e-01
1.985715085820559667e-01
1.992463107507333187e-01
1.999262582274170252e-01
2.005804791640685980e-01
2.012286972413795672e-01
2.019000692047192569e-01
2.025577203467082421e-01
2.032076535266881256e-01
2.038515838473267672e-01
2.045049472326443962e-01
2.051548804126238357e-01
2.057962380792593693e-01
2.064530316699143830e-01
2.071021072985597955e-01
2.077185959764979439e-01
2.083616687458025585e-01
2.089747272184029891e-01
2.095792101776593752e-01
2.101819780342471244e-01
2.107727401721531946e-01
2.114055223254449334e-01
2.120228685547173586e-01
2.126067702819484651e-01
2.131983899711887287e-01
2.137917247630981288e-01
2.143764840416634010e-01
2.149646735255661412e-01
2.155271364694371916e-01
2.161058928886616659e-01
2.166666407298640240e-01
2.172402518410819217e-01
2.177847062069305228e-01
2.183145822000943648e-01
2.188290222692387821e-01
2.194086362397977275e-01
2.199436575409681738e-01
2.204752486368005970e-01
2.210334238239995697e-01
2.215967443192046749e-01
2.221557770577381463e-01
2.227053767315931854e-01
2.232455433407698753e-01
2.237779919879366863e-01
2.243138708404412984e-01
2.248506072442804649e-01
2.253821983401131657e-01
2.259163620899487523e-01
2.263506288663711397e-01
2.263506288663711397e-01
2.263506288663711397e-01
2.263506288663711397e-01
2.263506288663711397e-01
2.263506288663711397e-01
2.263506288663711397e-01
2.263506288663711397e-01
2.263506288663711397e-01
2.263506288663711397e-01
2.263506288663711397e-01
2.263506288663711397e-01
2.263506288663711397e-01
2.263506288663711397e-01
2.263506288663711397e-01
2.263506288663711397e-01
2.263506288663711397e-01
2.263506288663711397e-01
2.263506288663711397e-01
2.263506288663711397e-01
2.263506288663711397e-01
2.263506288663711397e-01
2.263506288663711397e-01
2.263506288663711397e-01
2.263506288663711397e-01
2.263506288663711397e-01
2.263506288663711397e-01
2.263506288663711397e-01
2.263506288663711397e-01
2.263506288663711397e-01
2.263506288663711397e-01
2.263506288663711397e-01
2.263506288663711397e-01
2.263506288663711397e-01
2.263506288663711397e-01
2.263506288663711397e-01
2.263506288663711397e-01
2.263506288663711397e-01
2.263506288663711397e-01
2.263506288663711397e-01
2.263506288663711397e-01
2.263506288663711397e-01
2.263506288663711397e-01
2.263506288663711397e-01
2.263506288663711397e-01
2.263506288663711397e-01
2.263506288663711397e-01
2.263506288663711397e-01
2.263506288663711397e-01
2.263506288663711397e-01
2.263506288663711397e-01
2.263506288663711397e-01
2.263506288663711397e-01
2.263506288663711397e-01
2.263506288663711397e-01
2.263506288663711397e-01
2.263506288663711397e-01
2.263506288663711397e-01
2.263506288663711397e-01
2.263506288663711397e-01
2.263506288663711397e-01
2.263506288663711397e-01
2.263506288663711397e-01
2.263506288663711397e-01
2.263506288663711397e-01
2.263506288663711397e-01
2.263506288663711397e-01
2.263506288663711397e-01
2.263506288663711397e-01
2.263506288663711397e-01
2.263506288663711397e-01
2.263506288663711397e-01
2.263506288663711397e-01
2.263506288663711397e-01
2.263506288663711397e-01
2.263506288663711397e-01
2.263506288663711397e-01
2.263506288663711397e-01
2.263506288663711397e-01
2.263506288663711397e-01
2.263506288663711397e-01
2.263506288663711397e-01
2.263506288663711397e-01
