3.491873932076009629e-02
3.159291671499632470e-02
2.897955909671557501e-02
2.676464212158135084e-02
2.479981078743708281e-02
2.303331255955655063e-02
2.143044340734300349e-02
1.996358721954478999e-02
1.863380032142701939e-02
1.741539392385984403e-02
1.629125331361498674e-02
1.525246351741358503e-02
1.429559128388509931e-02
1.341131904248131501e-02
1.259515917808128049e-02
1.183161188865532870e-02
1.113075182449152489e-02
1.048289070177721612e-02
9.888361450487746090e-03
9.341484557870788352e-03
8.812000766279593986e-03
8.343017108285787770e-03
7.908915840657655336e-03
7.506022637518873844e-03
7.133072047821304926e-03
6.775914695141416720e-03
6.450709761147539745e-03
6.153956288624924664e-03
5.879763677183907564e-03
5.630474192004597880e-03
5.403919973218076524e-03
5.189587970418037439e-03
4.994550463480590223e-03
4.816700566098357575e-03
4.651659792247955436e-03
4.499583356349463534e-03
4.356248193208554255e-03
4.224048582247832626e-03
4.100331174738806352e-03
3.983529808283900291e-03
3.874263341968142791e-03
3.772403317058577871e-03
3.677253138372486765e-03
3.588487220583962568e-03
3.501514896747829481e-03
3.420910866685181618e-03
3.329153837608159108e-03
3.255075082252925026e-03
3.182623762501599497e-03
3.109021728162448747e-03
3.044688814595365809e-03
2.984206424257315141e-03
2.926937112926226211e-03
2.873030177149464310e-03
2.821437093095975363e-03
2.771863698641609253e-03
2.724751461759636686e-03
2.679397825032052687e-03
2.635041864098395560e-03
2.592694851274284559e-03
2.552401343937717431e-03
2.513501202491084680e-03
2.476292109251117431e-03
2.439858439413990047e-03
2.404477123220165324e-03
2.370287746507386724e-03
2.335513111573810086e-03
2.302836601992865658e-03
2.271052700946079358e-03
2.239790220829247867e-03
2.210218838857217968e-03
2.181356454336389871e-03
2.153077817045921140e-03
2.125474119422639772e-03
2.098523257330422737e-03
2.071631448311451323e-03
2.045933629529353773e-03
2.020758149381809109e-03
1.992677067259017790e-03
1.963021668245075717e-03
1.939442928424294247e-03
1.916330713048998045e-03
1.893286649694940526e-03
1.871046638492807361e-03
1.848867140523999253e-03
1.826853120226710776e-03
1.805832703588185380e-03
1.785606200906345292e-03
1.765836987289231934e-03
1.746018789036452934e-03
1.727113307455108420e-03
1.708874375907298111e-03
1.691262379111504793e-03
1.674085397796282529e-03
1.657302679788475114e-03
1.640882352425575242e-03
1.623745894301151585e-03
1.606119810464285346e-03
1.590210409548207084e-03
1.574692688947690713e-03
1.559938159714226516e-03
1.545607271361370280e-03
1.531558141250475430e-03
1.517944235529715327e-03
1.504472512439038656e-03
1.491080300678003859e-03
1.478183458101002112e-03
1.465589462414659296e-03
1.450785867625089404e-03
1.438617146526506747e-03
1.426854547315314567e-03
1.415305025643868488e-03
1.404032521892325733e-03
1.392883900129000992e-03
1.382089243283236846e-03
1.371660117612912922e-03
1.361506256855435750e-03
1.351609100608713344e-03
1.341655386767428172e-03
1.332109250875900507e-03
1.322485628841326430e-03
1.313349526076210052e-03
1.304446803274147190e-03
1.295736423269154558e-03
1.287299765582891782e-03
1.279073653026014702e-03
1.270868006105291487e-03
1.263078769940554616e-03
1.255419291979848091e-03
1.247993910722674116e-03
1.240551950719776019e-03
1.233508646143595140e-03
1.226672216808193626e-03
1.220120054207620265e-03
1.213549537545109301e-03
1.206689615793934229e-03
1.200575289250488528e-03
1.194714368395970779e-03
1.189013916409125717e-03
1.183124352100865416e-03
1.177798195501743349e-03
1.172573135653934371e-03
1.167574395678628967e-03
1.162732137354755262e-03
1.157953433343104650e-03
1.153458686108545629e-03
1.149121093720573096e-03
1.144925458858731589e-03
1.140824097297713424e-03
1.136895467553395052e-03
1.133023734731400433e-03
1.129340579484349556e-03
1.125808859798080016e-03
1.122377671913018637e-03
1.119102073185967994e-03
1.115904213940420312e-03
1.109745315450963834e-03
1.106640795357672182e-03
1.103743406303255492e-03
1.100973408544724192e-03
1.098378149583265594e-03
1.095803963309438522e-03
1.093430812443523751e-03
1.091128877756128652e-03
1.088944015042787004e-03
1.086862081387321433e-03
1.084839754497619099e-03
1.082923784627688301e-03
1.081021199693870533e-03
1.079222565699537251e-03
1.077595772745803962e-03
1.076073967088008289e-03
1.074586721428842217e-03
1.073163397933560911e-03
1.071864779035722713e-03
1.070617624975474420e-03
1.069233285253191022e-03
1.067967023679834964e-03
1.066847858690732559e-03
1.065836653636628457e-03
1.064792376296393736e-03
1.063732231910920331e-03
1.062869499677817492e-03
1.062002780951869837e-03
1.061280878484650641e-03
1.060587162224983218e-03
1.059937261834630962e-03
1.059326712864591766e-03
1.058754315205450141e-03
1.058205039955433273e-03
1.057705571289179304e-03
1.057198509817798516e-03
1.056770272560830304e-03
1.056381029824872723e-03
1.056006177876808510e-03
1.055381091138896110e-03
1.055048118077012414e-03
1.054731073537925256e-03
1.054451680408712098e-03
1.054182980599269398e-03
1.053917624269809809e-03
1.053690861439284627e-03
1.053420124076669953e-03
1.053123912020304540e-03
1.052906571937967193e-03
1.052712075665722738e-03
1.052490426020451881e-03
1.052021292363231704e-03
1.051857008397958119e-03
1.051633863810265889e-03
1.051487432024428422e-03
1.051341264418194713e-03
1.051208723205179210e-03
1.051082185414487424e-03
1.050961444064425635e-03
1.050837217527944654e-03
1.050722270118396862e-03
1.050626128687142139e-03
1.050534871813008173e-03
1.050435922709203052e-03
1.050332545738733026e-03
1.050249829089070245e-03
1.050164256383644698e-03
1.050089258847740912e-03
1.050012360809687156e-03
1.049929409218991385e-03
1.049865600596528760e-03
1.049806503117844828e-03
1.049739483521137462e-03
1.049650162240523162e-03
1.049595638202554127e-03
1.049542094077800551e-03
1.049487884109543377e-03
1.049441304883469298e-03
1.049393014361111719e-03
1.049354308415683355e-03
1.049308689532644405e-03
1.049164313379388411e-03
1.048964934262559996e-03
1.048916680007881382e-03
1.048876600604053272e-03
1.048842041201614303e-03
1.048808046432390517e-03
1.048774476168150413e-03
1.048746537579141498e-03
1.048718076848476717e-03
1.048640099527354663e-03
1.048599366281599337e-03
1.048573881213789999e-03
1.048552256042729891e-03
1.048530677051275929e-03
1.048478225051580276e-03
1.048450625275830278e-03
1.048426153512622841e-03
1.048409704424272965e-03
1.048394276397263169e-03
1.048379515398270394e-03
1.048357098661008161e-03
1.048344301881268563e-03
1.048329266961840409e-03
1.048316944832005911e-03
1.048304812786048004e-03
1.048293869013109791e-03
1.048283734673582284e-03
1.048274833302656776e-03
1.048264047838717286e-03
1.048254361450361377e-03
1.048238885258716757e-03
1.048232509104104430e-03
1.048228519453137629e-03
1.048220554852187297e-03
1.048212216361780027e-03
1.048203772971697438e-03
1.048200028811281052e-03
1.048191927034021345e-03
1.048191128436556929e-03
1.048187006657241285e-03
1.048179464162677906e-03
1.048175836433074860e-03
1.048169913420239022e-03
1.048166359771205347e-03
1.048164276830624696e-03
1.048161934375486850e-03
1.048160357202697780e-03
1.048158118633107667e-03
1.048157264824914250e-03
1.048154313726347995e-03
1.048151192692055658e-03
1.048146251855466837e-03
1.048142199865963794e-03
1.048137848218642660e-03
1.048136128877474524e-03
1.048132940079409946e-03
1.048129472390310971e-03
1.048127877244538556e-03
1.048126649677815370e-03
1.048123722608419912e-03
1.048122599590789418e-03
1.048120393180178560e-03
1.048117008455211243e-03
1.048113075517794531e-03
1.048111100221058457e-03
1.048109606180160514e-03
1.048107689818842617e-03
1.048104599602676544e-03
1.048101353219252308e-03
1.048098550356774388e-03
1.048095065511288858e-03
1.048093023486622961e-03
1.048089306685580455e-03
1.048082037849128005e-03
1.048078415378581605e-03
1.048073087927439912e-03
1.048067585798972230e-03
1.048063132629333850e-03
1.048061783789305899e-03
1.048058496193914448e-03
1.048054058866963040e-03
1.048050836146250568e-03
1.048046772936189405e-03
1.048040593481471081e-03
1.048036360869449794e-03
1.048034873651128643e-03
1.048032293829477849e-03
1.048028992026977602e-03
1.048018231778538156e-03
1.048001699319132778e-03
1.047995211254059301e-03
1.047980587470274689e-03
1.047975928776635063e-03
1.047974133312408766e-03
1.047969865645762260e-03
1.047967532505272859e-03
1.047964430041384200e-03
1.047960823883489984e-03
1.047957100105026884e-03
1.047953777083133857e-03
1.047949842945111558e-03
1.047947675463489206e-03
1.047943112559895614e-03
1.047940357174251356e-03
1.047936261791754253e-03
1.047931549789133700e-03
1.047927374225916461e-03
1.047919500474304164e-03
1.047907797083029186e-03
1.047907107843627306e-03
1.047903505857679081e-03
1.047901053892812909e-03
1.047891648566757605e-03
1.047890554515241990e-03
1.047884379570666359e-03
1.047879586893544221e-03
1.047869082533605051e-03
1.047863328686780273e-03
1.047849974116764902e-03
1.047834336008873594e-03
1.047823450461080573e-03
1.047821230548275995e-03
1.047809963782570701e-03
1.047749249646787997e-03
1.047744847070609595e-03
1.047733370734622166e-03
1.047728544605688178e-03
1.047719521256485365e-03
1.047713721990970077e-03
1.047707881593614018e-03
1.047706674268581101e-03
1.047702845498488028e-03
1.047694105914709784e-03
1.047675302388439674e-03
1.047656546701394116e-03
1.047650393825144818e-03
1.047647523960370608e-03
1.047620859016907494e-03
1.047600095721040996e-03
1.047598722327215248e-03
1.047595762860463724e-03
1.047589274094030921e-03
1.047583921975781679e-03
1.047570536607150913e-03
1.047549337016084794e-03
1.047388396117747769e-03
1.047371559856684082e-03
1.047356458908437447e-03
1.047328792311623142e-03
1.047429817503103084e-03
1.046872300198558410e-03
1.047142431834850035e-03
1.047221948187472204e-03
1.047545409872801484e-03
1.048174255758043240e-03
1.048236484917046971e-03
1.050078104664640532e-03
1.050212935109390115e-03
1.051505680861890626e-03
1.060479141872672053e-03
1.065833550582421857e-03
1.097611560337020346e-03
1.169380539039606383e-03
1.290626906319252950e-03
1.415025577999463923e-03
1.733500642644769012e-03
2.320723399329333719e-03
2.536180458876708625e-03
2.890774903524691297e-03
3.987650085963175516e-03
5.032880844855507595e-03
5.862187353347519253e-03
7.494269492506092784e-03
1.127989398647384969e-02
1.673989115888796508e-02
2.391821220840776099e-02
3.267814939622765841e-02
4.524635948922323125e-02
7.101200353673436938e-02
1.451364871619913732e-01
8.688712747967959338e-01
8.971119184294916391e+08
8.971119183356071711e+08
8.971119182417236567e+08
8.971119181478406191e+08
8.971119180539590120e+08
8.971119179600766897e+08
8.971119178661960363e+08
8.971119177723153830e+08
8.971119176784353256e+08
8.971119175845558643e+08
8.971119174906775951e+08
8.971119173967994452e+08
8.971119173029228449e+08
8.971119172090454102e+08
8.971119171151692867e+08
8.971119170212939978e+08
8.971119169274189472e+08
8.971119168335448503e+08
8.971119167396712303e+08
8.971119166457982063e+08
8.971119165519257784e+08
8.971119164580535889e+08
8.971119163641828299e+08
8.971119162703121901e+08
8.971119161764416695e+08
8.971119160825725794e+08
8.971119159887043238e+08
8.971119158948358297e+08
8.971119158009686470e+08
8.971119157071019411e+08
8.971119156132352352e+08
8.971119155193697214e+08
8.971119154255049229e+08
8.971119153316409588e+08
8.971119152377762794e+08
8.971119151439130306e+08
8.971119150500507355e+08
8.971119149561890364e+08
8.971119148623276949e+08
8.971119147684670687e+08
8.971119146746064425e+08
8.971119145807476044e+08
8.971119144868885279e+08
8.971119143930312395e+08
8.971119142991728783e+08
8.971119142053159475e+08
8.971119141114598513e+08
8.971119140176039934e+08
8.971119139237492085e+08
8.971119138298949003e+08
8.971119137360405922e+08
8.971119136421873569e+08
8.971119135483348370e+08
8.971119134544826746e+08
8.971119133606309891e+08
8.971119132667807341e+08
8.971119131729305983e+08
8.971119130790811777e+08
8.971119129852322340e+08
8.971119128913840055e+08
8.971119127975358963e+08
8.971119127036893368e+08
8.971119126098424196e+08
8.971119125159971714e+08
8.971119124221513271e+08
8.971119123283077478e+08
8.971119122344632149e+08
8.971119121406198740e+08
8.971119120467771292e+08
8.971119119529348612e+08
8.971119118590941429e+08
8.971119117652530670e+08
8.971119116714128256e+08
8.971119115775732994e+08
8.971119114837341309e+08
8.971119113898955584e+08
8.971119112960580587e+08
8.971119112022210360e+08
8.971119111083846092e+08
8.971119110145487785e+08
8.971119109207129478e+08
8.971119108268784285e+08
8.971119107361726761e+08
