1.720392604760341504e+00
1.721384263750314281e+00
1.723371879327670664e+00
1.726364013930434815e+00
1.730373427386565410e+00
1.735416971025436794e+00
1.741515438055299514e+00
1.748693363725188687e+00
1.756978768066621788e+00
1.766402833822599439e+00
1.776999512565937911e+00
1.788805053004037804e+00
1.801857447049315608e+00
1.816195791359187739e+00
1.831859564640430094e+00
1.848887823965150945e+00
1.867318326529870287e+00
1.887186586556350187e+00
1.908524880222142617e+00
1.931361214456697839e+00
1.955718277988466980e+00
1.981612395040073915e+00
2.009052503429422210e+00
2.038039179466957229e+00
2.068563731906188696e+00
2.100607386313221081e+00
2.134140579620356082e+00
2.169122382406510674e+00
2.205500063719512127e+00
2.243208810158661581e+00
2.282171607612833775e+00
2.322299290638505820e+00
2.363490761085978775e+00
2.405633374340331088e+00
2.448603488506519543e+00
2.492267169076309408e+00
2.536481039080083377e+00
2.581093262438801883e+00
2.625944646164282137e+00
2.670869845178577950e+00
2.715698651808992725e+00
2.760257350451909897e+00
2.804370116496969434e+00
2.847860437400774991e+00
2.890552532864267388e+00
2.932272750494065772e+00
2.972850913229434511e+00
3.012121595315402800e+00
3.049925304814847138e+00
3.086109552671651102e+00
3.120529791216743121e+00
3.153050208747958827e+00
3.183544371345927271e+00
3.211895708272160643e+00
3.237997842921922498e+00
3.261754777100581926e+00
3.283080942038466343e+00
3.301901134712324826e+00
3.318150362359348016e+00
3.331773621241837624e+00
3.342725637493927149e+00
3.350970598086854935e+00
3.356481898516199269e+00
3.359241930785151098e+00
