1.429905072246752809e-05
4.559231366259435827e-04
9.085127781949423964e-04
1.331579769895224448e-03
1.747055223057836703e-03
2.185305291833461710e-03
2.628616386300866147e-03
3.067709959358453850e-03
3.517769088081564195e-03
3.977950268188228632e-03
4.445722986832563624e-03
4.907591175503157356e-03
5.364398338481971007e-03
5.819518492896855362e-03
6.281386681567447360e-03
6.733976323136445577e-03
7.189096477551330799e-03
7.650121161939966823e-03
8.105241316354859851e-03
8.573014034999201782e-03
9.033195215105873158e-03
9.514464002261630374e-03
9.967897148112596709e-03
1.043988738816675407e-02
1.090597309824716671e-02
1.137205880832758281e-02
1.181790041564088033e-02
1.227976860431148100e-02
1.275260234864760388e-02
1.322543609298373023e-02
1.370417436729359437e-02
1.415507700029867109e-02
1.461525818040534247e-02
1.506278679628256581e-02
1.552128096782531309e-02
1.598483616505983959e-02
1.643995631947473002e-02
1.690013749958141007e-02
1.735947517540611940e-02
1.782977840689634746e-02
1.830598616836032200e-02
1.878641145123411196e-02
1.925924519557023484e-02
1.973460945275224213e-02
2.018466858147534640e-02
2.066171984722128818e-02
2.113877111296721956e-02
2.158967374597229108e-02
2.206756851600018624e-02
2.252943670467078344e-02
2.299805292759707701e-02
2.347763470618891013e-02
2.394118990342343836e-02
2.442245869057918170e-02
2.491891055481028350e-02
2.537487421350712730e-02
2.583758590645968481e-02
2.629354956515653902e-02
2.676132228380088268e-02
2.723668654098288650e-02
2.768843267826993221e-02
2.813343078130127808e-02
2.860879503848326455e-02
2.907319373999976003e-02
2.955277551859161397e-02
3.003488781002927599e-02
3.049085146872617530e-02
3.098561632439331831e-02
3.146435459870318418e-02
3.192706629165576598e-02
3.239062148889024217e-02
3.285417668612480857e-02
3.330086179772006466e-02
3.380321819192486088e-02
3.426171236346765847e-02
3.474551166346931397e-02
3.523437198916268970e-02
3.572407581913811248e-02
3.621040563198566625e-02
3.667143031637425804e-02
3.715691662493987579e-02
3.765252498488902422e-02
3.813210676348081224e-02
3.862602811486605392e-02
3.914609809899214504e-02
3.962483637330196234e-02
4.009935712620202319e-02
4.057640839194800314e-02
4.106864273476928257e-02
4.154231998338733800e-02
4.204214586474633308e-02
4.253269319900370576e-02
4.299962241336603014e-02
4.345896008919074294e-02
4.397143853477918779e-02
4.445186381765297429e-02
4.492469756198907982e-02
4.538993976778756684e-02
4.589060915342850488e-02
4.639549606047921326e-02
4.686748630053335501e-02
4.733188500204989213e-02
4.782580635343509218e-02
4.831297967056458892e-02
4.882883213328080563e-02
4.930925741615460600e-02
4.976522107485148450e-02
5.025408140054495043e-02
5.074125471767439166e-02
5.120987094060069911e-02
5.172066237762522334e-02
5.221289672044650970e-02
5.270428755898581147e-02
5.314675514917123478e-02
5.361115385068771638e-02
5.405530844943709501e-02
5.453235971518306802e-02
5.500519345951913885e-02
5.545525258824225007e-02
5.590952923837519406e-02
5.635958836709829139e-02
5.685688373561140901e-02
5.736345765122610740e-02
5.782785635274252656e-02
5.828297650715740658e-02
5.873303563588058024e-02
5.918562527744960361e-02
5.963231038904481807e-02
6.010261362053503920e-02
6.057460386058915319e-02
6.104659410064343372e-02
6.151014929787797236e-02
6.196695646085671055e-02
6.241364157245196664e-02
6.284598711125387316e-02
6.333400393266544470e-02
6.380599417271953788e-02
6.430582005407843582e-02
6.475250516567369885e-02
6.519750326870511759e-02
6.568636359439861128e-02
6.619293751001310844e-02
6.666830176719511225e-02
6.712763944301984587e-02
6.757769857174307504e-02
6.803956676041360285e-02
6.852505306897910264e-02
6.897932971911197031e-02
6.946059850626777610e-02
6.993005823347617222e-02
7.039614394355656057e-02
7.086897768789260366e-02
7.133000237228119544e-02
7.180452312518122160e-02
7.228410490377314146e-02
7.275019061385365471e-02
7.326182555515996231e-02
7.375996442795500208e-02
7.424038971082871918e-02
7.471828448085666985e-02
7.522401489218950854e-02
7.572046675642055136e-02
7.620764007355003422e-02
7.667709980075822218e-02
7.718536072493677180e-02
7.765650746070905386e-02
7.814115026499277028e-02
7.861988853930255983e-02
7.912983647204503701e-02
7.961110525920069014e-02
8.010587011486787479e-02
8.060653950050887528e-02
8.106840768917951412e-02
8.155895502343676884e-02
8.203094526349091753e-02
8.249281345216143146e-02
8.298757830782867162e-02
8.347222111211240192e-02
8.400325665190394586e-02
8.451910911462021114e-02
8.500122140605781418e-02
8.548502070605937253e-02
8.598906410882820039e-02
8.650913409295439560e-02
8.699799441864779215e-02
8.745395807734458737e-02
8.792763532596266363e-02
8.840806060883639461e-02
8.889439042168392757e-02
8.937734621740364704e-02
8.988307662873645798e-02
9.042254721134762585e-02
9.091225104132294454e-02
9.142051196550148029e-02
9.192202485542433354e-02
9.239232808691466570e-02
9.291998960957845166e-02
9.340041489245214101e-02
9.391879786801425600e-02
9.439163161235035460e-02
9.489567501511914083e-02
9.537019576801926413e-02
9.576711412697877512e-02
9.628043607684903804e-02
9.677351392395225349e-02
9.729358390807821277e-02
9.780268833653872618e-02
9.829829669648795787e-02
9.880065309069287205e-02
9.927179982646498757e-02
9.981042690479419166e-02
1.002815736405663766e-01
1.007822430262072660e-01
1.012930344632318874e-01
1.017802077803614258e-01
1.022943732345137774e-01
1.028001036458463802e-01
1.033058340571791217e-01
1.037778242972332704e-01
1.043063293241789646e-01
1.048078422141019012e-01
1.053203206596903668e-01
1.057880933783347799e-01
1.062786407125920624e-01
1.067615965083117402e-01
1.073137196551523787e-01
1.078118585279474323e-01
1.083091538964605777e-01
1.088342849062785000e-01
1.093121796763064368e-01
1.098204406004849587e-01
1.103337625503553326e-01
1.108251533888946760e-01
1.113081091846143539e-01
1.118475797672256605e-01
1.123372835972011180e-01
1.128497620427894449e-01
1.133673015140695822e-01
1.138477267969434520e-01
1.143635792596596062e-01
1.148903972780413590e-01
1.153801011080168026e-01
1.159102931435264106e-01
1.165037480001832465e-01
1.170330965314109600e-01
1.175236438656682425e-01
1.180529923968958034e-01
1.185511312696908987e-01
1.190762622795087239e-01
1.195760881608676635e-01
1.201442378890656831e-01
1.206710559074473527e-01
1.212088394814945375e-01
1.217078218585715965e-01
1.222101782527763719e-01
1.227479618268236539e-01
1.232730928366415901e-01
1.237982238464593876e-01
1.242955192149723526e-01
1.248375203104294118e-01
1.253322851660965132e-01
1.258481376288128062e-01
1.263682076129389042e-01
1.268882775970649746e-01
1.273931645041156691e-01
1.278887728640647481e-01
1.284139038738824623e-01
1.289052947124217918e-01
1.294118686280363861e-01
1.299277210907527347e-01
1.304469475705968273e-01
1.309923226831817555e-01
1.315267322401010852e-01
1.320417411985352896e-01
1.325710897297630586e-01
1.331215258680398805e-01
1.336955801262113830e-01
1.342164936146194865e-01
1.347348765901814904e-01
1.352625381128453042e-01
1.357530854471027670e-01
1.362453197899240187e-01
1.367383976370271370e-01
1.372694331768188059e-01
1.377819116224070772e-01
1.382783634866383005e-01
1.388262691120691061e-01
1.393277820019920010e-01
1.397575970279480717e-01
1.402751364992280980e-01
1.407724318677412711e-01
1.413194939888902379e-01
1.417779881604329106e-01
1.422626309647163911e-01
1.428122235987112354e-01
1.433036144372504261e-01
1.437924747629441002e-01
1.443302583369912295e-01
1.448089966113012272e-01
1.453071354840960727e-01
1.458693806823203321e-01
1.463405274180924753e-01
1.468580668893726682e-01
1.473249961037351730e-01
1.478408485664513827e-01
1.483609185505775363e-01
1.488329087906316295e-01
1.493183950991973374e-01
1.497743587578941327e-01
1.502539405364858582e-01
1.507234002636942405e-01
1.512670883677152411e-01
1.518023414289166595e-01
1.522768621818166024e-01
1.527775315674575751e-01
1.532706094145608045e-01
1.537653742702279058e-01
1.542533910916394635e-01
1.547532169729984031e-01
1.552656954185868687e-01
1.557916699326866716e-01
1.563033048739931874e-01
1.568377144309125726e-01
1.573544103979108988e-01
1.578829154248566902e-01
1.584080464346744599e-01
1.589078723160333995e-01
1.594658999928478815e-01
1.599817524555641191e-01
1.605009789354081007e-01
1.610202054152523876e-01
1.615487104421981790e-01
1.620797459819899311e-01
1.626251210945746650e-01
1.631527826172386175e-01
1.636635740542629613e-01
1.641693044655955502e-01
1.647037140225150742e-01
1.652128184509756847e-01
1.657084268109248748e-01
1.662588629492015024e-01
1.667637498562522524e-01
1.672121219764114153e-01
1.677043563192325004e-01
1.681923731406440026e-01
1.686896685091572035e-01
1.692215475532308777e-01
1.696657021519801523e-01
1.701579364948014594e-01
1.706341442562653021e-01
1.711103520177291726e-01
1.716160824290619280e-01
1.721488049774173579e-01
1.726494743630582474e-01
1.731872579371055709e-01
1.737301025368446494e-01
1.742181193582561793e-01
1.746943271197199943e-01
1.751840309496953407e-01
1.756433686255200743e-01
1.761356029683414648e-01
1.766666385081331059e-01
1.771158541325740798e-01
1.776536377066214589e-01
1.781694901693376132e-01
1.787216133161781961e-01
1.792239697103831519e-01
1.797693448229682467e-01
1.802986933541957382e-01
1.807985192355546500e-01
1.813093106725790493e-01
1.818260066395772645e-01
1.823713817521619707e-01
1.829353139589502131e-01
1.835270818070431353e-01
1.840496823040150276e-01
1.846659117762849134e-01
1.852306874873551334e-01
1.857963067027071646e-01
1.863914485679278032e-01
1.869882774417125915e-01
1.875842628112153465e-01
1.881616910865149261e-01
1.887804510716306894e-01
1.894017415695923023e-01
1.899918224091212693e-01
1.905953993171617955e-01
1.912065677637400374e-01
1.918329192873936551e-01
1.924154085883848231e-01
1.930324815649366865e-01
1.936807641999210572e-01
1.942801235865516951e-01
1.949284062215363433e-01
1.955699408222651148e-01
1.962165364486855301e-01
1.968597580579782014e-01
1.975375633428312627e-01
1.981343922166160787e-01
1.987877358772924263e-01
1.994250529566115315e-01
2.000817706344154567e-01
2.007249922437081280e-01
2.013783359043843091e-01
2.020105919580116038e-01
2.026765881829173110e-01
2.033155922708002328e-01
2.039756839657321519e-01
2.046560197634311740e-01
2.053211724840548480e-01
2.059939167432162932e-01
2.066675045066596050e-01
2.073731454328177348e-01
2.080433591791334136e-01
2.087186339511405975e-01
2.093998132531216250e-01
2.100860535807945462e-01
2.107925380112345148e-01
2.114821523560352079e-01
2.121835757607834771e-01
2.128849991655315244e-01
2.135661784675125796e-01
2.142827849493360304e-01
2.149934869011859151e-01
2.156864752631144078e-01
2.163929596935542654e-01
2.170834175426368806e-01
2.177924324859228655e-01
2.184946993949529459e-01
2.192104623724945300e-01
2.199295993671639415e-01
2.206495798661150809e-01
2.213442552366076121e-01
2.220338695814083607e-01
2.227563805932056273e-01
2.234974486992061804e-01
2.242216467195670693e-01
2.249601843127218004e-01
2.256852258373651388e-01
2.264170153962637155e-01
2.271741100836218719e-01
2.279075866510846260e-01
2.286511852699305569e-01
2.293905663673671824e-01
2.301468175504431946e-01
2.308710155708044165e-01
2.316078661553952200e-01
2.323556822956513168e-01
2.331026549316250751e-01
2.338487840633178549e-01
2.346008177249837845e-01
2.353520078823675421e-01
2.360829539369843078e-01
2.368459531543160301e-01
2.375979868159819874e-01
2.383635165461594763e-01
2.391256722592089989e-01
2.398844539551305000e-01
2.406516706938721661e-01
2.414155134154853111e-01
2.421700775899973956e-01
2.429364508244565846e-01
2.436817364518670537e-01
2.444363006263790827e-01
2.451984563394283279e-01
2.459656730781694667e-01
2.467252982783733617e-01
2.474857669828591511e-01
2.482386441488072526e-01
2.489974258447286981e-01
2.497452419849847116e-01
2.505040236809070731e-01
2.512552138382909694e-01
2.520123085256485429e-01
2.527651856915961726e-01
2.535172193532624907e-01
2.542793750663123187e-01
2.550179126594667167e-01
2.557589807654671588e-01
2.565059534014413889e-01
2.572571435588257294e-01
2.580015856819538600e-01
2.587274707108790928e-01
2.594761303554170007e-01
2.602180419656996424e-01
2.609624840888282171e-01
2.617170482633399686e-01
2.624479943179568453e-01
2.631561657569606583e-01
2.638086659133552225e-01
2.644814101725166400e-01
2.651389713546025706e-01
2.657788189467676365e-01
2.663807088462437078e-01
2.669977818227959876e-01
2.676334118935511097e-01
2.682302407673355926e-01
2.688355046839398521e-01
2.694492036433639437e-01
2.700510935428402925e-01
2.706521804601061398e-01
