7.181510072050005800e-01
6.557313789675595084e-01
6.307061393655639669e-01
6.161404668059823342e-01
6.031237998212810592e-01
5.920806984382477323e-01
5.820221803208276423e-01
5.725610935366920451e-01
5.637238064412415373e-01
5.553246944133997109e-01
5.472712527303534857e-01
5.395813193999864366e-01
5.315888315632433248e-01
5.244396757404965470e-01
5.175151800791862877e-01
5.108094224633875635e-01
5.043906232110951793e-01
4.981530020974616613e-01
4.920837809149098963e-01
4.862974983584120170e-01
4.807036419665922655e-01
4.753014826385554836e-01
4.700567136851583339e-01
4.649739975051624397e-01
4.594797340173858435e-01
4.546611533050349263e-01
4.499526050429737412e-01
4.453670531638960206e-01
4.408667457103478959e-01
4.364575719823889921e-01
4.321619081872981050e-01
4.279627260363519925e-01
4.238518462185071889e-01
4.198269541150174144e-01
4.158767291954624801e-01
4.120055634445244364e-01
4.082112307909555038e-01
4.042640977180860240e-01
4.006029234011452278e-01
3.969195901044102470e-01
3.933634394150559710e-01
3.898661268628099141e-01
3.864263281448057641e-01
3.830379383096210733e-01
3.797102209331068012e-01
3.764378516366835292e-01
3.732192058152601910e-01
3.700556647859513659e-01
3.669410537141678530e-01
3.638605469473881193e-01
3.608435803456171431e-01
3.578832289758621110e-01
3.549732125155842799e-01
3.521042349816785877e-01
3.492713455807038847e-01
3.464907521994369799e-01
3.437492638818882562e-01
3.410540171280853627e-01
3.384015955312896784e-01
3.357878778818667032e-01
3.332078830251874457e-01
3.306671491836156718e-01
3.281657208240679746e-01
3.257012545260428160e-01
3.232754796418028653e-01
3.208928466137621616e-01
3.185445542976139688e-01
3.162167578387367062e-01
3.139292562188758517e-01
3.116734594253474655e-01
3.094472773903370610e-01
3.072514091763173805e-01
3.050841676002511438e-01
3.029414848081651290e-01
3.008327693177357820e-01
2.987497349032851024e-01
2.966950849257234957e-01
2.946676744297135331e-01
2.926625489551979431e-01
2.906812979035974798e-01
2.887239299603607812e-01
2.867688911067868274e-01
2.848571084460506664e-01
2.829718135975456406e-01
2.811067541180109486e-01
2.792645308030307638e-01
2.774442703266328802e-01
2.756467888489488871e-01
2.738677144388525497e-01
2.721103796399336194e-01
2.703663660156904180e-01
2.686523306703748615e-01
2.669584203951516077e-01
2.652839063516932439e-01
2.636267754619723847e-01
2.619926047390141455e-01
2.603744120862684919e-01
2.587746897863695272e-01
2.571927038871654192e-01
2.556268366241564727e-01
2.540773744049698579e-01
2.525428968299709975e-01
2.510245674784633008e-01
2.495211078641728364e-01
2.480234903526619683e-01
2.465520835923287468e-01
2.450970919814609850e-01
2.436584475823420914e-01
2.422377354042031805e-01
2.408326772582858877e-01
2.394446852707065310e-01
2.380704595952159996e-01
2.367127926968276841e-01
2.353696280935282381e-01
2.340392393656460790e-01
2.327213088461913548e-01
2.314176489770126410e-01
2.301261846082305884e-01
2.288485139254518574e-01
2.275861190368333176e-01
2.263359770698518680e-01
2.250970426430322913e-01
2.237573825642046599e-01
2.225387619636601255e-01
2.213322312248265644e-01
2.201389245847362452e-01
2.189567026227083046e-01
2.177860310309505665e-01
2.166278023647366935e-01
2.154802662677019753e-01
2.143394220239772663e-01
2.132110393648386504e-01
2.120940399567778079e-01
2.109882677409541940e-01
2.098924259902848477e-01
2.088061587066373515e-01
2.077287316602734191e-01
2.066618646107051260e-01
2.056060572326025015e-01
2.045617247046804255e-01
2.035258055403681987e-01
2.024962244244068177e-01
2.014797371339277499e-01
2.004723002317559677e-01
1.994731263598674975e-01
1.984826942330391031e-01
1.975002231451829238e-01
1.965256150943036351e-01
1.955583467012928234e-01
1.945999574289662415e-01
1.936501137646262083e-01
1.927074922127792744e-01
1.917729203210666866e-01
1.908453312903558574e-01
1.899267668499047823e-01
1.890151103293467305e-01
1.881100109608744575e-01
1.872125831068782165e-01
1.863047911101580190e-01
1.854215188568222317e-01
1.845458637881979835e-01
1.836769745905524331e-01
1.828125739163927455e-01
1.819587117589471226e-01
1.811124057687119038e-01
1.802703923765008043e-01
1.794383867436037394e-01
1.786143375742778872e-01
1.777974985648151096e-01
1.769876197319250333e-01
1.761838223125651859e-01
1.753877077391121642e-01
1.745998709873501364e-01
1.738199893808384799e-01
1.730468732490740291e-01
1.722231193603532273e-01
1.714651537329485997e-01
1.707138756920088540e-01
1.699693807376778110e-01
1.692319672676013687e-01
1.685014972664723720e-01
1.677773330147785957e-01
1.670602813675145792e-01
1.663004308786998064e-01
1.655940581644446685e-01
1.648930753690833473e-01
1.641983989932076504e-01
1.635108862146509578e-01
1.628287300467241572e-01
1.621529383391767665e-01
1.614763103606317030e-01
1.608101547628094374e-01
1.601496986855389937e-01
1.594987219322668570e-01
1.588537088882985560e-01
1.582153430423227369e-01
1.575831853809843142e-01
1.569578370192693806e-01
1.563378653342402669e-01
1.557239836826345147e-01
1.551145977284854038e-01
1.545066048735188324e-01
1.539071622201320377e-01
1.533130854791123210e-01
1.527245503826572814e-01
1.521415616905430757e-01
1.515640047510828925e-01
1.509936679002294724e-01
1.504294945424841379e-01
1.498718316351152768e-01
1.492778141719580121e-01
1.487302545204477744e-01
1.481880221332757264e-01
1.476490598786038000e-01
1.471162979351963718e-01
1.465881739334582434e-01
1.460641622596105249e-01
1.455447983484231822e-01
1.450302923105249442e-01
1.445205749095204162e-01
1.440154026991676273e-01
1.435156385537577073e-01
1.430200066329640751e-01
1.425283000351076357e-01
1.420417397997554010e-01
1.415586683625684183e-01
1.410806594535207459e-01
1.406074019985426027e-01
1.401387884066269407e-01
1.396748816764435408e-01
1.392145908352188932e-01
1.387583591434304875e-01
1.383061021223041531e-01
1.378581284503353488e-01
1.373807410941352003e-01
1.369397526771678752e-01
1.365024012743856208e-01
1.360700059958816210e-01
1.356418544776122614e-01
1.352179088720858180e-01
1.347971086047279055e-01
1.343810287491558342e-01
1.339691407161094083e-01
1.333896485964227163e-01
1.329833963683570153e-01
1.325810672195412432e-01
1.321824967640517490e-01
1.317884440863856255e-01
1.313989549426786418e-01
1.310140906622912493e-01
1.306327945624079223e-01
1.302543500510818242e-01
1.298796135042285804e-01
1.295081945305427973e-01
1.291397802595425637e-01
1.287746311698003687e-01
1.284133023689864594e-01
1.280558169159275173e-01
1.277023144999624715e-01
1.273513381705844716e-01
1.270044087782901954e-01
1.266606317605968035e-01
1.263200071449362416e-01
1.259824925592285261e-01
1.256481803789878948e-01
1.253172808880432254e-01
1.249898405169857230e-01
1.246658250621061614e-01
1.243457407167748996e-01
1.240288999339729664e-01
1.237149478721748241e-01
1.234039756920510406e-01
1.230830772526987638e-01
1.227775886084766510e-01
1.224741070394303327e-01
1.221737568745924762e-01
1.218760240653337795e-01
1.215821306859973250e-01
1.212911533101917183e-01
1.210028902407316725e-01
1.207174397701943486e-01
1.204345654602282656e-01
1.201552403073526260e-01
1.198788492643115267e-01
1.196043455168763481e-01
1.193329474721099709e-01
1.190641820359173292e-01
1.187981810272432937e-01
1.185348089853413278e-01
1.182740510300371445e-01
1.180161983456291530e-01
1.177609085435506880e-01
1.175081199129129617e-01
1.172574492706017907e-01
1.170092516447221453e-01
1.167621839157244462e-01
1.165177281022343470e-01
1.162754682138195245e-01
1.160355931147225295e-01
1.157980069807628548e-01
1.155289300291988813e-01
1.152953338331266231e-01
1.150638215429805877e-01
1.148346737898682107e-01
1.146074920527961061e-01
1.143825123530910898e-01
1.141594664479309018e-01
1.139387451047025601e-01
1.137203666864356061e-01
1.135041884575756221e-01
1.132900024020680185e-01
1.130765223738991049e-01
1.128658730167296231e-01
1.126575171368309203e-01
1.124510195122429002e-01
1.122462797610743607e-01
1.120436542712185263e-01
1.118432045011360232e-01
1.116449797278288303e-01
1.114489457743552542e-01
1.112547484129881303e-01
1.110628066721815327e-01
1.108588488701349045e-01
1.106699557394565520e-01
1.104830405147973066e-01
1.102990257651788458e-01
1.101176377854443528e-01
1.099378295978258174e-01
1.097608328840946473e-01
1.095859251022378855e-01
1.094135975174694714e-01
1.092434534784893635e-01
1.090743801385642836e-01
1.089078724714323682e-01
1.087430753694447888e-01
1.085803587641472751e-01
1.084199138198423118e-01
1.082592983330509795e-01
1.080991039694922107e-01
1.079438962765998516e-01
1.077905837728951322e-01
1.076390215602797268e-01
1.074893219863406746e-01
1.073413238860667918e-01
1.071872679324277905e-01
1.070417836022594799e-01
1.068973191893115848e-01
1.067550041829701812e-01
1.066145198866918220e-01
1.064758661599445044e-01
1.063387165910643917e-01
1.062032566100406805e-01
1.060695622128743215e-01
1.059377428885418942e-01
1.058069403189137586e-01
1.056782587741696561e-01
1.055512711056835473e-01
1.054259434936135192e-01
1.053019603755592781e-01
1.051792440146762236e-01
1.050580485220983101e-01
1.049385601352983005e-01
1.048209873309225437e-01
1.047039551221925491e-01
1.045896253971272671e-01
1.044732087956718458e-01
1.043613872264478604e-01
1.042511340634957318e-01
1.041424535851323413e-01
1.040354708805788231e-01
1.039304623592623988e-01
1.038268361115806115e-01
1.037246421805009949e-01
1.036236181033043796e-01
1.035250935725524485e-01
1.034284713610536810e-01
1.033337119864219389e-01
1.032125570529715541e-01
1.031207245584431914e-01
1.030305499271829545e-01
1.029423580325528470e-01
1.028560101871515975e-01
1.027716365297574319e-01
1.026887289405218340e-01
1.025983855915554438e-01
1.025187721683927522e-01
1.024408393065310702e-01
1.023649979523293119e-01
1.022911981407118032e-01
1.022189620749366507e-01
1.021484931042146993e-01
1.020796038915609549e-01
1.020129839559322099e-01
1.019485374389062227e-01
1.018858097273182411e-01
1.018249382943270664e-01
1.017659385774618008e-01
1.017067217224553038e-01
1.016391378479997304e-01
1.015841063870459721e-01
1.015309984271730026e-01
1.014792384834559968e-01
1.014291936111936521e-01
1.013785088552945218e-01
1.013309358208100142e-01
1.012843444767474593e-01
1.012391603464356110e-01
1.011959022719653989e-01
1.011536927681895293e-01
1.011126323972083019e-01
1.010733126401234527e-01
1.010353695004372193e-01
1.009982219436710432e-01
1.009628520337512297e-01
1.009283798999634774e-01
1.008949454809722895e-01
1.008626264577429377e-01
1.008230422674155358e-01
1.007922596389902448e-01
1.007623238150347489e-01
1.007334826341316075e-01
1.006968115853377754e-01
1.006689022661063637e-01
1.006419114099533774e-01
1.006155534485760616e-01
1.005902899020437724e-01
1.005656350750574746e-01
1.005406369306370284e-01
1.005169215597488397e-01
1.004940390711001330e-01
1.004716724638302777e-01
1.004499037715770454e-01
1.004286566466692093e-01
1.004044508154865178e-01
1.003842143715330953e-01
1.003643897012245351e-01
1.003450987372528358e-01
1.003262330350435660e-01
1.003077669400210814e-01
1.002876621106282284e-01
1.002697982223700046e-01
1.002513089746613073e-01
1.002337780516136673e-01
1.002166216645190289e-01
1.001997881361906817e-01
1.001831398982011428e-01
1.001668282574144919e-01
1.001504430803205059e-01
1.001346371677061947e-01
1.001190630391989161e-01
1.001038062275676765e-01
1.000887566165565984e-01
1.000720781888680827e-01
1.000572684950083863e-01
1.000425772863343665e-01
1.000281108069781266e-01
1.000138560208626154e-01
9.999982958599940019e-02
9.998603889608145834e-02
9.997248002689923529e-02
9.995895209760632949e-02
9.994570062469680660e-02
9.993266740449406604e-02
9.991973825876035442e-02
9.990654182397720739e-02
9.989421230157596865e-02
9.988216666836090274e-02
9.987042209840132911e-02
9.985854855141641784e-02
9.984728589800434539e-02
9.983623044977289751e-02
9.982550222058649003e-02
9.981449667344617638e-02
9.980416119792762109e-02
9.979408214203949745e-02
9.978426056099502783e-02
9.977467180870229491e-02
9.976389836908675091e-02
9.975466378040437343e-02
9.974579890712634289e-02
9.973745267712753881e-02
9.972874237255052732e-02
9.971695551262411972e-02
9.970887809150522085e-02
9.970146063137015624e-02
9.969163314016286914e-02
9.968580173784045984e-02
9.968177741444485263e-02
9.968498370044200085e-02
9.968993790409624856e-02
9.972841925311227984e-02
9.982995228436777890e-02
1.000362009386364104e-01
1.003321014665511379e-01
1.005350865692630768e-01
1.009257283380491921e-01
1.017074859797943293e-01
1.027316789342449244e-01
1.041666138885690013e-01
1.062391565535684701e-01
1.090036482886333064e-01
