1.065697960405673328e+00
1.066164834381116755e+00
1.067096419855924072e+00
1.068489269889364879e+00
1.070340108042863170e+00
1.072647361445381087e+00
1.075412246817402107e+00
1.078639039313157300e+00
1.082334437697376028e+00
1.086506254258380322e+00
1.091161895170532192e+00
1.096307174219812053e+00
1.101945892154140960e+00
1.108080351994330526e+00
1.114712655941344055e+00
1.121846352651370449e+00
1.129487870073305977e+00
1.137647226453829541e+00
1.146337743418886390e+00
1.155574813120753275e+00
1.165374084878140204e+00
1.175749628024700622e+00
1.186712630534117574e+00
1.198271005496819086e+00
1.210429963119463048e+00
1.223193272102367724e+00
1.236564696356235782e+00
1.250549034936160542e+00
1.265152337761476620e+00
1.280381169685313791e+00
1.296241147471473010e+00
1.312735253764649723e+00
1.329862536750837654e+00
1.347617689877873337e+00
1.365991703820763403e+00
1.384973390077368860e+00
1.404551224066616921e+00
1.424714768119026198e+00
1.445454982854273096e+00
1.466763013145180983e+00
1.488627457702347501e+00
1.511030562713479908e+00
1.533944077213651669e+00
1.557325571873499293e+00
1.581115833976091123e+00
1.605237577742582467e+00
1.629595285089492140e+00
1.654075672341636549e+00
1.678548185289685524e+00
1.702865102240709749e+00
1.726861218079630333e+00
1.750353552217980058e+00
1.773141888910062081e+00
1.795011059978044665e+00
1.815735637570357941e+00
1.835087152839556035e+00
1.852843242206379193e+00
1.868797464902946848e+00
1.882768157391815800e+00
1.894604746581850518e+00
1.904190462259466532e+00
1.911441250223101296e+00
1.916301651930757632e+00
1.918739195896345562e+00
