1.315541923690725802e-05
5.919284158138771743e-04
1.167428920043357991e-03
1.782199332442710666e-03
2.377334790757125189e-03
2.978197110679644839e-03
3.577423184428420600e-03
4.210192304738968189e-03
4.871595733090045531e-03
5.534635407614868496e-03
6.183766989662861473e-03
6.862351002838257448e-03
7.553206862316745596e-03
8.224427767710295809e-03
8.886649319148254636e-03
9.566051455410529494e-03
1.025527106871526942e-02
1.093385508189066886e-02
1.162389281828228246e-02
1.230084058528394149e-02
1.298596958315432343e-02
1.367846168880656153e-02
1.437422628680627527e-02
1.506426402319786806e-02
1.576493735971879959e-02
1.647788254254282589e-02
1.718591898684561706e-02
1.790213666201712420e-02
1.862326307570986300e-02
1.933784450470762625e-02
2.004915344135790867e-02
2.079073293222246516e-02
2.152822180765266713e-02
2.225262071369290412e-02
2.297620149664626049e-02
2.368260169477529389e-02
2.441927244711861525e-02
2.512567264524765559e-02
2.586234339759098042e-02
2.656792547263314361e-02
2.728823376323901220e-02
2.800036082297615095e-02
2.872557785210323733e-02
2.943525054257976545e-02
3.015065009466438503e-02
3.085214155427218330e-02
3.155690550622745894e-02
3.221503644223103896e-02
3.287480362440833165e-02
3.351657209867445197e-02
3.415015934207184939e-02
3.477801972386112411e-02
3.541651570577977054e-02
3.606728353400145970e-02
3.669596203887760810e-02
3.734754799018619176e-02
3.800976954162411242e-02
3.867199109306205390e-02
3.929985147485133556e-02
3.993343871824871216e-02
4.056620783855922896e-02
4.120388569739098089e-02
4.182520109448530088e-02
4.245060710701391987e-02
4.309073933510627202e-02
4.372350845541679576e-02
4.435709569881418624e-02
4.497595672664788519e-02
4.560627147769778789e-02
4.623985872109517836e-02
4.686526473362388062e-02
4.748739825380506735e-02
4.814225669746113878e-02
4.879547889494346979e-02
4.943397487686208847e-02
5.008965144360506133e-02
5.073305616404491514e-02
5.137073402287668095e-02
5.204849991296514600e-02
5.265427097140890078e-02
5.331485627667307409e-02
5.396316973563418384e-02
5.460657445607407928e-02
5.524425231490580346e-02
5.589420202004064669e-02
5.654006110974117011e-02
5.719737392265795278e-02
5.784323301235853171e-02
5.850136394836216724e-02
5.915376802275768009e-02
5.979880898937140615e-02
6.046839364859127319e-02
6.113470581546363164e-02
6.181901669024717633e-02
6.249678258033578709e-02
6.315245914707880159e-02
6.382286192938550762e-02
6.449081034243164812e-02
6.515139564769591163e-02
6.579807286048332260e-02
6.647093001205066354e-02
6.712906094805429214e-02
6.778555563788417337e-02
6.844695906623532444e-02
6.913126994101886913e-02
6.979921835406496800e-02
7.047371175180602854e-02
7.113184268780968489e-02
7.180388171629013827e-02
7.248737446798686479e-02
7.315777725029355694e-02
7.382654378642652948e-02
7.450676404577577516e-02
7.515671375091063922e-02
7.582875277939113423e-02
7.650815491565343684e-02
7.717937582104703043e-02
7.787350417287304538e-02
7.854717944752727388e-02
7.919794727574903936e-02
7.987816753509824341e-02
8.051339102466947839e-02
8.120179251488733596e-02
8.188119465114968021e-02
8.255896054123826322e-02
8.321545523106813058e-02
8.389403924424355952e-02
8.456935076507153537e-02
8.522748170107516397e-02
8.591424694511932969e-02
8.657237788112294441e-02
8.723378130947408160e-02
8.790582033795456274e-02
8.857949561260880511e-02
8.926871522591361963e-02
8.995220797761029063e-02
9.062015639065643113e-02
9.131183037322186669e-02
9.197896066318109187e-02
9.264854532240095197e-02
9.333612868953203301e-02
9.396726156366884408e-02
9.467611613105855750e-02
9.533997392867031573e-02
9.601773981875892650e-02
9.667832512402317613e-02
9.733727418311369228e-02
9.804122001198223302e-02
9.871407716354960171e-02
9.941147800772318077e-02
1.000818807900299146e-01
1.007629191724660339e-01
1.014316857085990203e-01
1.021290865527725578e-01
1.028183061660773445e-01
1.034944358099922357e-01
1.041705654539070852e-01
1.048295145129976014e-01
1.055252791109973776e-01
1.061768650623060722e-01
1.068701752910452274e-01
1.075806661046086882e-01
1.082518870100023373e-01
1.089198354230484223e-01
1.096156000210482123e-01
1.102819121879205638e-01
1.109580418318354689e-01
1.116178090140128171e-01
1.122996655195357824e-01
1.129733407941900941e-01
1.136478341919311824e-01
1.143141463588036588e-01
1.149853672641973357e-01
1.156484069387223590e-01
1.163220822133765181e-01
1.169736681646853516e-01
1.176661602703376747e-01
1.183291999448625315e-01
1.189971483579086720e-01
1.196397349552618256e-01
1.203453170303041136e-01
1.210222647973058230e-01
1.216689420100933589e-01
1.223761603313094498e-01
1.230179288055756326e-01
1.236768778646661626e-01
1.243431900315386113e-01
1.250250465370615627e-01
1.256700875036752818e-01
1.263233097011577932e-01
1.269912581142038088e-01
1.276641152657711775e-01
1.283353361711650209e-01
1.289951033533423552e-01
1.296548705355199393e-01
1.303064564868285646e-01
1.309727686537009161e-01
1.316472620514420599e-01
1.323013023720113202e-01
1.329447070924514585e-01
1.336028380284551009e-01
1.342936938879336906e-01
1.349485523315898661e-01
1.355968657905511077e-01
1.362689048190316166e-01
1.369466707091204216e-01
1.376170734914270444e-01
1.382580238426064090e-01
1.389177910247838821e-01
1.395685588530057863e-01
1.402250535428356815e-01
1.408970925713162459e-01
1.415388610455824703e-01
1.422288987819742556e-01
1.428723035024142274e-01
1.435222532075492441e-01
1.442008372207247979e-01
1.448344244641223688e-01
1.455064634926026834e-01
1.461588675669983628e-01
1.468333609647395066e-01
1.474914919007431491e-01
1.481839840063954861e-01
1.488437511885728481e-01
1.495591507406576204e-01
1.502131910612269916e-01
1.508868663358813034e-01
1.515449972718847793e-01
1.522047644540622247e-01
1.528825303441508354e-01
1.535455700186757200e-01
1.542699689247160610e-01
1.549428260762834020e-01
1.555837764274627388e-01
1.562443617327269885e-01
1.569106738995993400e-01
1.575696229586899533e-01
1.582252995254329608e-01
1.588777035998285569e-01
1.595456520128746003e-01
1.602111460566602030e-01
1.608970931776175228e-01
1.615478610058392606e-01
1.622109006803642006e-01
1.628493966622828748e-01
1.634870745211146337e-01
1.641394785955103963e-01
1.647976095315139000e-01
1.654680123138207171e-01
1.661294157421717987e-01
1.668112722476947918e-01
1.674415869987447569e-01
1.681013541809220913e-01
1.687594851169257337e-01
1.694143435605819925e-01
1.700659295118907011e-01
1.707183335862862417e-01
1.713633745529000441e-01
1.720223236119906018e-01
1.726984532559054097e-01
1.733336767454765337e-01
1.739967164200013627e-01
1.746450298789625488e-01
1.752851621070551924e-01
1.759334755660161564e-01
1.765850615173247540e-01
1.772497374380234136e-01
1.779275033281121077e-01
1.786208135568512489e-01
1.793018519392873822e-01
1.799567103829433912e-01
1.806410212577268526e-01
1.812852441012537674e-01
1.819491018988655118e-01
1.826301402813014785e-01
1.832637275246989383e-01
1.839603102457856576e-01
1.846634379515672275e-01
1.853264776260922786e-01
1.859715185927059422e-01
1.866623744521845318e-01
1.873262322497962762e-01
1.879770000780181527e-01
1.887046714764058775e-01
1.893865279819287872e-01
1.900626576258436229e-01
1.907273335465421993e-01
1.913887369748933920e-01
1.920493222801575861e-01
1.927139982008563845e-01
1.933991271987266503e-01
1.940662574886858893e-01
1.947726576868151482e-01
1.954757853925967737e-01
1.962075474064188529e-01
1.969000395120711344e-01
1.975720785405517543e-01
1.982449356921190120e-01
1.989906057984178189e-01
1.996929153811127233e-01
2.003813168713305670e-01
2.011376225777589677e-01
2.018317509295850798e-01
2.025896928821870890e-01
2.032911843417948838e-01
2.040483081713101443e-01
2.047817064313059710e-01
2.055085597066069747e-01
2.062460485820372669e-01
2.069958093037706226e-01
2.077431156562433157e-01
2.084732414238917309e-01
2.091665516526309831e-01
2.099179486205379475e-01
2.106382569111438507e-01
2.114125613254834168e-01
2.121664126626511826e-01
2.129169915074714259e-01
2.136806603216814815e-01
2.144263304279805937e-01
2.152022710884939349e-01
2.159585767949221413e-01
2.167467893017384906e-01
2.174957319003850420e-01
2.182692181916377205e-01
2.190099795594154797e-01
2.197638308965832732e-01
2.205283178338804384e-01
2.213108034790885748e-01
2.221374677709879730e-01
2.229371340010204150e-01
2.237081659230125974e-01
2.244931059374813409e-01
2.253140433677723320e-01
2.260965290129805516e-01
2.268953771199258285e-01
2.277024064577395090e-01
2.284808014875130411e-01
2.292845583329795600e-01
2.301022232709230009e-01
2.309198882088663307e-01
2.317097369618560387e-01
2.325200387920177136e-01
2.333622474225670873e-01
2.341725492527285402e-01
2.349967591753671647e-01
2.358266959596133638e-01
2.366345434205140430e-01
2.374726614356291177e-01
2.382526927115764526e-01
2.390924469728657464e-01
2.399256562494595235e-01
2.407523205413582001e-01
2.416174366183402866e-01
2.424743714644535530e-01
2.433313063105667085e-01
2.441686062025948956e-01
2.449928161252332148e-01
2.458710221716049749e-01
2.467034133251123362e-01
2.475914368485266359e-01
2.484598254178555510e-01
2.493241233717509719e-01
2.501655138792135413e-01
2.510224487253268078e-01
2.518810198176136828e-01
2.527412271560742774e-01
2.536128882177512978e-01
2.545262735568589174e-01
2.554151152033600214e-01
2.562982299882530235e-01
2.571388023726288163e-01
2.580235534036957601e-01
2.589393931120637093e-01
2.598364159894335779e-01
2.607268938821086235e-01
2.616468242059107885e-01
2.625749357605819401e-01
2.634866848535156736e-01
2.643951614541015238e-01
2.652561869156492280e-01
2.661826622241466045e-01
2.670870482092982390e-01
2.679889798251892108e-01
2.688909114410807377e-01
2.698337492113155323e-01
2.707733144892024990e-01
2.716834273359625129e-01
2.726205382445892056e-01
2.735396504453048161e-01
2.744644895076283064e-01
2.754081454009502106e-01
2.763689818790961428e-01
2.773167283878522626e-01
2.782849279737802384e-01
2.792588544213163715e-01
2.801967834530295631e-01
2.811478024541329002e-01
2.821200926554951471e-01
2.830465679639927457e-01
2.840204944115287122e-01
2.849919664898039051e-01
2.859732560451218597e-01
2.869512731080919865e-01
2.879562882329289586e-01
2.889449408960286236e-01
2.899507741439528163e-01
2.909345180685315446e-01
2.919231707316313762e-01
2.929052784100360518e-01
2.939037485501779234e-01
2.949251261367524246e-01
2.959276868923288450e-01
2.969539732174246716e-01
2.979328084034819080e-01
2.989427322668405940e-01
2.999976528999768743e-01
3.010190304865515976e-01
3.020821323505564759e-01
3.031133274141730727e-01
3.040749820154060590e-01
3.051004502174147759e-01
3.061594614659854385e-01
3.072577426227260378e-01
3.083486606716846490e-01
3.093970363201257734e-01
3.104601381841310404e-01
3.115363300175256756e-01
3.126771535747835395e-01
3.138097959011726390e-01
3.149138039195211181e-01
3.160071763377405585e-01
3.171062756175678232e-01
3.181947392972654387e-01
3.193314722390889204e-01
3.204240265342211957e-01
3.214985821214421113e-01
3.225535027545783917e-01
3.236386939419287900e-01
3.247320663601479529e-01
3.258344381323228789e-01
3.269343555352375863e-01
3.280277279534569157e-01
3.291186460024156379e-01
3.302300171285462160e-01
3.313356613930686367e-01
3.323644020874250704e-01
3.334512295209493549e-01
3.345028776617380295e-01
3.356093400493473933e-01
3.366814412673082568e-01
3.377829949163963508e-01
3.389058197657431881e-01
3.400196452611340958e-01
3.411391976181332164e-01
3.421973907436168250e-01
3.432449482689713949e-01
3.443301394563220152e-01
3.453580620275914503e-01
3.464358901071604158e-01
3.475333531408139609e-01
3.486512692516394729e-01
3.497495504083795725e-01
3.508412865804251823e-01
3.519624751835983556e-01
3.530419395093410406e-01
3.541263125736045514e-01
3.552254118534321492e-01
3.562950587021317395e-01
3.573745230278740359e-01
3.584858941540046140e-01
3.596111733726119475e-01
3.606963645599627344e-01
3.616956528231914936e-01
3.627333928715034128e-01
3.638169478126800915e-01
3.648497791224709075e-01
3.659071541248680171e-01
3.669800734659157682e-01
3.680546290531366838e-01
3.691250940249233836e-01
3.701914683812758677e-01
3.712005741215472776e-01
3.722309510620772643e-01
3.732523286486523761e-01
3.742467081733599765e-01
3.751895459435951041e-01
3.761921066991710805e-01
3.771840318546180182e-01
3.781800476254998378e-01
3.791817902579896482e-01
3.801270823974851054e-01
3.810691020446330124e-01
3.819833055068272420e-01
3.829490507234942775e-01
3.838689810472967756e-01
3.848085463251839089e-01
3.857252041566390233e-01
3.866058645722714737e-01
3.875307036345952416e-01
3.883695743229499953e-01
