1.638960035396119091e-02
1.386461694164472548e-02
1.235862560105649086e-02
1.126882506026549886e-02
1.036169877147647377e-02
9.590070024103246327e-03
8.927844083746560785e-03
8.352504631985975883e-03
7.834097570493060714e-03
7.357497628129182517e-03
6.922701885233856559e-03
6.523465430230852673e-03
6.153188089021372278e-03
5.809887685241481303e-03
5.492246626614955343e-03
5.198923600467181445e-03
4.927342955815938036e-03
4.673879349704887151e-03
4.437689896055415500e-03
4.216631558729655622e-03
4.009913228083087505e-03
3.815574675921463727e-03
3.633223260740705597e-03
3.462877528230710530e-03
3.302911211126681196e-03
3.152849823155387272e-03
3.011472003221790737e-03
2.878189694788097896e-03
2.752540374740872816e-03
2.634203922823925674e-03
2.522422770702882015e-03
2.417063694543821872e-03
2.317485627783416168e-03
2.223677459486309536e-03
2.135033771827528262e-03
2.051173244787977967e-03
1.971987909844641167e-03
1.897418916335937575e-03
1.826954007638453880e-03
1.760355715621526136e-03
1.697618670746199815e-03
1.638328501555017880e-03
1.582475995535145277e-03
1.529783110616534216e-03
1.480239965499757782e-03
1.433676988368564123e-03
1.389715401376049502e-03
1.348027226697602002e-03
1.308431667529857002e-03
1.270707361409280801e-03
1.234941285062611570e-03
1.200968653110614376e-03
1.168650235993126760e-03
1.138013475669613292e-03
1.109028109927974242e-03
1.081619514986147069e-03
1.056140699935852667e-03
1.032164837016271309e-03
1.009722515033080643e-03
9.887085948006200335e-04
9.689418965823136734e-04
9.502849487519873708e-04
9.327763857700010824e-04
9.162473636046793764e-04
9.006317121016669570e-04
8.858557106088759498e-04
8.718501791128290294e-04
8.584789664191094273e-04
8.456994502251727851e-04
8.335229153605673525e-04
8.218938247330929894e-04
8.107405806303192219e-04
7.999611667199457580e-04
7.895918383712669094e-04
7.796330545418490724e-04
7.699471096420169207e-04
7.606353591786816542e-04
7.516307471820596981e-04
7.427994973171022546e-04
7.343487250654772867e-04
7.260863451298064887e-04
7.179615610866856099e-04
7.102276496555992970e-04
7.026880398984043825e-04
6.952932446752316123e-04
6.880826715305882061e-04
6.810145478570945113e-04
6.740983651358961647e-04
6.672970741722132572e-04
6.607547210114999041e-04
6.544256572921728753e-04
6.481184163756940593e-04
6.420303025875482563e-04
6.359481314430364719e-04
6.299403849563032197e-04
6.241168469757698732e-04
6.184336378932547579e-04
6.128353374104273396e-04
6.074261046992282314e-04
6.020750489272300903e-04
5.967495214243350669e-04
5.915714011285139141e-04
5.865060840386612144e-04
5.815390611149859595e-04
5.766255128650976019e-04
5.717072446965858765e-04
5.669299064367171138e-04
5.622650837974421277e-04
5.576418683747485150e-04
5.530938849721101858e-04
5.486176944077605097e-04
5.442036030224517906e-04
5.398298156868345079e-04
5.355448413708306394e-04
5.313264938638794128e-04
5.271374353582203992e-04
5.230309245145497261e-04
5.188507617041762492e-04
5.147642715944135373e-04
5.107588312851203205e-04
5.067882587149567797e-04
5.028900028409145472e-04
4.989998363075637527e-04
4.951697741573568741e-04
4.913762402386595519e-04
4.876256410115378435e-04
4.839538330911048562e-04
4.803101601532891907e-04
4.766963745805356746e-04
4.731164952604036936e-04
4.695679570658308280e-04
4.660139762132312221e-04
4.625357842986639123e-04
4.591070014926868273e-04
4.556641001008457912e-04
4.522370529559179985e-04
4.488845619724399715e-04
4.455029682884843506e-04
4.421717850675820614e-04
4.389004261986723175e-04
4.356369782591014797e-04
4.324404008183312977e-04
4.292707342634792165e-04
4.260990677338625599e-04
4.229721105700030522e-04
4.198905733444622049e-04
4.168301455690915898e-04
4.137546357706640976e-04
4.107451679984037746e-04
4.077370546649087516e-04
4.047733684273041631e-04
4.017930075376666783e-04
3.988835679243583616e-04
3.959649161726566256e-04
3.930775845612688880e-04
3.902285002335548875e-04
3.873903453256088091e-04
3.845902312629510388e-04
3.818050144424452673e-04
3.790419313618621907e-04
3.762979977163611266e-04
3.735532798406515122e-04
3.708471812407877809e-04
3.681741351030089421e-04
3.655026605736825846e-04
3.628663110200528027e-04
3.602444478747589968e-04
3.576682268153873320e-04
3.551116622105881995e-04
3.525679181109441776e-04
3.500320900933602476e-04
3.475317582303392365e-04
3.450624919890075688e-04
3.426064491925327445e-04
3.401752865287422625e-04
3.377591156905231638e-04
3.353484991960567398e-04
3.329705393646161535e-04
3.305985536126582473e-04
3.282542696048051608e-04
3.258229090532630294e-04
3.234971943060784526e-04
3.212096935393349371e-04
3.189177614924786617e-04
3.166591386279993844e-04
3.144017451235523375e-04
3.121774716941789042e-04
3.099569828840287354e-04
3.077541200348564931e-04
3.055785966270529726e-04
3.034257279905001469e-04
3.012649542467669798e-04
2.991362445892938363e-04
2.970274732524965993e-04
2.949055573154570043e-04
2.928219647953544686e-04
2.907645445476227564e-04
2.887059503692164237e-04
2.866695598053825263e-04
2.846415942053052137e-04
2.826277962650392320e-04
2.805986098356254245e-04
2.786201389646052705e-04
2.766534301802446387e-04
2.747092316535372698e-04
2.727187944173497473e-04
2.707833967026762145e-04
2.688755852929743139e-04
2.669707066036206130e-04
2.650851474094023121e-04
2.632136981411128344e-04
2.613556862066025071e-04
2.595203566867383140e-04
2.576881174770380293e-04
2.558720460619028601e-04
2.540760948746917055e-04
2.522745309611848811e-04
2.504967667966395933e-04
2.487235344061822402e-04
2.469805386851694931e-04
2.452468421717998704e-04
2.434657187226992763e-04
2.417259523683630259e-04
2.400301124668185906e-04
2.382853553885752574e-04
2.366036438180364244e-04
2.349249096781716190e-04
2.332688244003504113e-04
2.316344807982392601e-04
2.300158114348241443e-04
2.284017015951415321e-04
2.266147109516545991e-04
2.250146908612321789e-04
2.234042729664915776e-04
2.218389387191527565e-04
2.202846595633784757e-04
2.187377348406315035e-04
2.172115083093354370e-04
2.156960285864980263e-04
2.142006310918949993e-04
2.127133223970052321e-04
2.112338795247313810e-04
2.097745311803428760e-04
2.083281985846834213e-04
2.068747266013547519e-04
2.054480912787372293e-04
2.040320243943056545e-04
2.026288686142378812e-04
2.012368313418430317e-04
1.998546058148011441e-04
1.984740793480522418e-04
1.971159125006717160e-04
1.957705690480454782e-04
1.944409879439138670e-04
1.931003196578843140e-04
1.917860376221194191e-04
1.904822500765939374e-04
1.891921432447552778e-04
1.879127331838800763e-04
1.866159193120580392e-04
1.853563796631824221e-04
1.841034256338016100e-04
1.828599384845238231e-04
1.816335820109731079e-04
1.804253994402102998e-04
1.792146232975215287e-04
1.780237098685712594e-04
1.767244659698395746e-04
1.755463324408707330e-04
1.743857162407575314e-04
1.732388796153270117e-04
1.720914648335627301e-04
1.709610372963410560e-04
1.698403989647104305e-04
1.687356587205421322e-04
1.676396507393686122e-04
1.664958474492495119e-04
1.653577989393452462e-04
1.642831573169529883e-04
1.632275332542882209e-04
1.621591505500645384e-04
1.611227220705584357e-04
1.600968267469047213e-04
1.590555097728952975e-04
1.580424092055729120e-04
1.570483939427949074e-04
1.560641293172259020e-04
1.550917710189876652e-04
1.541302569920967552e-04
1.531872053935132822e-04
1.522573199408459952e-04
1.513334558222314370e-04
1.504251963929579780e-04
1.494932029922022574e-04
1.486080970798033679e-04
1.476956761234408326e-04
1.467509867721053952e-04
1.458876037560557918e-04
1.450270515901159606e-04
1.441866410491230777e-04
1.433659110983867113e-04
1.425473706651728470e-04
1.417447893906010530e-04
1.409575404305968521e-04
1.401626520578012989e-04
1.393412529579796425e-04
1.385871247146157434e-04
1.378156071956286642e-04
1.370724076043266658e-04
1.363482906584508427e-04
1.356198293391040820e-04
1.349165064851005034e-04
1.342154253137444570e-04
1.334857803475546678e-04
1.327639561046458836e-04
1.321024694259381065e-04
1.312809936183440191e-04
1.306153860806275600e-04
1.299846029467265443e-04
1.293634257678532261e-04
1.287547968967524107e-04
1.281409535158715962e-04
1.275592122896779593e-04
1.269478489916512894e-04
1.263839365960467442e-04
1.257923395332270051e-04
1.252362176874383115e-04
1.247042012757575938e-04
1.241538343226267758e-04
1.236374431496026075e-04
1.231406894269221439e-04
1.226310170124313116e-04
1.221548048414511584e-04
1.216338466832644666e-04
1.211708717891740066e-04
1.206899908067033073e-04
1.202483522326137135e-04
1.198220667856576848e-04
1.193723094512505348e-04
1.189480209620338396e-04
1.185388291421971029e-04
1.181492552895669484e-04
1.177395888428405142e-04
1.173627075576328511e-04
1.169885345220026811e-04
1.166215763373006586e-04
1.162682792121363273e-04
1.158344994412524500e-04
1.154956058393444084e-04
1.150261578059315635e-04
1.146944216966475143e-04
1.143525184123487262e-04
1.140286389076809926e-04
1.137174676841181943e-04
1.134145398445898296e-04
1.131185952661313326e-04
1.128309349816625294e-04
1.125154961524175203e-04
1.122180916398458873e-04
1.119417129845678744e-04
1.116821254583571149e-04
1.114173600624809369e-04
1.111676139701604939e-04
1.109308127988328335e-04
1.106920146617774650e-04
1.104621462787797254e-04
1.102401016560873717e-04
1.100307011810746440e-04
1.098291570457231005e-04
1.096291784340950177e-04
1.093708559329229863e-04
1.090339153401034887e-04
1.087912402482030141e-04
1.085950164665305177e-04
1.084156818360368341e-04
1.082164874231365700e-04
1.080505840257740959e-04
1.078832033704548051e-04
1.077309243205712278e-04
1.075840590261939179e-04
1.074037479656680954e-04
1.072633363163075324e-04
1.071335897973292676e-04
1.070085954984391097e-04
1.068797054219326639e-04
1.067544274263052478e-04
1.066419568964802500e-04
1.065075180342840233e-04
1.063991997658261503e-04
1.062982324128919554e-04
1.062027264418577963e-04
1.061159395575992666e-04
1.060313454141508562e-04
1.059504059408831626e-04
1.058739747029258549e-04
1.058061242398445777e-04
1.057402662370422058e-04
1.056566490763417528e-04
1.055990524825748349e-04
1.054605716826572374e-04
1.054040647621354288e-04
1.053547143547589615e-04
1.052798394965656533e-04
1.052033697680346210e-04
1.051658551501860692e-04
1.051194843721050550e-04
1.050807750321407365e-04
1.050480803720048155e-04
1.050157700305161945e-04
1.049590321014061238e-04
1.049288224536607135e-04
1.048953854030161597e-04
1.048498967130517384e-04
1.048262775447461397e-04
1.047818680009004159e-04
1.047575581442313403e-04
1.047399611946539820e-04
1.047233010700738398e-04
1.047093421393554110e-04
1.046886063022685342e-04
1.046205208820464233e-04
1.046026074813214167e-04
1.045904994789717459e-04
1.045815147748223312e-04
1.045741223383388056e-04
1.045627506301222744e-04
1.045527680821281980e-04
1.045451446881219396e-04
1.045435541920216921e-04
1.045426384587963325e-04
1.045389387640774273e-04
1.045360618974351923e-04
1.045292202829244306e-04
1.045245826628960444e-04
1.045227988870817045e-04
1.045219002146143840e-04
1.045183119499253142e-04
1.044858218035818096e-04
1.044781961504746452e-04
1.044754596077419390e-04
1.044751978225174054e-04
1.044741249261937145e-04
1.044735378813553149e-04
1.044726306062970512e-04
1.044702548537910326e-04
1.044697067113533429e-04
1.044657387616813426e-04
1.044628107166009249e-04
1.044567760568695144e-04
1.044544029374338390e-04
1.044528546323712017e-04
1.044524599791515381e-04
1.044508698430314704e-04
1.044490674140049092e-04
1.044473367259014324e-04
1.044416426775159398e-04
1.044413182826457888e-04
1.044379424953518402e-04
1.044368985005648444e-04
1.044335458592520399e-04
1.044325631464037418e-04
1.044312950046406466e-04
1.044178250434200304e-04
1.044152021380296853e-04
1.044122557092822559e-04
1.044099130942698273e-04
1.044051487822477125e-04
1.043962496516818631e-04
1.043941603648106678e-04
1.043897909563388295e-04
1.043838659187846672e-04
1.043813580880941319e-04
1.043735409649599189e-04
1.043723216869410242e-04
1.043661391510771592e-04
1.043601025477878988e-04
1.043596591954449964e-04
1.043546523177306721e-04
1.043474094986255018e-04
1.043400750897356520e-04
1.043357294841855241e-04
1.043212278150407505e-04
1.043148934468510392e-04
1.043050725785987825e-04
1.042893122875759295e-04
1.042751243173490857e-04
1.042319057248668093e-04
1.042172525839496819e-04
1.041979746976053745e-04
1.041706193585964876e-04
1.041529518539400839e-04
1.041295842312671568e-04
1.039501836147107628e-04
1.039240852547501214e-04
1.038926268391035057e-04
1.038937394837227939e-04
1.038669797923807579e-04
1.039836769689723723e-04
1.043052799720347711e-04
1.046879800054412141e-04
1.060703356585989305e-04
