2.251033909295831192e-01
2.251925693741395340e-01
2.253713543944306508e-01
2.256405804417283556e-01
2.260014457914572561e-01
2.264554515723184724e-01
2.270043255285354444e-01
2.276499345924067608e-01
2.283941910417154331e-01
2.292389575010035929e-01
2.301859562811068016e-01
2.312366885093770086e-01
2.323923681667090790e-01
2.336538755145226576e-01
2.350217334797778113e-01
2.364961094009547793e-01
2.380768431719934852e-01
2.397635013177897012e-01
2.415554549680205831e-01
2.434519781459151544e-01
2.454523613358824963e-01
2.475560340159961292e-01
2.497626888087853270e-01
2.520723991765851379e-01
2.544857222160608057e-01
2.570037781265755994e-01
2.596282983641982067e-01
2.623616353568778425e-01
2.652067279419831336e-01
2.681670183711680200e-01
2.712463187652313645e-01
2.744486272239664015e-01
2.777778963091066533e-01
2.812377592015897765e-01
2.848312213462190212e-01
2.885603276811999907e-01
2.924258174486901174e-01
2.964267799498510048e-01
3.005603253265315411e-01
3.048212844482029449e-01
3.092019512387899072e-01
3.136918793347125978e-01
3.182777429213833886e-01
3.229432690959009866e-01
3.276692463240066799e-01
3.324336106853748030e-01
3.372116088087974695e-01
3.419760338373099007e-01
3.466975285434293896e-01
3.513449479051303226e-01
3.558857720798275781e-01
3.602865597676463971e-01
3.645134314010460841e-01
3.685325713843980444e-01
3.723107386762629090e-01
3.758157753025799241e-01
3.790171028598302017e-01
3.818861976723847973e-01
3.843970359755607968e-01
3.865265012821505475e-01
3.882547469394656559e-01
3.895655077848620418e-01
3.904463557525695294e-01
3.908888952664915095e-01
