1.514704919121898536e-05
5.132936429821617153e-04
1.003722274763508898e-03
1.504441522557650604e-03
1.994012603004600113e-03
2.502449812808338336e-03
3.008314368608874540e-03
3.531329951097403677e-03
4.060348392926727695e-03
4.590224386090452531e-03
5.129533443932571615e-03
5.675702912449888567e-03
6.204721354279215187e-03
6.748318168793330553e-03
7.285912123966649737e-03
7.832939143818362301e-03
8.355097174972493657e-03
8.896978886817808255e-03
9.450008766010301389e-03
9.998750888530791303e-03
1.054149015171049197e-02
1.108680206889339596e-02
1.163468664007949287e-02
1.217056549258400261e-02
1.271416230709810843e-02
1.325775912161221773e-02
1.378506246077273144e-02
1.432437151861484272e-02
1.486453812779135394e-02
1.541499535298065243e-02
1.597660074551714854e-02
1.651934000869686309e-02
1.705779151520457268e-02
1.760910629172827632e-02
1.810896798818800724e-02
1.848362718982542521e-02
1.886857700747564606e-02
1.924152110644425720e-02
1.960245948673127597e-02
1.995911011034630367e-02
2.031747583663012433e-02
2.074530322100031146e-02
2.114997671934171555e-02
2.156922859036789625e-02
2.194045758666771789e-02
2.231511678830514281e-02
2.267348251458894959e-02
2.310302500162790540e-02
2.343909439321731694e-02
2.387292463692826036e-02
2.433762672867759158e-02
2.478946555041092528e-02
2.520357211343067852e-02
2.556622559638647985e-02
2.597175664606227521e-02
2.636442442572204878e-02
2.675880730805062224e-02
2.710688241832163309e-02
2.753042204601977710e-02
2.802170822913549811e-02
2.838950702009770954e-02
2.883191277715268022e-02
2.930090262557400946e-02
2.973473286928495982e-02
3.014369412429832029e-02
3.055951578998688731e-02
3.094360805630267178e-02
3.129854357724887182e-02
3.177782404168298658e-02
3.225967716012031333e-02
3.282214010399118337e-02
3.325511279636775286e-02
3.366235894871231343e-02
3.413735165647443365e-02
3.467751826565093620e-02
3.522883304217460515e-02
3.561378285982483294e-02
3.606133392488623801e-02
3.653375397864518787e-02
3.704990915045855426e-02
3.758235779762551104e-02
3.815682646017808100e-02
3.864811264329389567e-02
3.910166656769608479e-02
3.969157115426783650e-02
4.022830755810678088e-02
4.071016067654419784e-02
4.127433872308396146e-02
4.183851676962373894e-02
4.241470053484510533e-02
4.301232308342643751e-02
4.346158925115665289e-02
4.416812081920677702e-02
4.487207973325368915e-02
4.531362793897428937e-02
4.578176023606130018e-02
4.630306071588104200e-02
4.674889667827360901e-02
4.718015426798143064e-02
4.764914411640282232e-02
4.811813396482422095e-02
4.876377938813192259e-02
4.927135904660129295e-02
4.968289295561785501e-02
5.019304526809043737e-02
5.068090124586858980e-02
5.119791396901637870e-02
5.181869040362648005e-02
5.245576031359016483e-02
5.299935712810429495e-02
5.360469763869520066e-02
5.421003814928612718e-02
5.462500226364036537e-02
5.502195779997216818e-02
5.546264845435833896e-02
5.587075215803734285e-02
5.645036612859628822e-02
5.712088054060149994e-02
5.783341496799234566e-02
5.828611134106010533e-02
5.874481057346871149e-02
5.927125636129486341e-02
5.982514379182179987e-02
6.021180871214086572e-02
6.084116066009492146e-02
6.145421913269542152e-02
6.201496697389754370e-02
6.268033607789641470e-02
6.335685334924250067e-02
6.383356115967339650e-02
6.436172205016835179e-02
6.503395156484241546e-02
6.552609529929256937e-02
6.610828192385469204e-02
6.671533753711440806e-02
6.724349842760932172e-02
6.783597566818430624e-02
6.838386023937038927e-02
6.902178770066842717e-02
6.945304529037624186e-02
6.982856204334808581e-02
7.022122982300788019e-02
7.062333066734605147e-02
7.117721809787296017e-02
7.176712268444467024e-02
7.230814684495548428e-02
7.299066697564229877e-02
7.353940909816278348e-02
7.419877534282084963e-02
7.490016160286447344e-02
7.545576413606013000e-02
7.615629284476935212e-02
7.676249090669462483e-02
7.744329593471258044e-02
7.808465360134830835e-02
7.863682592920635817e-02
7.926103256915398299e-02
7.990839309513043942e-02
8.048028910367963085e-02
8.098186590280810615e-02
8.144914064856069447e-02
8.203990278646676459e-02
8.259722042233133554e-02
8.303791107671758265e-02
8.357979278856286776e-02
8.427517618926563814e-02
8.481620034977642442e-02
8.522516160478979530e-02
8.577304617597593384e-02
8.632093074716203074e-02
8.689454185838013656e-02
8.738411293882707154e-02
8.790627096998120116e-02
8.838469388308090036e-02
8.883052984547346043e-02
8.947960547411867860e-02
9.011238762741041741e-02
9.077346897473717591e-02
9.129905721122888451e-02
9.196785652056525817e-02
9.267181543461194826e-02
9.339464047801571134e-02
9.405829447934568877e-02
9.456844679181819480e-02
9.512576442768264084e-02
9.570966615491353913e-02
9.636131443756194848e-02
9.702839864422947713e-02
9.772721225026979874e-02
9.836085195489581434e-02
9.902707861022895519e-02
9.973789793495095590e-02
1.003886886662649913e-01
1.010497700135917915e-01
1.014621614739426858e-01
1.019517325543896208e-01
1.023949958627790036e-01
1.028442620305091704e-01
1.033132518789305482e-01
1.037968201000367824e-01
1.043927275459490961e-01
1.048582871890329782e-01
1.054370436082573831e-01
1.061229939442818598e-01
1.067532034435702271e-01
1.073825553915243591e-01
1.080119073394783663e-01
1.086138176447316583e-01
1.092388818360137404e-01
1.099222595180349427e-01
1.106150702647346051e-01
1.111603821819175109e-01
1.116894006237468262e-01
1.123067468530192375e-01
1.128331926408453478e-01
1.134616870374649394e-01
1.138869417678318730e-01
1.144922822784226746e-01
1.151507909717462558e-01
1.157595616876746641e-01
1.163563266849215599e-01
1.169548067848372452e-01
1.175678652574377175e-01
1.180188465278366877e-01
1.186096086657427440e-01
1.191051826055304907e-01
1.196856541274237407e-01
1.201400656031602621e-01
1.206287791322728647e-01
1.211029142887006249e-01
1.216070637418322914e-01
1.220734809362504919e-01
1.227757247476284480e-01
1.233493358588466232e-01
1.240207078221861464e-01
1.246552050781466053e-01
1.252811268207630058e-01
1.258230085326083325e-01
1.264952380472824933e-01
1.270645614018284797e-01
1.275446994175970794e-01
1.280840084754391872e-01
1.287227934880716407e-01
1.292089343631809273e-01
1.296281862342071045e-01
1.301572046760363088e-01
1.307573998786208114e-01
1.313181477198229197e-01
1.319818017211528693e-01
1.326497434791549246e-01
1.331993431530099359e-01
1.336597574880872552e-01
1.342659555500125279e-01
1.349141736273233583e-01
1.354929300465477493e-01
1.359773558189882603e-01
1.366024200102703146e-01
1.372926581029667303e-01
1.378611239061784399e-01
1.385033391241485001e-01
1.390263547066370453e-01
1.394859114903801434e-01
1.399660495061487153e-01
1.405087887693284299e-01
1.410137957737948311e-01
1.415479595236306121e-01
1.420555391821001212e-01
1.426180021259708108e-01
1.431547385298099495e-01
1.437017655496617141e-01
1.442170631701406858e-01
1.447649477413267272e-01
1.452862482211466078e-01
1.458469960623487993e-01
1.464429035082615016e-01
1.471279962929512575e-01
1.478122315263070696e-01
1.483772671241812835e-01
1.488025218545484807e-01
1.492697966003010412e-01
1.497405015513914028e-01
1.504058706553903224e-01
1.509580429832485526e-01
1.514253177290011410e-01
1.519757749541905678e-01
1.525785428107784281e-01
1.532044645533949534e-01
1.537008960445170602e-01
1.542676467450599664e-01
1.549458791190750084e-01
1.555812339263698274e-01
1.561642781022665183e-01
1.566881512360895345e-01
1.572051639592370875e-01
1.578147922265001890e-01
1.583283747443103573e-01
1.588676838021526039e-01
1.593786936659595532e-01
1.599908945872255128e-01
1.605044771050358476e-01
1.610686551515756182e-01
1.615453629620066112e-01
1.621344099972440445e-01
1.627448958158412562e-01
1.633459485697602298e-01
1.639375682590007710e-01
1.644957434461998824e-01
1.649827418726437234e-01
1.654680251964185389e-01
1.659867530222351450e-01
1.666512645748997323e-01
1.671648470927099561e-01
1.678164953753585042e-01
1.684252660912869681e-01
1.689645751491291592e-01
1.694893058342864800e-01
1.700011732494277894e-01
1.704675904438460454e-01
1.710291958363824860e-01
1.715779379589032205e-01
1.721549792754590302e-01
1.727508867213715660e-01
1.733527970266248996e-01
1.738818154684541872e-01
1.744116914616180014e-01
1.749287041847658042e-01
1.755006001933152870e-01
1.760905047798868583e-01
1.766315289403978528e-01
1.770773649027903851e-01
1.776261070253107865e-01
1.782331626385705858e-01
1.787999133391135753e-01
1.793375072942868242e-01
1.798973975841547113e-01
1.804427095013376170e-01
1.810248961258995037e-01
1.815513419137258500e-01
1.820992264849120301e-01
1.826728375961300110e-01
1.832095739999690664e-01
1.837728944951744214e-01
1.843147762070197204e-01
1.849338375389607547e-01
1.854628559807901533e-01
1.860844899667347951e-01
1.866752521046408375e-01
1.872085583031422307e-01
1.877555853229939953e-01
1.882846037648232274e-01
1.888839414160733976e-01
1.894875668239957012e-01
1.900045795471433097e-01
1.905644698370110857e-01
1.911672376935988349e-01
1.917708631015209442e-01
1.923058844026911962e-01
1.929155126699540479e-01
1.934076564044042157e-01
1.938860793175041231e-01
1.944442545047030957e-01
1.950032872432364284e-01
1.956257787805152915e-01
1.961753784543702472e-01
1.967464169115852313e-01
1.972565692240574875e-01
1.978370407459509595e-01
1.983634865337769726e-01
1.989250919263134687e-01
1.995115663075476831e-01
2.001143341641353768e-01
2.006647913893247759e-01
2.012478355652211059e-01
2.018120136117610153e-01
2.023659010422877713e-01
2.028966345867858900e-01
2.034393738499657989e-01
2.040061245505088716e-01
2.045137042089779922e-01
2.050993210388777910e-01
2.056926558307873021e-01
2.062842755200279543e-01
2.068304449885453311e-01
2.074092014077696389e-01
2.079742370056437972e-01
2.084981101394668690e-01
2.090477098133218248e-01
2.095741556011476159e-01
2.101554846743756422e-01
2.107282382342593463e-01
2.112735501514422798e-01
2.118222922739627367e-01
2.123298719324320238e-01
2.129043405949846146e-01
2.134342165881482345e-01
2.139589472733054998e-01
2.145154073578358356e-01
2.150795854043756339e-01
2.156351879375712766e-01
2.161564884173912682e-01
2.166923672698955750e-01
2.172342489817412625e-01
2.177915666176057918e-01
2.183454540481327144e-01
2.188667545279522342e-01
2.194146390991385531e-01
2.199462301949713927e-01
2.204838241501445861e-01
2.210394266833403398e-01
2.216096075892206030e-01
2.221574921604069497e-01
2.226959436669148085e-01
2.232378253787603017e-01
2.237797070906053787e-01
2.243112981864381072e-01
2.248548950009525149e-01
2.253813407887788334e-01
2.259163620899487523e-01
2.263450651719524920e-01
2.263450651719524920e-01
2.263450651719524920e-01
2.263450651719524920e-01
2.263450651719524920e-01
2.263450651719524920e-01
2.263450651719524920e-01
2.263450651719524920e-01
2.263450651719524920e-01
2.263450651719524920e-01
2.263450651719524920e-01
2.263450651719524920e-01
2.263450651719524920e-01
2.263450651719524920e-01
2.263450651719524920e-01
2.263450651719524920e-01
2.263450651719524920e-01
2.263450651719524920e-01
2.263450651719524920e-01
2.263450651719524920e-01
2.263450651719524920e-01
2.263450651719524920e-01
2.263450651719524920e-01
2.263450651719524920e-01
2.263450651719524920e-01
2.263450651719524920e-01
2.263450651719524920e-01
2.263450651719524920e-01
2.263450651719524920e-01
2.263450651719524920e-01
2.263450651719524920e-01
2.263450651719524920e-01
2.263450651719524920e-01
2.263450651719524920e-01
2.263450651719524920e-01
2.263450651719524920e-01
2.263450651719524920e-01
2.263450651719524920e-01
2.263450651719524920e-01
2.263450651719524920e-01
2.263450651719524920e-01
2.263450651719524920e-01
2.263450651719524920e-01
2.263450651719524920e-01
2.263450651719524920e-01
2.263450651719524920e-01
2.263450651719524920e-01
2.263450651719524920e-01
2.263450651719524920e-01
2.263450651719524920e-01
2.263450651719524920e-01
2.263450651719524920e-01
2.263450651719524920e-01
2.263450651719524920e-01
2.263450651719524920e-01
2.263450651719524920e-01
2.263450651719524920e-01
2.263450651719524920e-01
2.263450651719524920e-01
2.263450651719524920e-01
2.263450651719524920e-01
2.263450651719524920e-01
2.263450651719524920e-01
2.263450651719524920e-01
2.263450651719524920e-01
2.263450651719524920e-01
2.263450651719524920e-01
2.263450651719524920e-01
2.263450651719524920e-01
2.263450651719524920e-01
2.263450651719524920e-01
2.263450651719524920e-01
2.263450651719524920e-01
2.263450651719524920e-01
2.263450651719524920e-01
2.263450651719524920e-01
2.263450651719524920e-01
2.263450651719524920e-01
2.263450651719524920e-01
2.263450651719524920e-01
2.263450651719524920e-01
2.263450651719524920e-01
2.263450651719524920e-01
