1.321706096929415632e-03
9.032241449976687086e-04
6.437784174122456252e-04
4.599298851277968834e-04
3.308956864552042528e-04
2.431596705910356706e-04
1.871260755734114310e-04
1.510543806297034769e-04
1.261057588996109587e-04
1.085525436092881857e-04
9.707068592150639244e-05
8.770052063820070075e-05
8.024143882951124181e-05
7.368368894459524003e-05
6.771914508375960170e-05
6.205941217351382201e-05
5.686275937487154930e-05
5.211773636416375954e-05
4.784204747942147714e-05
4.436098124795758471e-05
4.134778303060367740e-05
3.858490029018603773e-05
3.619887223669371453e-05
3.409586260311642968e-05
3.237702939650743679e-05
3.093203798376534497e-05
2.971006638943231746e-05
2.871816273331894177e-05
2.800344345207861219e-05
2.744729019477374892e-05
2.708728852627957924e-05
2.687601529261301282e-05
2.677479607954036015e-05
2.674395734373849164e-05
2.673415749484590211e-05
2.673362342692515501e-05
2.673296373758309553e-05
2.673262487020475442e-05
2.673240435755100730e-05
2.673207421561276523e-05
2.673205191569291995e-05
2.673189939697396566e-05
2.673187201734177044e-05
2.673141091270393030e-05
2.673132885483738274e-05
2.673124923236550133e-05
2.673102931991950732e-05
2.673098953536996134e-05
2.673093778277979907e-05
2.673091991487051204e-05
2.673043665482774357e-05
2.672983569244735935e-05
2.672970374448539656e-05
2.672965778811241890e-05
2.672945482173966217e-05
2.672903399574523905e-05
2.672898667595246088e-05
2.672896636014590837e-05
2.672878775107145479e-05
2.672856786840535027e-05
2.672813703219583447e-05
2.672813047160292149e-05
2.672809365636431969e-05
2.672787679542290421e-05
2.672763843771458760e-05
2.672758680451260116e-05
2.672748208803180751e-05
2.672728988041293409e-05
2.672727177448789372e-05
2.672664354980186952e-05
2.672572923115116111e-05
2.672535195587010047e-05
2.672499811413277715e-05
2.672490586743659458e-05
2.672451111309558986e-05
2.672397952349998132e-05
2.672400775957690667e-05
2.672374554781364184e-05
2.672341380394982718e-05
2.672329038714443985e-05
2.672298224556655287e-05
2.672272621798632634e-05
2.672255141924875899e-05
2.672247999267033489e-05
2.672174228746781723e-05
2.672106758425076749e-05
2.672092931032961531e-05
2.672084897612978221e-05
2.672053545478179646e-05
2.672023070904205508e-05
2.671979622931943237e-05
2.671933086884225217e-05
2.671924266893656698e-05
2.671897031904616829e-05
2.671871921946681344e-05
2.671796330692352968e-05
2.671728774258301764e-05
2.671665136826283446e-05
2.671602117160819457e-05
2.671559877182386189e-05
2.671532005861741710e-05
2.671523419474993480e-05
2.671513941802913781e-05
2.671467528797489006e-05
2.671348808097203476e-05
2.671280575505382564e-05
2.671258750821235863e-05
2.671245953650866299e-05
2.671218384669786608e-05
2.671153070789716595e-05
2.671107723649900824e-05
2.671092340518638750e-05
2.671066895428038374e-05
2.671003927951898211e-05
2.671011811519558249e-05
2.670912811876753926e-05
2.670769786937925212e-05
2.670624978381792218e-05
2.670600205432598637e-05
2.670512842931958047e-05
2.670487640314094370e-05
2.670472256214821699e-05
2.670451837950244358e-05
2.670417996936783563e-05
2.670349128472262874e-05
2.670286987167482293e-05
2.670103264367509009e-05
2.670050941163133848e-05
2.669981351642887655e-05
2.669886160221965568e-05
2.669885248300268762e-05
2.669804922370794882e-05
2.669778549323624956e-05
2.669745430839668039e-05
2.669705830979201140e-05
2.669658348580951070e-05
2.669627513256425999e-05
2.669595400056566965e-05
2.669582320385773929e-05
2.669579707075397116e-05
2.669555089804417385e-05
2.669475860450636642e-05
2.669431734098798279e-05
2.669381799338546316e-05
2.669332044494597563e-05
2.669301132955420093e-05
2.669248584418479350e-05
2.669110920940934051e-05
2.669081288834088551e-05
2.669085946308941929e-05
2.668952931426209004e-05
2.668932982759798778e-05
2.668912635453197870e-05
2.668900421433989740e-05
2.668896932907012480e-05
2.668841157123144739e-05
2.668780643401861009e-05
2.668780318895497524e-05
2.668776305427226489e-05
2.668752308950470212e-05
2.668677393191217699e-05
2.668612610178105744e-05
2.668514102494725669e-05
2.668375873579022852e-05
2.668336742808676432e-05
2.668328875108158996e-05
2.668194701156574838e-05
2.668060917122054229e-05
2.667832499889425616e-05
2.667790421607396634e-05
2.667772828981768325e-05
2.667725894775575053e-05
2.667622501841200824e-05
2.667493306588009959e-05
2.667272884983904835e-05
2.667127538175644307e-05
2.667049130444447850e-05
2.667032868933923886e-05
2.667004143278738741e-05
2.666963138246930551e-05
2.666970249780966764e-05
2.666964298244758392e-05
2.666960142646432683e-05
2.666908012922217800e-05
2.666848247847483554e-05
2.666816358838421198e-05
2.666703004247180682e-05
2.666636691352245153e-05
2.666621101274576792e-05
2.666619082409518143e-05
2.666570194429842557e-05
2.666570908405984018e-05
2.666535382264812769e-05
2.666536211281266575e-05
2.666474230127609111e-05
2.666228965313228297e-05
2.665872683405046026e-05
2.665864583523973696e-05
2.665763060085178182e-05
2.665486389624611036e-05
2.665407781864057555e-05
2.665379229909030874e-05
2.665341518063815045e-05
2.665257474403507083e-05
2.665171665294942312e-05
2.665107258128703919e-05
2.665019766950099049e-05
2.664765589719417664e-05
2.664715809880190372e-05
2.664701262556538555e-05
2.664673321007025985e-05
2.664441708268949936e-05
2.664308508829245933e-05
2.664208495543174117e-05
2.664117515308768989e-05
2.663996717190603337e-05
2.663729322680092609e-05
2.663674780136805650e-05
2.663638199119222147e-05
2.663116736883574653e-05
2.662871556409282869e-05
2.662585945688099960e-05
2.662439076946640119e-05
2.662296613108836328e-05
2.661926908284654390e-05
2.661685281957193371e-05
2.661683199371363644e-05
2.661257182069628799e-05
2.661068022419253257e-05
2.661044695831396513e-05
2.660918229562078024e-05
2.660859521960688915e-05
2.660875225530680657e-05
2.660723699643853090e-05
2.660712566960762884e-05
2.660654541332939800e-05
2.660579181425760774e-05
2.660563127708835964e-05
2.660448448349594258e-05
2.660222837379019569e-05
2.659931043172198532e-05
2.659335623336877628e-05
2.658923934960739357e-05
2.658484579221064701e-05
2.657987724450973794e-05
2.657730965604032802e-05
2.657655209211675848e-05
2.657579756165989932e-05
2.657533250014638938e-05
2.657549347282394956e-05
2.657395175160849832e-05
2.657186033856928024e-05
2.656892334114773919e-05
2.656911505240571209e-05
2.656862147535797233e-05
2.656518853256333081e-05
2.656266125705067309e-05
2.656296043255572823e-05
2.655774484085006605e-05
2.655724640524020596e-05
2.655381620088083982e-05
2.654892652404363502e-05
2.654567956810482648e-05
2.654367569555159728e-05
2.652786241970159304e-05
2.652620571835092661e-05
2.652127472920642426e-05
2.651796966570483434e-05
2.651075773001982408e-05
2.650941384391963994e-05
2.650761175137344419e-05
2.650405736362968057e-05
2.649144195555118382e-05
2.648600048893898795e-05
2.648166725453401793e-05
2.648210976402647608e-05
2.648112833790270611e-05
2.647965299710498168e-05
2.646749146329252316e-05
2.645383712910389303e-05
2.643778681878228214e-05
2.643587712649070890e-05
2.643251494200291800e-05
2.642811683590073446e-05
2.641591327653931783e-05
2.639735969466299598e-05
2.639426930435601843e-05
2.638482979409268792e-05
2.636872112524454596e-05
2.636940310408233471e-05
2.636691732394820783e-05
2.634623828869108426e-05
2.633699497143349714e-05
2.627093850476629655e-05
2.626967468380672602e-05
2.624981309483783679e-05
2.624556047827239215e-05
2.622935973361523000e-05
2.621593422807395199e-05
2.618789206885204065e-05
2.616085645608728094e-05
2.615343394172802520e-05
2.615094353782131497e-05
2.613411429050414148e-05
2.611839996177334940e-05
2.609616897284246131e-05
2.608299864117858633e-05
2.604744221399378265e-05
2.600973483833138357e-05
2.597290080202841299e-05
2.597436566731231285e-05
2.595561260842522169e-05
2.595159174005227205e-05
2.594935258773365267e-05
2.591831858446075814e-05
2.590064360335386551e-05
2.580554708577457871e-05
2.574917497740934229e-05
2.572906771018846974e-05
2.571328726008545535e-05
2.568978846636292351e-05
2.568418531286931813e-05
2.568194677349615025e-05
2.565014911983622337e-05
2.562743140366760780e-05
2.560638919373051534e-05
2.557454042338554599e-05
2.557666325184527456e-05
2.555786687967871008e-05
2.548968898099934083e-05
2.530896924302083000e-05
2.530991233655435806e-05
2.530321215562830912e-05
2.526575896611503555e-05
2.521238425245899217e-05
2.516898336974059060e-05
2.511053786171623029e-05
2.507374086783461235e-05
2.503456167866302700e-05
2.502635988099752439e-05
2.483021961247833674e-05
2.480843829727161196e-05
2.477815643431192108e-05
2.478433825077570480e-05
2.466438471653413194e-05
2.467477626960471953e-05
2.463224290486193567e-05
2.463066655187892779e-05
2.452636303212927594e-05
2.419692659394799986e-05
2.406432007964152817e-05
2.406324889586785077e-05
2.408375624907074390e-05
2.398054587973690794e-05
2.395497590200150456e-05
2.397481495936365256e-05
2.403176878110575225e-05
2.409491004450348985e-05
2.393904889497233576e-05
2.390358325168464196e-05
2.396233398883909640e-05
2.385169690938238832e-05
2.381608540778544839e-05
2.395088688995548776e-05
2.398488843705434562e-05
2.397417497164757097e-05
2.397652030662613488e-05
2.415694100739011976e-05
2.421025058544171995e-05
2.444218102467228681e-05
2.458071799996876741e-05
2.493946431438823393e-05
2.523424503005017381e-05
2.586512371827026511e-05
2.667646676783296260e-05
2.692257916182375866e-05
2.722331704638501215e-05
2.876455466598890084e-05
3.007003769139039888e-05
3.188614513020810283e-05
3.314222123500774626e-05
3.353331685656772275e-05
3.486322499906439139e-05
3.539515556194230424e-05
3.730927084454337172e-05
4.183821929054538653e-05
4.573495264742136321e-05
5.284655662702544588e-05
5.624947071338925640e-05
6.132348579838694613e-05
6.784024136855936350e-05
7.059848596196845118e-05
7.881831652952518230e-05
9.425862946584857664e-05
1.158110033905742996e-04
1.435093907592057522e-04
1.739791253580967828e-04
2.189601967213490401e-04
3.090767177450822606e-04
4.021886092833409487e-04
5.922785058150655153e-04
7.404049930691797938e-04
9.446416054081325587e-04
1.299530103643001646e-03
1.794123788537380906e-03
2.161679997470578474e-03
2.207168956679851461e-03
3.611565819432976943e-03
4.591288585327943893e-03
6.073645893818369057e-03
1.017677085787226793e-02
1.595557553889813407e-02
2.459010003908475989e-02
3.325150115353583263e-02
4.944063647480675949e-02
7.578267093938459431e-02
1.496975045189325726e-01
8.813119105612430282e-01
8.971119250100505352e+08
8.971119249161038399e+08
8.971119248221570253e+08
8.971119247282112837e+08
8.971119246342666149e+08
8.971119245403224230e+08
8.971119244463787079e+08
8.971119243524359465e+08
8.971119242584934235e+08
8.971119241645512581e+08
8.971119240706102848e+08
8.971119239766690731e+08
8.971119238827295303e+08
8.971119237887895107e+08
8.971119236948509216e+08
8.971119236009125710e+08
8.971119235069754124e+08
8.971119234130388498e+08
8.971119233191016912e+08
8.971119232251660824e+08
8.971119231312310696e+08
8.971119230372966528e+08
8.971119229433631897e+08
8.971119228494298458e+08
8.971119227554968596e+08
8.971119226615650654e+08
8.971119225676339865e+08
8.971119224737032652e+08
8.971119223797731400e+08
8.971119222858434916e+08
8.971119221919143200e+08
8.971119220979858637e+08
8.971119220040585995e+08
8.971119219101315737e+08
8.971119218162051439e+08
8.971119217222793102e+08
8.971119216283543110e+08
8.971119215344297886e+08
8.971119214405059814e+08
8.971119213465824127e+08
8.971119212526594400e+08
8.971119211587377787e+08
8.971119210648158789e+08
8.971119209708952904e+08
8.971119208769751787e+08
8.971119207830560207e+08
8.971119206891365051e+08
8.971119205952181816e+08
8.971119205013005733e+08
8.971119204073835611e+08
8.971119203134670258e+08
8.971119202195508480e+08
8.971119201256356239e+08
8.971119200317209959e+08
8.971119199378070831e+08
8.971119198438934088e+08
8.971119197499814034e+08
8.971119196560690403e+08
8.971119195621578693e+08
8.971119194682466984e+08
8.971119193743357658e+08
8.971119192804265022e+08
8.971119191865175962e+08
8.971119190926086903e+08
8.971119189987010956e+08
8.971119189047937393e+08
8.971119188108868599e+08
8.971119187169814110e+08
8.971119186230760813e+08
8.971119185291711092e+08
8.971119184352667332e+08
8.971119183413634300e+08
8.971119182474603653e+08
8.971119181535581350e+08
8.971119180596565008e+08
8.971119179657551050e+08
8.971119178718550205e+08
8.971119177779552937e+08
8.971119176840565205e+08
8.971119175901577473e+08
8.971119174962598085e+08
8.971119174023627043e+08
8.971119173115957975e+08
