1.612226988896495961e+00
1.612865699377009410e+00
1.614146186683264705e+00
1.616074427291173565e+00
1.618659003444477884e+00
1.621910666471406692e+00
1.625841790757439842e+00
1.630465747575688296e+00
1.635796232970968767e+00
1.641846587363436694e+00
1.648629146223554276e+00
1.656154660869543438e+00
1.664431826029824313e+00
1.673466946279432932e+00
1.683263766905642278e+00
1.693823486412931789e+00
1.705144958094444441e+00
1.717225077329468608e+00
1.730059340044680871e+00
1.743642546674291749e+00
1.757969615549919151e+00
1.773036460498185862e+00
1.788840880028931046e+00
1.805383400288501416e+00
1.822668011290916379e+00
1.840702736083321245e+00
1.859499975632902924e+00
1.879076578408636955e+00
1.899453592839427607e+00
1.920655672889554522e+00
1.942710121586754823e+00
1.965645573971161797e+00
1.989490338932612623e+00
2.014270437904513766e+00
2.040007396372848003e+00
2.066715860520057291e+00
2.094401124922103730e+00
2.123056667010215115e+00
2.152661789155768446e+00
2.183179469211706802e+00
2.214554515015376257e+00
2.246712108020317178e+00
2.279556806584562612e+00
2.312972061541186619e+00
2.346820276768312841e+00
2.380943426891813708e+00
2.415164224253503633e+00
2.449287808931623456e+00
2.483103919701351803e+00
2.516389490862790179e+00
2.548911610027656316e+00
2.580430765180619535e+00
2.610704305361843502e+00
2.639490037788375876e+00
2.666549884727332120e+00
2.691653525549928982e+00
2.714581952767754824e+00
2.735130875186859711e+00
2.753113906381102982e+00
2.768365482317360904e+00
2.780743458047981953e+00
2.790131339838244795e+00
2.796440115863988218e+00
2.799609655646569717e+00
