1.686215186001793038e-05
5.287295670013523628e-04
1.028591263461093794e-03
1.530168062589635884e-03
2.025742002377380491e-03
2.522173493499524181e-03
3.027180497965663904e-03
3.537332810438201160e-03
4.049200225579535281e-03
4.561067640720868101e-03
5.066074645187004788e-03
5.572796752321942243e-03
6.066655589440889118e-03
6.564802183231831408e-03
7.069809187697969829e-03
7.567098230154515638e-03
8.054096656598267248e-03
8.547955493717212389e-03
9.053820049517744689e-03
9.549393989305477587e-03
1.003896506975240910e-02
1.054311452288412762e-02
1.103611580866865720e-02
1.154112281313478261e-02
1.203069389358171065e-02
1.252112252536304211e-02
1.302098422182276956e-02
1.352427612362009160e-02
1.403785864143021131e-02
1.454715340256833300e-02
1.506073592037845445e-02
1.558203640019816504e-02
1.608361319932669065e-02
1.658347489578642156e-02
1.708419414358054375e-02
1.757376522402747526e-02
1.807019671514960291e-02
1.858034902762211935e-02
1.906734745406584927e-02
1.956377894518798038e-02
2.005335002563491537e-02
2.054549376008504846e-02
2.101962891651278781e-02
2.150491224028772824e-02
2.199019556406266868e-02
2.248405440118159473e-02
2.296504996828453715e-02
2.344604553538747610e-02
2.393904682117201088e-02
2.442089993960934804e-02
2.490018040404347668e-02
2.540261475450640918e-02
2.589561604029093703e-02
2.638947487740985962e-02
2.687047044451278816e-02
2.735832642229092670e-02
2.784017954072826040e-02
2.832203265916559062e-02
2.884076048498211350e-02
2.932775891142583302e-02
2.983190836455755848e-02
3.032405209900768811e-02
3.080333256344181328e-02
3.132377549192712218e-02
3.182020698304924983e-02
3.231320826883377073e-02
3.280535200328389689e-02
3.331035900775001363e-02
3.380593294753773959e-02
3.430493709266306535e-02
3.482023471314197455e-02
3.531066334492331815e-02
3.580194952803910508e-02
3.630781408383969289e-02
3.680853333163387753e-02
3.730153461741846088e-02
3.779796610854064404e-02
3.830811842101320558e-02
3.881226787414497614e-02
3.930869936526718011e-02
3.981199126706454205e-02
4.029384438550193126e-02
4.077655505527371521e-02
4.128327716240868389e-02
4.179257192354687150e-02
4.230443933868825029e-02
4.280515858648244187e-02
4.329215701292620649e-02
4.377915543936999193e-02
4.427730203316094376e-02
4.478402414029592632e-02
4.522128458934453199e-02
4.570742546445391574e-02
4.620385695557609196e-02
4.669600069002630138e-02
4.719757748915485301e-02
4.768629101826743488e-02
4.816814413670483103e-02
4.866886338449900179e-02
4.915500425960839942e-02
4.964886309672736364e-02
5.014357948518074343e-02
5.063400811696211479e-02
5.112529430007788089e-02
5.164059192055685948e-02
5.213016300100384304e-02
5.263173980013242242e-02
5.311788067524180618e-02
5.360487910168557774e-02
5.410645590081415018e-02
5.460631759727391926e-02
5.509160092104890827e-02
5.557688424482392503e-02
5.606645532527087389e-02
5.655602640571785050e-02
5.704216728082724119e-02
5.754717428529337181e-02
5.804789353308754951e-02
5.852888910019052315e-02
5.901245732129670879e-02
5.949088023439649126e-02
5.998388152018106073e-02
6.046401953594966044e-02
6.094501510305264103e-02
6.143887394017158443e-02
6.193959318796575519e-02
6.240686793371835739e-02
6.291359004085333995e-02
6.339887336462832201e-02
6.388844444507528475e-02
6.437630042285347187e-02
6.486244129796284175e-02
6.535029727574101499e-02
6.583986835618800548e-02
6.631571861528455514e-02
6.681300765774114692e-02
6.729143057084094326e-02
6.777499879194710808e-02
6.826800007773167756e-02
6.877729483886986517e-02
6.924799978996003247e-02
6.972899535706299223e-02
7.021856643750996885e-02
7.072185833930727528e-02
7.121657472776066200e-02
7.171815152688926220e-02
7.219142913198252354e-02
7.266899449374795983e-02
7.314913250951651791e-02
7.362927052528502048e-02
7.410855098971921850e-02
7.458268614614699255e-02
7.504738823789633417e-02
7.552838380499925230e-02
7.601195202610543100e-02
7.648008432319246264e-02
7.698594887899293249e-02
7.746094158675514985e-02
7.794193715385813737e-02
7.841950251562340712e-02
7.889706787738884342e-02
7.936863037981339852e-02
7.985048349825080161e-02
8.033490927069134035e-02
8.080647177311592322e-02
8.129861550756610489e-02
8.177360821532822510e-02
8.224517071775286348e-02
8.272788138752458498e-02
8.321831001930600491e-02
8.369073007306492007e-02
8.416143502415511513e-02
8.466472692595244931e-02
8.514743759572422632e-02
8.563786622750556299e-02
8.611371648660215428e-02
8.659042429703313337e-02
8.706284435079206241e-02
8.753612195588537925e-02
8.802483548499798194e-02
8.849468288475376143e-02
8.896024252783756026e-02
8.944981360828449524e-02
8.991280059736499186e-02
9.037064227843917552e-02
9.083534437018851715e-02
9.130090401327231597e-02
9.177932692637200129e-02
9.224917432612775303e-02
9.272330948255552707e-02
9.320945035766495246e-02
9.369387613010547733e-02
9.414056964383235582e-02
9.459755377357215167e-02
9.502195095260469737e-02
9.548579549301963731e-02
9.595392779010666895e-02
9.642634784386563962e-02
9.688761973027736063e-02
9.738833897807151752e-02
9.786590433983688442e-02
9.833918194493031228e-02
9.885447956540928394e-02
9.932604206783376966e-02
9.979931967292710038e-02
1.002683095213485753e-01
1.007381569211042716e-01
1.012165798342040957e-01
1.017018631579790083e-01
1.021751407630724362e-01
1.026304097901433315e-01
1.031216959732590976e-01
1.035683894869861288e-01
1.040553879134298726e-01
1.045037965298257349e-01
1.050165214963014598e-01
1.054743631773756296e-01
1.059150538317618351e-01
1.064114853228839974e-01
1.068727572092958295e-01
1.073194507230228328e-01
1.077824377121033711e-01
1.082385642905088485e-01
1.087118418956021654e-01
1.091739713333483575e-01
1.096875538511584008e-01
1.101668343155925989e-01
1.106615507040460272e-01
1.111133895257793713e-01
1.115883822335415193e-01
1.120462239146157585e-01
1.125074958010275072e-01
1.129507591094169594e-01
1.134497632545422297e-01
1.139196106542980230e-01
1.143868854000506252e-01
1.148533025944688118e-01
1.153420161235813729e-01
1.157835643293019523e-01
1.162576994857298235e-01
1.167755697602119308e-01
1.172651408406589074e-01
1.177435637537585650e-01
1.182202715641895024e-01
1.187012671312925038e-01
1.192191374057745695e-01
1.197198566535687264e-01
1.202351542740477536e-01
1.207264404571634642e-01
1.212606042069991896e-01
1.217570356981212965e-01
1.222457492272338991e-01
1.227859158364103809e-01
1.233243673429181564e-01
1.238645339520946242e-01
1.243764013672359059e-01
1.249182830790810939e-01
1.254275778402193509e-01
1.259720322060678133e-01
1.264976204425596051e-01
1.270223511277168427e-01
1.275968197902693502e-01
1.281224080267610588e-01
1.287054522026574999e-01
1.292593396331843947e-01
1.297763523563321419e-01
1.303053707981614850e-01
1.308523978180131386e-01
1.314328693399063608e-01
1.319867567704332556e-01
1.325303535849474135e-01
1.330936740801526574e-01
1.336587096780268158e-01
1.342220301732321153e-01
1.348119347598037143e-01
1.354061271030474745e-01
1.359608720849086738e-01
1.365293378881204667e-01
1.370652167406249122e-01
1.376765601105565950e-01
1.382698949024657731e-01
1.388632296943750621e-01
1.394248350869116138e-01
1.399967310954609301e-01
1.405952111953767125e-01
1.411816855766106216e-01
1.417878836385360608e-01
1.423589220957509338e-01
1.429745532223545557e-01
1.435764635276080281e-01
1.441869493462052121e-01
1.447888596514587400e-01
1.454019181240592540e-01
1.460055435319810857e-01
1.465877301565435276e-01
1.471965008724718249e-01
1.478490067064549551e-01
1.484637802817242447e-01
1.490897020243405480e-01
1.496984727402692616e-01
1.503252520342199250e-01
1.509434558148271543e-01
1.515616595954339396e-01
1.521738605166999547e-01
1.528049275673228902e-01
1.534197011425921520e-01
1.540559135012215253e-01
1.546912683085163720e-01
1.552863182030943534e-01
1.559268183183958045e-01
1.565656033310282857e-01
1.572112487543360082e-01
1.578757603070005400e-01
1.585179755249703781e-01
1.591541878835998902e-01
1.597843973828882713e-01
1.604300428061961603e-01
1.610705429214975004e-01
1.617341969228273391e-01
1.623626913194473054e-01
1.630109093967579414e-01
1.636531246147282515e-01
1.643279267834055202e-01
1.649872930280633365e-01
1.656303657973680621e-01
1.662991651067043108e-01
1.669859729940632587e-01
1.676642053680781896e-01
1.683424377420928153e-01
1.690189550134391372e-01
1.696843241174378070e-01
1.703591262861154088e-01
1.710510794814806557e-01
1.717207363421512922e-01
1.723972536134974198e-01
1.730772010901810709e-01
1.737854477609000470e-01
1.745091303556378648e-01
1.751856476269841034e-01
1.758647375523333944e-01
1.765584058503675280e-01
1.772795157911023489e-01
1.780083436938466324e-01
1.787414593532632712e-01
1.794702872560077489e-01
1.801630980027073836e-01
1.808379001713843470e-01
1.814852606973610671e-01
1.821420542880158311e-01
1.828340074833812445e-01
1.835405390514314727e-01
1.842556461328251072e-01
1.849621777008754742e-01
1.856567035502438012e-01
1.863400812322653088e-01
1.870320344276303337e-01
1.877359933416771764e-01
1.884288040883767557e-01
1.891481989264426622e-01
1.898247161977886788e-01
1.905003759178003075e-01
1.911854687024904798e-01
1.918456924984828504e-01
1.925333579371762971e-01
1.932227384785383251e-01
1.939292700465880537e-01
1.945946391505870843e-01
1.952780168326082033e-01
1.959296651152569457e-01
1.965984644245933333e-01
1.972844147606175325e-01
1.979514989672853109e-01
1.986374493033097044e-01
1.993053910613119262e-01
1.999733328193140092e-01
2.006292688586342743e-01
2.013075012326493163e-01
2.019591495152976424e-01
2.026125129006149939e-01
2.032598734265915197e-01
2.039432511086127220e-01
2.046129079692835528e-01
2.052919978946327328e-01
2.059685151659789437e-01
2.066167332432898573e-01
2.072709541799412081e-01
2.079131693979114626e-01
2.085768233992414400e-01
2.092258990278870745e-01
2.098792624132043982e-01
2.105240502851774276e-01
2.111585475411381918e-01
2.117818966297512207e-01
2.123889522430111032e-01
2.130071560236179995e-01
2.136296475608966683e-01
2.142435635848317366e-01
2.148437587874162669e-01
2.154405237846629684e-01
2.160450067439195765e-01
2.166271933684817408e-01
2.172068073390403253e-01
2.177769882449208383e-01
2.183343058807854509e-01
2.188470308472610926e-01
2.193932003157785804e-01
2.199247914116112534e-01
2.204529523021063198e-01
2.210377115806715365e-01
2.216036047298798606e-01
2.221472015443940740e-01
2.226976587695836118e-01
2.232369678274258862e-01
2.237934279119557779e-01
2.243190161484476808e-01
2.248497496929460771e-01
2.253813407887788334e-01
2.259163620899487523e-01
2.263506288663711397e-01
2.263506288663711397e-01
2.263506288663711397e-01
2.263506288663711397e-01
2.263506288663711397e-01
2.263506288663711397e-01
2.263506288663711397e-01
2.263506288663711397e-01
2.263506288663711397e-01
2.263506288663711397e-01
2.263506288663711397e-01
2.263506288663711397e-01
2.263506288663711397e-01
2.263506288663711397e-01
2.263506288663711397e-01
2.263506288663711397e-01
2.263506288663711397e-01
2.263506288663711397e-01
2.263506288663711397e-01
2.263506288663711397e-01
2.263506288663711397e-01
2.263506288663711397e-01
2.263506288663711397e-01
2.263506288663711397e-01
2.263506288663711397e-01
2.263506288663711397e-01
2.263506288663711397e-01
2.263506288663711397e-01
2.263506288663711397e-01
2.263506288663711397e-01
2.263506288663711397e-01
2.263506288663711397e-01
2.263506288663711397e-01
2.263506288663711397e-01
2.263506288663711397e-01
2.263506288663711397e-01
2.263506288663711397e-01
2.263506288663711397e-01
2.263506288663711397e-01
2.263506288663711397e-01
2.263506288663711397e-01
2.263506288663711397e-01
2.263506288663711397e-01
2.263506288663711397e-01
2.263506288663711397e-01
2.263506288663711397e-01
2.263506288663711397e-01
2.263506288663711397e-01
2.263506288663711397e-01
2.263506288663711397e-01
2.263506288663711397e-01
2.263506288663711397e-01
2.263506288663711397e-01
2.263506288663711397e-01
2.263506288663711397e-01
2.263506288663711397e-01
2.263506288663711397e-01
2.263506288663711397e-01
2.263506288663711397e-01
2.263506288663711397e-01
2.263506288663711397e-01
2.263506288663711397e-01
2.263506288663711397e-01
2.263506288663711397e-01
2.263506288663711397e-01
2.263506288663711397e-01
2.263506288663711397e-01
2.263506288663711397e-01
2.263506288663711397e-01
2.263506288663711397e-01
2.263506288663711397e-01
2.263506288663711397e-01
2.263506288663711397e-01
2.263506288663711397e-01
2.263506288663711397e-01
2.263506288663711397e-01
2.263506288663711397e-01
2.263506288663711397e-01
2.263506288663711397e-01
2.263506288663711397e-01
2.263506288663711397e-01
2.263506288663711397e-01
2.263506288663711397e-01
