6.871261183243675130e-02
6.376343034554354805e-02
5.974721434461437858e-02
5.625438614261006609e-02
5.313797590586395725e-02
5.031260779013524420e-02
4.771631238344302417e-02
4.532179043192599566e-02
4.309017186968399499e-02
4.102747892782929173e-02
3.912008925378929192e-02
3.733787586270394254e-02
3.567395032377454478e-02
3.411339336962589813e-02
3.264889030620457544e-02
3.125219343971382541e-02
2.993672191825930487e-02
2.869618572407896945e-02
2.751753787849369262e-02
2.641321903259187531e-02
2.537119965003229588e-02
2.438036364017816954e-02
2.343991307102737467e-02
2.255074393253248682e-02
2.170369254073526918e-02
2.091203284287452419e-02
2.016529644930858262e-02
1.946366005927009299e-02
1.878960875393292929e-02
1.816143045872225040e-02
1.756546141344688186e-02
1.700134214357696197e-02
1.646829212682733579e-02
1.596258428052262784e-02
1.548061222622079680e-02
1.502219751023500631e-02
1.458306374078107044e-02
1.416197044966897856e-02
1.376462233792279631e-02
1.338647097501115268e-02
1.302659242942188697e-02
1.268041337804596928e-02
1.234874966523090770e-02
1.203381055071571677e-02
1.173345767649074112e-02
1.144637870870509125e-02
1.117356964132941791e-02
1.091144081350641816e-02
1.066102906805257121e-02
1.042068140527464999e-02
1.019297423319839684e-02
9.966756669628380749e-03
9.754884482703904749e-03
9.552037874325521039e-03
9.358194641151645898e-03
9.172415987807183008e-03
8.995556950547673597e-03
8.826362892642240429e-03
8.657419561035455471e-03
8.499821998698368214e-03
8.347830148848024712e-03
8.202943579608289182e-03
8.064833819259861758e-03
7.924298004753482089e-03
7.794649761074134986e-03
7.670571660144058501e-03
7.551860100366129987e-03
7.438037952349543618e-03
7.329317195168808322e-03
7.225002135536185040e-03
7.121760690855292661e-03
7.024255322288503259e-03
6.913487693200424423e-03
6.822554920526196706e-03
6.735023479403378678e-03
6.649903644359746527e-03
6.567028298432528617e-03
6.487275909713261131e-03
6.410028611826997826e-03
6.333256050894708368e-03
6.259341456946019948e-03
6.188068092286658911e-03
6.119442642244350694e-03
6.051412248558812358e-03
5.985211541768708718e-03
5.918471823497301401e-03
5.847924343764348588e-03
5.785822807502586859e-03
5.725976664577600225e-03
5.667503234058599709e-03
5.610823069244852933e-03
5.554379037355548256e-03
5.499775739495769457e-03
5.446551381691477900e-03
5.394633465681695703e-03
5.343699517372123807e-03
5.294564544964319198e-03
5.246662039433126062e-03
5.199707606256705021e-03
5.154105576669956550e-03
5.109470475789100463e-03
5.066226038845643778e-03
5.023712841868272633e-03
4.982198416598676745e-03
4.932757807333793855e-03
4.892200405807781670e-03
4.852795271214098947e-03
4.814159486354415221e-03
4.776523954297762740e-03
4.739307534144984214e-03
4.702564708613214337e-03
4.666768930514396396e-03
4.631678428271730763e-03
4.596906667821931865e-03
4.563305637129260947e-03
4.530066588756390990e-03
4.497119244988518998e-03
4.463724325505542302e-03
4.431543835641860857e-03
4.400489549650232930e-03
4.369864181125630333e-03
4.339727362361775823e-03
4.310412855785757807e-03
4.281751414019273165e-03
4.253495259182326141e-03
4.225552763634600473e-03
4.198275182596077591e-03
4.171134142371033318e-03
4.144573052532240197e-03
4.118489108405510614e-03
4.092818182169863199e-03
4.067525841400966048e-03
4.042757034234613529e-03
4.018457483944284404e-03
3.994764774290610401e-03
3.971546116420912251e-03
3.948761301345283213e-03
3.926465509897722646e-03
3.904544530043595196e-03
3.880544577585004658e-03
3.859220388023122759e-03
3.838446019112227124e-03
3.818128306545787512e-03
3.797580038927832798e-03
3.766635716853874820e-03
3.746872199316898973e-03
3.727615255229228038e-03
3.708866985749075581e-03
3.690372412234113955e-03
3.672326217731055036e-03
3.654578902401662416e-03
3.637147051982815918e-03
3.616655815223705252e-03
3.599520651325075187e-03
3.582895560864799919e-03
3.566613421428550638e-03
3.543836845851654205e-03
3.527997942108154240e-03
3.501974593697152784e-03
3.486432897433833222e-03
3.471271382992483813e-03
3.456270066594580113e-03
3.441676170450212822e-03
3.427317619116782618e-03
3.413276212166488615e-03
3.399441697958285793e-03
3.385875525096811514e-03
3.372644579389955447e-03
3.359688060873338485e-03
3.347020853961773287e-03
3.334581923383508201e-03
3.322473731221160711e-03
3.310304068529769991e-03
3.298483251855515667e-03
3.286665702254888601e-03
3.275338290245766257e-03
3.264124144404263912e-03
3.253054276745433009e-03
3.242449686881891321e-03
3.232087227897417758e-03
3.221932681867177573e-03
3.211969410000446636e-03
3.202214831375936079e-03
3.192650775546547991e-03
3.183155232146415384e-03
3.173930615333153508e-03
3.164913769571317797e-03
3.156103963386448687e-03
3.147472606801950817e-03
3.138739905191289745e-03
3.129810170423977678e-03
3.121553434124104288e-03
3.113577348990032804e-03
3.105560454362995843e-03
3.097556220370762878e-03
3.089961895791191234e-03
3.082560078184237978e-03
3.075392200099755918e-03
3.068431139982792655e-03
3.061641520748357558e-03
3.054889272839673899e-03
3.048286672934941589e-03
3.041613136093722532e-03
3.035397489122917958e-03
3.029367005083044052e-03
3.023494269344835332e-03
3.017755525748733181e-03
3.011557543381015306e-03
3.006110165780602559e-03
3.000823438461992527e-03
2.995709171579084753e-03
2.990761789263066128e-03
2.985966912094319397e-03
2.981246849793531446e-03
2.976721522629966962e-03
2.972140188627539221e-03
2.967775339117802169e-03
2.963517976844662598e-03
2.959335350560115228e-03
2.955308029192887931e-03
2.951412021226043972e-03
2.947600556872730961e-03
2.943935444614678362e-03
2.940389524040987104e-03
2.936798969626644613e-03
2.933330651777399899e-03
2.929629188635199475e-03
2.926400908583926853e-03
2.923181743024179033e-03
2.920043255319360043e-03
2.917087639630077268e-03
2.914122180683720482e-03
2.911339982543361977e-03
2.908606425399941613e-03
2.905906611388384565e-03
2.903349762025505577e-03
2.900886250630226731e-03
2.898433036264541456e-03
2.896088061485214277e-03
2.893838135516820127e-03
2.891665108542283962e-03
2.889565056119045797e-03
2.887567202007609597e-03
2.885628883032998609e-03
2.883821739199451169e-03
2.882034302927588294e-03
2.880370843417797127e-03
2.878772607674967132e-03
2.877272531583392051e-03
2.875821079673394811e-03
2.874450611023193162e-03
2.873150285702669084e-03
2.871796921221526824e-03
2.870512759599646180e-03
2.869310052007993748e-03
2.868182785618496409e-03
2.867109568370718609e-03
2.866095226145904014e-03
2.865091136016550619e-03
2.864159124442963115e-03
2.863278941115448509e-03
2.862364005306527841e-03
2.861544726806775074e-03
2.860724163708193522e-03
2.859949091073976137e-03
2.859235170289538882e-03
2.858544469953370679e-03
2.857869321952365670e-03
2.857144023168971345e-03
2.856536130088937683e-03
2.855947968224047551e-03
2.855382787167821002e-03
2.854497031669022983e-03
2.853938488861434281e-03
2.853174449616567056e-03
2.852494082103382376e-03
2.852008220612305394e-03
2.851526571777836076e-03
2.851074372859641482e-03
2.850634620026223833e-03
2.850181661448860336e-03
2.849775135505059568e-03
2.849213285019707668e-03
2.848871783222814945e-03
2.848530211445583424e-03
2.848206016513550338e-03
2.847842517158858441e-03
2.847553478061579536e-03
2.847259057164162714e-03
2.847005953846638501e-03
2.846723050042846391e-03
2.846436911635093735e-03
2.846218048617947961e-03
2.845985464618169120e-03
2.845782856963748053e-03
2.845580708079995576e-03
2.845398640173469208e-03
2.845200771740523035e-03
2.845033395202162512e-03
2.844886940915593732e-03
2.844724711629719859e-03
2.844570363587509750e-03
2.844429396376965853e-03
2.844298295209260995e-03
2.843970500532430525e-03
2.843821325783419621e-03
2.843703688921577280e-03
2.843585958785070037e-03
2.843479764425650702e-03
2.843377947579884147e-03
2.843278877575613605e-03
2.843193337107474683e-03
2.843103857025876084e-03
2.843024203405687678e-03
2.842947433239228962e-03
2.842872886913930513e-03
2.842811219929686651e-03
2.842737762585505288e-03
2.842689694016047996e-03
2.842632277962060371e-03
2.842555884220804296e-03
2.842507009850473929e-03
2.842465211866723133e-03
2.842431201990815431e-03
2.842400099396936129e-03
2.842207693817227869e-03
2.842164849913556956e-03
2.842126622921612236e-03
2.842097449655113083e-03
2.842071552056788571e-03
2.842051831351153669e-03
2.842026469088605300e-03
2.842006828233498063e-03
2.841968946215969131e-03
2.841950185181206512e-03
2.841936640361317993e-03
2.841925524953687644e-03
2.841920884131747364e-03
2.841908377820002475e-03
2.841898020977915839e-03
2.841887500621646107e-03
2.841884997944360645e-03
2.841879827423585223e-03
2.841879349529955173e-03
2.841878109944040356e-03
2.841872822422818277e-03
2.841867591882548272e-03
2.841862679328037086e-03
2.841860942587795882e-03
2.841849689031231835e-03
2.841846188082812648e-03
2.841843033123863608e-03
2.841840325942344720e-03
2.841834893297900174e-03
2.841832909956683653e-03
2.841828858375481173e-03
2.841823395814191151e-03
2.841820937249146459e-03
2.841818284984098681e-03
2.841812227042354953e-03
2.841811369580726342e-03
2.841808308182551882e-03
2.841806240749216242e-03
2.841805226256041445e-03
2.841798311294823232e-03
2.841797417831074500e-03
2.841790537836790583e-03
2.841785577430050707e-03
2.841778613215877481e-03
2.841770592998129740e-03
2.841769750598432866e-03
2.841752579040851632e-03
2.841737895551491033e-03
2.841729400841685668e-03
2.841722162711236063e-03
2.841712392094284268e-03
2.841701815039554373e-03
2.841685043380252126e-03
2.841675489022373047e-03
2.841658148770026190e-03
2.841656206824182910e-03
2.841645307394974340e-03
2.841642701238672724e-03
2.841645100416248081e-03
2.841621407897706401e-03
2.841615717003740261e-03
2.841530198301361974e-03
2.841524661896024755e-03
2.841504637616659029e-03
2.841446921171943488e-03
2.841439299772556461e-03
2.841270512362434504e-03
2.841151909035926921e-03
2.841267310232862154e-03
2.840872205178287049e-03
2.841280086506001428e-03
2.844228446285167536e-03
2.845202031047080506e-03
2.853529080810257839e-03
2.867563483341681405e-03
2.934420513189505298e-03
3.039169588766208949e-03
3.281281458619357376e-03
3.661973672596848233e-03
4.273850094815710016e-03
5.326692170703981391e-03
6.860797968852232025e-03
7.979340180782711414e-03
9.639087542714471629e-03
1.331972389567589489e-02
1.722724140704210219e-02
2.104045598850711254e-02
2.952444203578673959e-02
3.703305430402164394e-02
4.899461574970276345e-02
7.377078064525714740e-02
1.473372519110235090e-01
8.760021614637581999e-01
8.971119232619125843e+08
8.971119231678470373e+08
8.971119230737832785e+08
8.971119229797192812e+08
8.971119228856556416e+08
8.971119227915934324e+08
8.971119226975312233e+08
8.971119226034694910e+08
8.971119225094084740e+08
8.971119224153493643e+08
8.971119223212895393e+08
8.971119222272298336e+08
8.971119221331725121e+08
8.971119220391144753e+08
8.971119219450577497e+08
8.971119218510013819e+08
8.971119217569460869e+08
8.971119216628901958e+08
8.971119215688359737e+08
8.971119214747817516e+08
8.971119213807281256e+08
8.971119212866755724e+08
8.971119211926234961e+08
8.971119210985720158e+08
8.971119210045211315e+08
8.971119209104712009e+08
8.971119208164210320e+08
8.971119207223721743e+08
8.971119206283239126e+08
8.971119205342767239e+08
8.971119204402291775e+08
8.971119203461829424e+08
8.971119202521368265e+08
8.971119201580915451e+08
8.971119200640465021e+08
8.971119199700026512e+08
8.971119198759596348e+08
8.971119197819166183e+08
8.971119196878744364e+08
8.971119195938328505e+08
8.971119194997925758e+08
8.971119194057519436e+08
8.971119193117120266e+08
8.971119192176728249e+08
8.971119191236345768e+08
8.971119190295968056e+08
8.971119189355597496e+08
8.971119188415231705e+08
8.971119187474868298e+08
8.971119186534512043e+08
8.971119185594162941e+08
8.971119184653828144e+08
8.971119183713489771e+08
8.971119182773162127e+08
8.971119181832845211e+08
8.971119180892524719e+08
8.971119179952212572e+08
8.971119179011911154e+08
8.971119178071614504e+08
8.971119177131322622e+08
8.971119176191037893e+08
8.971119175250755548e+08
8.971119174310477972e+08
8.971119173370218277e+08
8.971119172429955006e+08
8.971119171489698887e+08
8.971119170549454689e+08
8.971119169609208107e+08
8.971119168668974638e+08
8.971119167728742361e+08
8.971119166788524389e+08
8.971119165848306417e+08
8.971119164908094406e+08
8.971119163967894316e+08
8.971119163027697802e+08
8.971119162087506056e+08
8.971119161147316694e+08
8.971119160207136869e+08
8.971119159266955853e+08
8.971119158326791525e+08
8.971119157386629581e+08
8.971119156446470022e+08
8.971119155537662506e+08
