-0.000728600000000 0.141778085038793 0.000004206816710
-0.001497677777778 0.291432730349658 0.000023816085408
-0.002266755555556 0.441087375662417 0.000059931386013
-0.003035833333333 0.590742020961873 0.000102614542378
-0.003804911111111 0.740396666282522 0.000137401534894
-0.004573988888889 0.890051311596401 0.000213642206935
-0.005343066666667 1.039705956925046 0.000371861447432
-0.006112144444444 1.189360602227560 0.000490332287328
-0.006881222222222 1.339015247532954 0.000710556024916
-0.007650300000000 1.488669892845363 0.001046872300199
-0.008419377777778 1.638324538157203 0.001324897510318
-0.009188455555556 1.787979183471346 0.001669453957405
-0.009957533333333 1.937633828781917 0.002260290269214
-0.010726611111111 2.087288474094526 0.002840872205178
-0.011495688888889 2.236943119406997 0.004968666258969
-0.012264766666667 2.386597764722340 0.006081640570462
-0.013033844444444 2.536252410032308 0.009174270894803
-0.013802922222222 2.685907055345182 0.010762062368298
-0.014572000000000 2.835561700655274 0.011981523418217
