4.260019782664299370e-01
4.262475319212125635e-01
4.267397033977556320e-01
4.274806129188082893e-01
4.284734200608176780e-01
4.297222975339149986e-01
4.312323941325242327e-01
4.330097852516451296e-01
4.350614091847964104e-01
4.373949873731023952e-01
4.400189268726888980e-01
4.429422035539599123e-01
4.461742249380848957e-01
4.497246721021376237e-01
4.536033207258908240e-01
4.578198420843410665e-01
4.623835855785300986e-01
4.673033452062254622e-01
4.725871131637709999e-01
4.782418245003616231e-01
4.842730973773238801e-01
4.906849739831138923e-01
4.974796674916842631e-01
5.046573206084740137e-01
5.122157812152993150e-01
5.201504004047140528e-01
5.284538577980438800e-01
5.371160184910135360e-01
5.461238252954598860e-01
5.554612291788213474e-01
5.651091599802404719e-01
5.750455386375031841e-01
5.852453313230567833e-01
5.956806450846263701e-01
6.063208638339069312e-01
6.171328228355166257e-01
6.280810192207789688e-01
6.391278554843985438e-01
6.502339124102439749e-01
6.613582474075764273e-01
6.724587138145751153e-01
6.834922963389061801e-01
6.944154574579942674e-01
7.051844893039412865e-01
7.157558653264943782e-01
7.260865858853779997e-01
7.361345118988772418e-01
7.458586807990853496e-01
7.552195993444206223e-01
7.641795083400267918e-01
7.727026150297447993e-01
7.807552898492222671e-01
7.883062253517508777e-01
7.953265564020792766e-01
8.017899421266483362e-01
8.076726115439248899e-01
8.129533761966521999e-01
8.176136143838300674e-01
8.216372326594266751e-01
8.250106110502938295e-01
8.277225388848816756e-01
8.297641481751132364e-01
8.311288511389406386e-01
8.318122877009618277e-01
