1.429905072246752809e-05
4.230264696293732705e-04
8.351279056641317585e-04
1.268316948747973865e-03
1.724280607444826554e-03
2.149034607709036926e-03
2.606685274969816959e-03
3.054213890847036830e-03
3.505960028134074303e-03
3.957706165421107439e-03
4.419574354091700304e-03
4.859511431431247884e-03
5.316318594410058065e-03
5.769751740261017461e-03
6.225715398957867332e-03
6.679992049090790508e-03
7.129207673531930134e-03
7.578423297973080168e-03
8.042821999489573048e-03
8.480228563983236226e-03
8.964027863984881314e-03
9.424209044091554424e-03
9.875111677096629417e-03
1.033360584863937670e-02
1.080728309725746510e-02
1.127758632874770010e-02
1.174451554311007825e-02
1.224096740734117485e-02
1.271548816024122529e-02
1.318579139173145162e-02
1.366790368316916915e-02
1.413905041894136794e-02
1.461019715471355805e-02
1.509399645471520314e-02
1.559550934463808068e-02
1.606243855900046577e-02
1.651502820056946486e-02
1.700220151769896507e-02
1.749949688621202024e-02
1.799341823759723069e-02
1.849577463180206160e-02
1.899053948746923237e-02
1.948783485598229101e-02
2.000115680585265454e-02
2.048326909729037554e-02
2.100333908141645625e-02
2.146605077436901030e-02
2.196587665572795334e-02
2.246485903280493607e-02
2.295540636706229140e-02
2.345860626554909303e-02
2.397951975395712365e-02
2.449452871239140433e-02
2.499098057662249572e-02
2.551864209928623312e-02
2.605052114335978941e-02
2.661276634158403140e-02
2.714127136852973604e-02
2.766724588262954934e-02
2.820671646524079701e-02
2.873690850075042227e-02
2.927806609192554893e-02
2.980572761458930020e-02
3.037219033422336803e-02
3.089900835260515552e-02
3.141233030247548436e-02
3.195348789365063530e-02
3.248199292059636423e-02
3.300881093897810314e-02
3.356599511151057980e-02
3.406329048002365578e-02
3.457576892561203818e-02
3.509752591830202911e-02
3.561675239814616339e-02
3.613766588655417666e-02
3.659953407522478774e-02
3.714828320493762659e-02
3.763461301778515261e-02
3.813696941199001822e-02
3.860642913919828251e-02
3.910625502055727065e-02
3.959342833768677433e-02
4.009494122760964147e-02
4.062260275027340661e-02
4.109881051173737421e-02
4.156742673466370247e-02
4.207062663315047635e-02
4.256117396740786984e-02
4.309474002004534676e-02
4.357685231148312327e-02
4.405306007294706311e-02
4.453685937294874636e-02
4.504174627999946168e-02
4.553904164851251685e-02
4.602874547848789105e-02
4.650664024851582090e-02
4.700646612987476741e-02
4.753918867823029443e-02
4.804491908956298046e-02
4.855486702230549234e-02
4.905975392935622847e-02
4.961525109332476369e-02
5.013700808601478237e-02
5.061996388173446021e-02
5.115690395149982694e-02
5.166938239708820935e-02
5.218017383411269194e-02
5.271458339103216040e-02
5.322368781949270850e-02
5.375134934215647364e-02
5.427985436910213318e-02
5.477968025046110051e-02
5.532336835448217055e-02
5.584428184289016994e-02
5.637194336555390733e-02
5.689960488821767248e-02
5.742810991516334590e-02
5.796926750633860786e-02
5.846487586628767996e-02
5.902037303025630538e-02
5.954297352722822539e-02
6.007991359699362682e-02
6.057130443553291471e-02
6.113101912091131740e-02
6.168651628487976241e-02
6.220658626900593680e-02
6.269797710754519693e-02
6.321214256169753465e-02
6.375667417000058235e-02
6.427083962415290619e-02
6.481452772817396235e-02
6.535652882363104932e-02
6.589937342337016946e-02
6.640763434754870520e-02
6.691505176744531880e-02
6.744608730723693213e-02
6.797374882990059319e-02
6.855033360091829231e-02
6.905943802937876408e-02
6.960312613339976473e-02
7.012319611752582116e-02
7.066097969157307535e-02
7.116333608577798953e-02
7.170955470264481213e-02
7.225239930238393227e-02
7.278006082504762109e-02
7.330856585199331532e-02
7.380164369909655853e-02
7.432424419606849242e-02
7.482322657314552372e-02
7.537956724139591169e-02
7.593422090108251088e-02
7.649562259502472317e-02
7.698870044212792474e-02
7.752732752045725373e-02
7.804064947032750277e-02
7.858433757434854505e-02
7.911452960985819460e-02
7.963881711539402830e-02
8.016057410808405392e-02
8.070594922066895438e-02
8.120324458918196098e-02
8.170813149623275262e-02
8.226700267732905969e-02
8.275586300302255338e-02
8.327171546573873540e-02
8.381371656119585012e-02
8.432282098965641903e-02
8.483108191383488539e-02
8.537139600072805867e-02
8.585266478788385058e-02
8.640310092616053372e-02
8.693751048307997442e-02
8.746770251858959622e-02
8.799283352840740757e-02
8.849097240120239183e-02
8.899079828256135916e-02
8.950833775384149649e-02
9.001659867802008774e-02
9.052823361932645085e-02
9.106433018480987462e-02
9.161307931452264408e-02
9.212387075154711280e-02
9.261694859865030049e-02
9.311508747144538189e-02
9.364527950695505920e-02
9.417715855102855305e-02
9.469048050089891311e-02
9.521561151071672446e-02
9.570025431500039925e-02
9.624731643614928278e-02
9.676316889886554806e-02
9.730348298575865196e-02
9.780583937996346899e-02
9.830903927845030532e-02
9.879705609986173809e-02
9.928929044268297588e-02
9.985406615375309880e-02
1.003690751121873725e-01
1.008899886005955038e-01
1.013138990965777864e-01
1.018440911320874220e-01
1.023574130819577543e-01
1.028783265703658023e-01
1.033950225373639065e-01
1.038982224358507428e-01
1.043786477187245709e-01
1.048852216343393318e-01
1.053310632416525894e-01
1.058283586101655543e-01
1.063307150043703853e-01
1.068651245612897704e-01
1.073548283912651446e-01
1.078327231612930953e-01
1.083148354527308510e-01
1.088163483426537459e-01
1.093220787539864736e-01
1.098556448066239088e-01
1.103782453035957872e-01
1.107726331497093653e-01
1.112117267227670098e-01
1.117663803824535257e-01
1.121945083998455994e-01
1.127036128283062238e-01
1.131216187943147322e-01
1.135834869829853433e-01
1.140563207273215252e-01
1.145443375487329718e-01
1.150095797545312298e-01
1.154427687976151279e-01
1.158945149349021320e-01
1.163960278248250269e-01
1.168140337908335769e-01
1.172640929195565979e-01
1.177731973480171529e-01
1.181903598097436003e-01
1.186362014170569829e-01
1.190955390928817165e-01
1.194283511264118136e-01
1.200032488888655990e-01
1.203917322050053335e-01
1.208999931291837859e-01
1.214293416604113052e-01
1.217958938652200229e-01
1.221961862413073058e-01
1.225737040017816776e-01
1.231393232171336116e-01
1.235244325161455464e-01
1.240099188247110601e-01
1.243714100038281062e-01
1.247253096444073811e-01
1.251593421917732152e-01
1.255908442262932134e-01
1.260004151494820146e-01
1.264774664152277794e-01
1.269983799036358829e-01
1.274771181779456586e-01
1.278664449983674123e-01
1.282220316475106703e-01
1.286138889807781904e-01
1.290580435795276593e-01
1.294254392886182992e-01
1.298729679044954011e-01
1.303002524176054555e-01
1.306499345367749809e-01
1.310417918700425566e-01
1.315087210844050891e-01
1.318061059380928046e-01
1.321869977156948928e-01
1.326480224000836095e-01
1.330204791348660875e-01
1.333735352711632738e-01
1.337721406386866985e-01
1.342002686560786751e-01
1.345305501767629919e-01
1.349873573397419035e-01
1.353615010830882259e-01
1.358107167075293387e-01
1.361241281425745464e-01
1.364080169277509524e-01
1.368083093038381937e-01
1.372904215952759632e-01
1.377607248267662121e-01
1.380572661761721165e-01
1.383242848757093857e-01
1.386208262251152623e-01
1.389401421901339528e-01
1.392543971294609439e-01
1.395188853161523079e-01
1.399115861537018612e-01
1.401802918618028637e-01
1.405468440666114704e-01
1.408695340487580994e-01
1.411627013810360931e-01
1.415452801672021366e-01
1.419649731417745586e-01
1.422319918413116613e-01
1.424931060108748648e-01
1.427424111204906310e-01
1.430726926411749478e-01
1.434645499744427177e-01
1.439736544029031340e-01
1.443832253260918519e-01
1.448619636004018219e-01
1.452951526434858309e-01
1.457367767293893113e-01
1.461868358581122906e-01
1.465913457556094202e-01
1.470414048843324550e-01
1.474821854659541798e-01
1.478807908334773547e-01
1.485484740669472392e-01
1.490702310596373759e-01
1.496004230951470115e-01
1.501592942762432215e-01
1.507114174230838877e-01
1.512483574928493169e-01
1.517987936311260833e-01
1.524158666076778634e-01
1.530051039429250470e-01
1.535690361497132339e-01
1.541818916048553201e-01
1.548942805652689381e-01
1.555400326874074868e-01
1.563005013918932484e-01
1.569361314626482873e-01
1.575253687978952488e-01
1.582141396384141030e-01
1.588936319318312862e-01
1.596018033708352102e-01
1.601767011332889123e-01
1.609202997521352041e-01
1.615550863186081543e-01
1.622295175863335825e-01
1.629849252651275615e-01
1.636829746527477814e-01
1.642992041250176949e-01
1.649753224013067177e-01
1.655586552065800854e-01
1.662035638244369617e-01
1.668383503909101062e-01
1.675406172999402143e-01
1.683516962613435530e-01
1.690176924862493435e-01
1.697157418738696466e-01
1.704061997229521785e-01
1.711683554360018678e-01
1.718925534563631174e-01
1.724978173729675712e-01
1.731705616321289332e-01
1.739411523879980659e-01
1.745801564758809876e-01
1.751837333839215416e-01
1.758168329418305920e-01
1.764600545511234297e-01
1.771294247931569088e-01
1.778494052921084367e-01
1.785744468167516086e-01
1.792455040673492095e-01
1.799266833693303203e-01
1.806896825866618206e-01
1.814046020599210385e-01
1.821735058072263824e-01
1.829626536572988016e-01
1.836615465492011101e-01
1.843385083297722771e-01
1.848923184851770374e-01
1.854419111191716596e-01
1.860665756342611832e-01
1.867114842521178930e-01
1.873471143228728764e-01
1.879009244782774979e-01
1.885913823273603074e-01
1.893543815446917800e-01
1.900321868295447025e-01
1.907352972428568438e-01
1.912933249196713259e-01
1.919078673833773119e-01
1.924329983931950538e-01
1.930424798312093126e-01
1.936612398163251036e-01
1.943938728795058246e-01
1.951509675668636201e-01
1.958869746471723627e-01
1.966567218987596566e-01
1.973522407735341100e-01
1.980157064855937177e-01
1.987778621986434624e-01
1.994514499620868853e-01
2.001098546484549601e-01
2.007454847192098879e-01
2.013937673541943418e-01
2.020850687075590180e-01
2.027864921123070097e-01
2.035300907311534957e-01
2.042441667001312355e-01
2.048975103608074444e-01
2.055263923973068285e-01
2.061637094766257117e-01
2.067951220259709177e-01
2.074046034639848990e-01
2.080132413977172634e-01
2.086530889898821628e-01
2.093536688903485099e-01
2.100837714406834644e-01
2.107801338197397567e-01
2.114832442330518425e-01
2.121214048166528421e-01
2.128211412128370728e-01
2.135377476946606345e-01
2.141548206712124425e-01
2.147491190321512422e-01
2.154168022656208215e-01
2.161536528502113474e-01
2.167918134338123193e-01
2.174856453000229006e-01
2.181507980206466024e-01
2.187990806556311674e-01
2.195485838044511917e-01
2.201901184051798521e-01
2.208999768527477869e-01
2.216275488902367530e-01
2.223357203292407325e-01
2.230565443324739328e-01
2.235968584193671338e-01
2.242215229344565741e-01
2.248402829195723096e-01
2.255029051273500229e-01
2.261478137452065384e-01
2.267345205676080111e-01
2.273558110655697906e-01
2.280741045559572244e-01
2.288362602690070524e-01
2.294271846128175252e-01
2.300898068205955438e-01
2.307979782595994678e-01
2.314698790144789076e-01
2.322126341290434437e-01
2.329418931750962263e-01
2.336070458957203166e-01
2.342747291291898126e-01
2.349980836452686961e-01
2.355746684162865201e-01
2.362457256668838712e-01
2.369007563361245350e-01
2.375616915353381819e-01
2.382352792987815493e-01
2.389400767206576459e-01
2.395284705516226575e-01
2.400780631856175851e-01
2.407179107777821514e-01
2.413434187971535416e-01
2.419782053636267416e-01
2.425952783401785495e-01
2.432612745650846453e-01
2.439365493370917737e-01
2.445629008607453359e-01
2.451732258030416833e-01
2.457776462153636599e-01
2.464217113289386418e-01
2.470160096898774971e-01
2.476895974533205314e-01
2.483918643623508615e-01
2.490612346043843128e-01
2.496901166408841410e-01
2.503459908144060053e-01
2.510111435350296794e-01
2.516729222385253872e-01
2.522899952150773339e-01
2.529424953714720092e-01
2.535713774079710325e-01
2.541707367946017260e-01
2.547506955827474884e-01
2.554057262519875415e-01
2.560194252114119107e-01
2.566187845980425486e-01
2.572324835574664736e-01
2.578056943113562482e-01
2.583595044667604257e-01
2.589546463319813974e-01
2.595447271715107807e-01
2.601213119425282438e-01
2.606936791921360408e-01
2.612905080659206347e-01
2.618510662555808555e-01
2.624529561550574264e-01
2.630421934903047210e-01
2.635740725343782564e-01
2.641194476469628794e-01
2.646985629308264421e-01
2.652498425733854637e-01
2.657952176859700311e-01
2.663397492942732869e-01
2.669272996209566262e-01
2.674659266992857609e-01
2.680543205302508558e-01
2.686384968398057849e-01
2.692125510979774816e-01
2.698144409974539415e-01
2.703581291014751087e-01
2.708698045648524899e-01
