6.135923151542564680e-03
1.840776945462769404e-02
3.067961575771282340e-02
4.295146206079795276e-02
5.522330836388308212e-02
6.749515466696820454e-02
7.976700097005334777e-02
9.203884727313846326e-02
1.043106935762236065e-01
1.165825398793087220e-01
1.288543861823938652e-01
1.411262324854789807e-01
1.533980787885641239e-01
1.656699250916492394e-01
1.779417713947343826e-01
1.902136176978194981e-01
2.024854640009046414e-01
2.147573103039897569e-01
2.270291566070749001e-01
2.393010029101600156e-01
2.515728492132451311e-01
2.638446955163302743e-01
2.761165418194154175e-01
2.883883881225005608e-01
3.006602344255856485e-01
3.129320807286707917e-01
3.252039270317559350e-01
3.374757733348410782e-01
3.497476196379261659e-01
3.620194659410113092e-01
3.742913122440964524e-01
3.865631585471815956e-01
3.988350048502666834e-01
4.111068511533518266e-01
4.233786974564369698e-01
4.356505437595221131e-01
4.479223900626072008e-01
4.601942363656923440e-01
4.724660826687774873e-01
4.847379289718626305e-01
4.970097752749477182e-01
5.092816215780329170e-01
5.215534678811180047e-01
5.338253141842030924e-01
5.460971604872882912e-01
5.583690067903733789e-01
5.706408530934584666e-01
5.829126993965436654e-01
5.951845456996287531e-01
6.074563920027139519e-01
6.197282383057990396e-01
6.320000846088841273e-01
6.442719309119693261e-01
6.565437772150544138e-01
6.688156235181395015e-01
6.810874698212247003e-01
6.933593161243097880e-01
7.056311624273949867e-01
7.179030087304800745e-01
7.301748550335651622e-01
7.424467013366503609e-01
7.547185476397354487e-01
7.669903939428205364e-01
7.792622402459057351e-01
