4.409627488199634182e-02
4.054798950591733536e-02
3.805337185602122169e-02
3.589217510272563888e-02
3.396551204618750153e-02
3.217555731856692330e-02
3.051903523097329943e-02
2.897603118822632620e-02
2.753646105782587769e-02
2.615407667416508319e-02
2.486939631717632188e-02
2.365473941516027176e-02
2.250706341838781127e-02
2.142835038829330949e-02
2.041564648232359683e-02
1.945989613016866140e-02
1.855381406756633975e-02
1.769468067706657724e-02
1.688270539805229384e-02
1.610393789736563191e-02
1.537319328814421709e-02
1.468054091659858756e-02
1.401929489761164459e-02
1.339317581240095575e-02
1.280300597660684672e-02
1.224502643548731375e-02
1.171571661064210387e-02
1.121052062971890882e-02
1.072590038350103823e-02
1.026848217713600617e-02
9.834257546262506477e-03
9.422078213635876748e-03
9.031965298260967445e-03
8.661876203445198832e-03
8.310754789922391444e-03
7.976769590281851049e-03
7.660828931887283220e-03
7.359683579531665389e-03
7.075050459218898413e-03
6.804136055493523530e-03
6.547169284782606603e-03
6.303304474858104252e-03
6.071104395244074359e-03
5.839289288706192745e-03
5.630135774864363299e-03
5.433783817742676714e-03
5.249115520514015948e-03
5.074562174920933116e-03
4.912505936909684554e-03
4.760933606273107417e-03
4.617784712509187713e-03
4.482565546515342517e-03
4.354252481006435499e-03
4.235546677446489286e-03
4.125607273040821608e-03
4.020827554036522644e-03
3.921778276164139196e-03
3.829143598813745681e-03
3.741742988271299156e-03
3.660236334355499322e-03
3.582407952486068008e-03
3.509119745144678813e-03
3.441181107042225965e-03
3.376107313323565597e-03
3.315142986427082033e-03
3.259733773579284732e-03
3.206764975516920683e-03
3.157815684328427706e-03
3.112438381264387172e-03
3.069468076137409421e-03
3.025503043904747159e-03
2.988452307570899687e-03
2.953951953711704895e-03
2.922272346901062193e-03
2.892784238888550241e-03
2.865573168862939855e-03
2.839957047935112201e-03
2.815360446267452070e-03
2.792808830174351928e-03
2.759819873348499583e-03
2.739942527381298339e-03
2.721704943028693032e-03
2.704501301785936299e-03
2.688906370971846579e-03
2.673316418094029683e-03
2.657243086584306670e-03
2.644044550621827555e-03
2.631550688923859228e-03
2.619029055376234996e-03
2.607393596597455416e-03
2.596557757335314458e-03
2.586404845878612427e-03
2.576276300604861923e-03
2.566703615878607268e-03
2.557453070260230256e-03
2.548721001911365049e-03
2.540260952817905218e-03
2.531939606601504682e-03
2.524036065540107097e-03
2.516280731591674473e-03
2.508826783480613311e-03
2.501450520227613272e-03
2.494226143905204154e-03
2.487251956531343067e-03
2.480261985795425422e-03
2.473495655484868241e-03
2.467028924218766638e-03
2.460503173202234408e-03
2.454153919084255467e-03
2.448057821493932352e-03
2.441994008608625380e-03
2.436152227994756777e-03
2.430355659037574875e-03
2.424678227485347823e-03
2.419130703833997833e-03
2.413497790614360563e-03
2.408029165427293724e-03
2.402668005692216828e-03
2.397398623872026759e-03
2.392227136152147958e-03
2.387186880343779120e-03
2.382231195335905716e-03
2.377470350545532289e-03
2.372615765970504265e-03
2.367148299916110518e-03
2.362252905200731661e-03
2.357720667865832297e-03
2.353215989919193573e-03
2.348717201466942253e-03
2.344389276949025453e-03
2.337424348540916019e-03
2.333064098452663701e-03
2.328673512622759633e-03
2.324572441575114157e-03
2.320575412237668115e-03
2.316670224326855976e-03
2.312801479901432575e-03
2.308986367060477784e-03
2.305270751775819003e-03
2.301653650778728508e-03
2.298128710225198074e-03
2.294615151707487134e-03
2.291146528404615183e-03
2.287749232249561109e-03
2.284491962645886221e-03
2.281242028246150810e-03
2.278088195216728794e-03
2.274772263276516465e-03
2.271589443707456267e-03
2.268510591662848547e-03
2.265516889218751554e-03
2.262552064444424763e-03
2.259538834782743536e-03
2.256754336160618577e-03
2.254033624996197496e-03
2.251357018296382909e-03
2.248743952368559111e-03
2.246202467143887903e-03
2.243644990997898693e-03
2.241166346543416957e-03
2.238385014697030339e-03
2.235976257820461791e-03
2.233589472743742824e-03
2.231310788979649646e-03
2.229127895732764455e-03
2.226951645832520726e-03
2.224820735021781036e-03
2.222297643912669960e-03
2.220184847684363288e-03
2.217992662325135936e-03
2.216044927609499109e-03
2.214125640473094646e-03
2.212276819919149502e-03
2.210501101188893334e-03
2.208717032562619500e-03
2.206935633563402843e-03
2.205223337275891756e-03
2.203529743347016397e-03
2.201936860016007885e-03
2.200386116563788925e-03
2.198875623580976661e-03
2.197378150105764455e-03
2.195961876315495175e-03
2.194557654338320264e-03
2.193156987267390595e-03
2.191758216467199448e-03
2.190514174267800020e-03
2.189285123708633197e-03
2.188068300081351305e-03
2.186917934794617175e-03
2.185735259672079260e-03
2.184630624170875047e-03
2.183546944578892719e-03
2.182439560773531337e-03
2.181096949195815253e-03
2.179859486434416755e-03
2.178636188875277251e-03
2.177433382526930590e-03
2.176451676115743940e-03
2.175437700791477049e-03
2.174584753942849363e-03
2.173766356724264430e-03
2.173011335623583045e-03
2.172279737425178697e-03
2.171595994746767285e-03
2.170792956322681148e-03
2.170102635898330228e-03
2.169452010958704095e-03
2.168777489719322157e-03
2.168163509129776827e-03
2.167590843029092336e-03
2.166967401857716052e-03
2.166455985110005578e-03
2.165937541338929136e-03
2.165385371572458705e-03
2.164895581968314699e-03
2.160648575202043804e-03
2.159869464637966148e-03
2.159389503941774001e-03
2.158962887099683155e-03
2.158465953932802144e-03
2.158068869762375368e-03
2.157695402451587519e-03
2.157353592765462891e-03
2.156935619757735165e-03
2.156609598111828164e-03
2.156241010692995681e-03
2.155962474166785246e-03
2.155680630612422620e-03
2.155444936691900109e-03
2.155211366380876785e-03
2.154985956570676289e-03
2.154763343355813911e-03
2.154550821963131975e-03
2.154348022214413842e-03
2.154163170209571869e-03
2.153977521836767002e-03
2.153805596687367006e-03
2.153684881693504125e-03
2.153177162708372425e-03
2.153051422362446243e-03
2.152914800935475624e-03
2.152732954317824500e-03
2.152631749556896922e-03
2.152530100556620911e-03
2.152424730482970991e-03
2.152222615974518430e-03
2.152129920677845181e-03
2.151917890774275241e-03
2.151833581052533910e-03
2.151750670377786719e-03
2.151666540765242476e-03
2.151591750008308504e-03
2.151530917336519268e-03
2.151459482386088203e-03
2.151375736177989304e-03
2.151294217174651736e-03
2.151238848874481753e-03
2.151190834433109721e-03
2.151129384553912907e-03
2.151048700386806300e-03
2.151002225939873096e-03
2.150947924509683494e-03
2.150899058416882396e-03
2.150847035720129113e-03
2.150802491797357448e-03
2.150753460146197660e-03
2.150722051181731473e-03
2.150686536831831336e-03
2.150610872705327990e-03
2.150584018498288928e-03
2.150559241760612635e-03
2.150529022118870520e-03
2.150506786767783680e-03
2.150482785225605025e-03
2.150444177114837173e-03
2.150421483658270135e-03
2.150375978459158257e-03
2.150363173602876619e-03
2.150349268551285126e-03
2.150310946254774952e-03
2.150286637396994945e-03
2.150265772129026677e-03
2.150252385327409803e-03
2.150243296331844512e-03
2.150234535886069893e-03
2.150224105229161815e-03
2.150210684137354462e-03
2.150204702333081627e-03
2.150194942997421706e-03
2.150188925659814350e-03
2.150170744806108574e-03
2.150164794230871590e-03
2.150158409130444905e-03
2.150142486324636663e-03
2.150130434871210319e-03
2.150128170636581536e-03
2.150126058704537359e-03
2.150124585092214480e-03
2.150121667214626060e-03
2.150115983277379843e-03
2.150099092457371987e-03
2.150093907158116043e-03
2.150081991840035751e-03
2.150077303681268304e-03
2.150073437209246412e-03
2.150070034794150653e-03
2.150067175773827648e-03
2.150059834318858096e-03
2.150057149939064993e-03
2.150054975391991769e-03
2.150052757574868242e-03
2.150047928903434623e-03
2.150023009353636827e-03
2.150012092653855698e-03
2.150008450761381907e-03
2.150006457418236847e-03
2.150004209397232691e-03
2.150003215233114041e-03
2.150002102720843800e-03
2.149990881432458766e-03
2.149980838464509315e-03
2.149979042777765918e-03
2.149976018613278077e-03
2.149975472308183599e-03
2.149971370941180203e-03
2.149962675960760509e-03
2.149958408025650584e-03
2.149956927320425051e-03
2.149956173793559581e-03
2.149952128935584978e-03
2.149951061380799520e-03
2.149936908926802174e-03
2.149925894093386580e-03
2.149925089653164680e-03
2.149922917511168027e-03
2.149914538449591503e-03
2.149912983075080893e-03
2.149908373398796545e-03
2.149902818423957054e-03
2.149899117121881024e-03
2.149895684301649391e-03
2.149895270160269781e-03
2.149892858938648108e-03
2.149889636082296957e-03
2.149887319400708638e-03
2.149886321484390916e-03
2.149881256915385855e-03
2.149879408878882514e-03
2.149876133811871523e-03
2.149875516529727720e-03
2.149872121079555824e-03
2.149864811724314095e-03
2.149861585700704389e-03
2.149861176715840184e-03
2.149859399872726569e-03
2.149855002341570943e-03
2.149853526311865364e-03
2.149852447910854079e-03
2.149849756847032646e-03
2.149849139840085376e-03
2.149847811891028668e-03
2.149847198379370959e-03
2.149846758394919309e-03
2.149845706533780321e-03
2.149838227973333623e-03
2.149834204247154552e-03
2.149819494863081798e-03
2.149814837930109739e-03
2.149811611399440360e-03
2.149806010967552587e-03
2.149775564720044201e-03
2.149772757152109554e-03
2.149772168914609611e-03
2.149770485480335686e-03
2.149766843431055469e-03
2.149765234832740155e-03
2.149602199904621959e-03
2.149511166868444192e-03
2.149494498780932846e-03
2.149490732941752424e-03
2.149488838644810895e-03
2.149488463547859132e-03
2.149484393242204975e-03
2.149482840810496183e-03
2.149480443762737114e-03
2.149475141504843083e-03
2.149472386954633628e-03
2.149471290463686977e-03
2.149461602368218319e-03
2.149453253474833958e-03
2.149449911543137304e-03
2.149444776021691705e-03
2.149441042024803974e-03
2.149440579692932403e-03
2.149440163079321606e-03
2.149430510265931855e-03
2.149427376182066161e-03
2.149421176125402774e-03
2.149403258977525006e-03
2.149378021759849097e-03
2.149357985985628824e-03
2.149348590816440620e-03
2.149343002972597602e-03
2.149340435450825589e-03
2.149331929789255122e-03
2.149329269887415537e-03
2.149322323538028351e-03
2.149317993556137951e-03
2.149317537992229740e-03
2.149249063482390129e-03
2.149241485667296395e-03
2.149231363737154690e-03
2.149228961996081742e-03
2.149225714668616220e-03
2.149214192568802469e-03
2.149204474831843594e-03
2.149199180147505061e-03
2.149193523944202457e-03
2.149171510380082015e-03
2.149129124146858215e-03
2.149125956991005098e-03
2.149119369335720977e-03
2.149109279378222121e-03
2.149101926408620005e-03
2.149017928707214458e-03
2.148940295473199952e-03
2.148916223563669594e-03
2.148781350978354668e-03
2.148716450834097218e-03
2.148678073106957773e-03
2.148665773453399541e-03
2.148645985688616474e-03
2.148568834755186854e-03
2.148561957547268694e-03
2.148541644460262839e-03
2.148520733399622833e-03
2.148505479230166174e-03
2.148481329515565270e-03
2.148441074614707274e-03
2.148411119649291153e-03
2.148385599419014476e-03
2.148304627743184876e-03
2.148240226518864475e-03
2.148161697158841935e-03
2.148119224567942784e-03
2.148027460291463634e-03
2.147979581221405587e-03
2.147680084575150604e-03
2.147420218119168705e-03
2.147190657841203162e-03
2.147080552578019795e-03
2.146725446616394410e-03
2.146550339587753858e-03
2.146433455582099931e-03
2.146329358145251942e-03
2.145388232134010607e-03
2.145397070813218846e-03
2.144987591609292914e-03
2.145155267773877442e-03
2.145162854307549553e-03
2.145802176131520866e-03
2.146169429528772647e-03
2.146228672487674079e-03
2.146639701318146451e-03
2.149489416359718925e-03
2.152841407943929895e-03
2.155884053562466367e-03
2.161390108420519970e-03
2.166570811847831624e-03
2.177417958448314272e-03
2.187916279883713247e-03
2.203152618058307113e-03
2.217029546086803516e-03
2.246879704427798448e-03
2.274369856538972605e-03
2.306547019583229940e-03
2.356638426875523953e-03
2.433146858661717864e-03
2.528836930844359076e-03
2.644264463635191340e-03
2.773163935952277850e-03
2.938860997444165193e-03
3.103132446660451880e-03
3.324276745127954270e-03
3.597075501671675047e-03
3.905573730380907955e-03
4.344325650239814693e-03
4.593514401803495788e-03
5.182253742106089633e-03
5.839523640250515041e-03
6.747967181218148675e-03
7.740887767736059737e-03
8.829660262090067990e-03
1.045184461796823394e-02
1.219662813253862520e-02
1.442619958463901841e-02
1.674537573520789094e-02
1.939578125417901200e-02
2.335378818029481066e-02
2.795142327118916442e-02
