1.496633355717030378e+00
1.497226271861753499e+00
1.498414950645231558e+00
1.500204940041282464e+00
1.502604206962893096e+00
1.505622731888242916e+00
1.509272001982614242e+00
1.513564429823949897e+00
1.518512729476368506e+00
1.524129284876946544e+00
1.530425547066075254e+00
1.537411496512640197e+00
1.545095204549350898e+00
1.553482523725046027e+00
1.562576930796928165e+00
1.572379538338956939e+00
1.582889281861007191e+00
1.594103279337865553e+00
1.606017349629836888e+00
1.618626665970292366e+00
1.631926511036998706e+00
1.645913091627639435e+00
1.660584364094890519e+00
1.675940816861545057e+00
1.691986153865295384e+00
1.708727822916080719e+00
1.726177335855261452e+00
1.744350333148480869e+00
1.763266354092076771e+00
1.782948285007649236e+00
1.803421471347374183e+00
1.824712495073013141e+00
1.846847635380349129e+00
1.869851048015021666e+00
1.893742715126154552e+00
1.918536232792394269e+00
1.944236515978424285e+00
1.970837509771161455e+00
1.998320000522706641e+00
2.026649620503902405e+00
2.055775134725835507e+00
2.085627088990491096e+00
2.116116884641402240e+00
2.147136328866887212e+00
2.178557690927300339e+00
2.210234275569627371e+00
2.242001506326249505e+00
2.273678494364157920e+00
2.305070053791685059e+00
2.335969112298827088e+00
2.366159456876204548e+00
2.395418748068224524e+00
2.423521732531207729e+00
2.450243582247957796e+00
2.475363289210032569e+00
2.498667046343367559e+00
2.519951548583452272e+00
2.539027152029683432e+00
2.555720833811182313e+00
2.569878900523789422e+00
2.581369398744543631e+00
2.590084187119830794e+00
2.595940635805424890e+00
2.598882925564617530e+00
