1.686215186001793038e-05
5.235842589949555887e-04
1.031163917464292343e-03
1.525880305917638735e-03
2.021454245705382909e-03
2.519600839496325198e-03
3.023750292628066706e-03
3.536475259103801210e-03
4.046627571576337165e-03
4.562782743389667134e-03
5.056641580508611407e-03
5.561648584974749829e-03
6.066655589440889118e-03
6.565659734566228756e-03
7.067236533694772581e-03
7.559380268144920423e-03
8.051524002595067397e-03
8.544525288379617792e-03
9.047817190176950242e-03
9.540818475961483289e-03
1.003724996708361093e-02
1.053796921487773139e-02
1.103697336000305715e-02
1.152054158110919248e-02
1.201783062356571660e-02
1.251683476869104410e-02
1.301841156781956971e-02
1.351655816161049552e-02
1.401641985807022470e-02
1.452914482454594272e-02
1.504701509902806045e-02
1.555545230883177872e-02
1.606388951863550046e-02
1.657318427977361522e-02
1.707561863023654078e-02
1.755575664600508151e-02
1.805218813712720569e-02
1.855290738492133135e-02
1.905105397871225889e-02
1.954234016182799377e-02
2.002762348560293074e-02
2.052319742539065670e-02
2.099561747914961349e-02
2.147061018691175105e-02
2.196018126735868603e-02
2.244289193713042141e-02
2.294875649293094330e-02
2.343918512471227650e-02
2.392361089715280831e-02
2.444576892830692405e-02
2.492504939274105269e-02
2.542405353786638886e-02
2.591705482365091670e-02
2.640662590409784127e-02
2.690134229255116902e-02
2.741663991303008863e-02
2.790192323680502212e-02
2.840693024127113539e-02
2.892737316975644082e-02
2.942551976354737184e-02
2.993138431934787985e-02
3.043639132381400006e-02
3.092253219892333177e-02
3.143697226806784623e-02
3.191968293783957467e-02
3.241439932629289200e-02
3.290911571474623015e-02
3.341841047588434144e-02
3.391655706967527245e-02
3.441298856079739316e-02
3.490770494925072437e-02
3.541099685104807243e-02
3.591686140684865330e-02
3.641415044930522427e-02
3.690629418375539206e-02
3.742502200957196351e-02
3.794374983538853496e-02
3.845047194252352446e-02
3.895033363898329354e-02
3.945105288677747124e-02
3.993976641589008086e-02
4.044734607435944429e-02
4.095321063016003210e-02
4.144792701861342576e-02
4.195807933108600812e-02
4.245708347621139633e-02
4.296637823734956313e-02
4.347138524181575620e-02
4.397038938694110971e-02
4.446939353206649098e-02
4.497182788252949287e-02
4.547854998966441992e-02
4.597412392945220139e-02
4.648170358792157869e-02
4.697127466836855531e-02
4.746513350548753341e-02
4.795556213726890477e-02
4.844256056371269020e-02
4.896128838952925472e-02
4.946801049666420952e-02
4.996358443645197711e-02
5.045658572223656047e-02
5.095130211068994025e-02
5.146231197449690348e-02
5.198189735164786274e-02
5.247489863743245997e-02
5.296275461521064709e-02
5.345404079832641320e-02
5.397276862414300547e-02
5.447091521793397118e-02
5.495105323370255007e-02
5.545949044350630824e-02
5.595077662662205353e-02
5.645835628509143084e-02
5.694363960886642678e-02
5.744007109998856137e-02
5.793049973176994660e-02
5.841578305554490091e-02
5.891821740600788199e-02
5.942150930780526474e-02
5.991365304225542560e-02
6.040236657136802134e-02
6.089708295982138725e-02
6.138665404026835692e-02
6.189423369873774117e-02
6.237522926584070093e-02
6.287423341096608220e-02
6.336123183740985376e-02
6.386452373920722958e-02
6.434894951164780996e-02
6.484023569476357607e-02
6.533580963455136448e-02
6.581766275298873980e-02
6.631666689811410720e-02
6.680881063256430274e-02
6.730009681568008273e-02
6.779224055013023664e-02
6.828266918191162882e-02
6.877995822436819284e-02
6.927381706148713625e-02
6.976510324460293011e-02
7.024524126037152982e-02
7.074424540549682783e-02
7.122266831859661029e-02
7.167193448632684649e-02
7.214349698875131833e-02
7.263135296652957484e-02
7.310120036628531270e-02
7.361735553809861665e-02
7.410349641320798653e-02
7.457763156963573281e-02
7.506034223940753758e-02
7.552933208782881824e-02
7.602147582227897216e-02
7.652219507007317068e-02
7.697832164847843994e-02
7.746446252358785145e-02
7.793774012868122381e-02
7.841444793911214739e-02
7.889801616021839548e-02
7.937558152198372075e-02
7.984714402440835912e-02
8.031613387282962591e-02
8.083143149330861144e-02
8.130985440640842166e-02
8.179084997351132591e-02
8.226241247593599204e-02
8.273826273503247231e-02
8.320210727544752327e-02
8.367624243187521405e-02
8.416066820431582218e-02
8.465281193876594834e-02
8.512951974919699683e-02
8.560279735429032755e-02
8.607950516472129276e-02
8.655792807782103360e-02
8.703120568291447534e-02
8.751734655802376195e-02
8.799491191978922600e-02
8.847762258956090586e-02
8.896805122134231192e-02
8.944304392910441825e-02
8.990174316151303135e-02
9.037930852327837050e-02
9.084572571769658489e-02
9.131557311745233663e-02
9.177770255519844544e-02
9.226555853297666032e-02
9.273797858673564487e-02
9.321039864049464330e-02
9.367252807824076599e-02
9.413808772132459257e-02
9.460107471040507532e-02
9.509407599618972806e-02
9.557850176863025293e-02
9.608093611909314380e-02
9.654735331351135819e-02
9.704121215063025996e-02
9.749476607503253234e-02
9.796289837211948071e-02
9.843017311787193024e-02
9.891545644164688456e-02
9.940073976542185274e-02
9.986629940850563769e-02
1.003327166029238660e-01
1.008205725807019698e-01
1.012964228397985889e-01
1.017559796235415898e-01
1.022232543692942197e-01
1.027111103470723513e-01
1.032015389788537435e-01
1.036508051465838826e-01
1.041232252003429226e-01
1.045973603567705856e-01
1.050860738858831328e-01
1.055567788369733279e-01
1.060514952254266868e-01
1.065342058951983945e-01
1.069963353329446143e-01
1.074661827327004215e-01
1.079137337977617017e-01
1.083810085435142206e-01
1.088628616619516376e-01
1.093378543697137717e-01
1.097879780887783402e-01
1.102732614125532529e-01
1.107422512609746862e-01
1.112095260067272467e-01
1.116896640224957910e-01
1.121500783575731658e-01
1.126182106546602252e-01
1.131480866478239145e-01
1.136085009829012754e-01
1.140740606259850326e-01
1.145027455616897255e-01
1.149494390754166734e-01
1.154278619885164558e-01
1.158797008102499110e-01
1.163855653660503947e-01
1.168682760358221856e-01
1.173252601655619676e-01
1.177925349113145836e-01
1.182246500523567306e-01
1.187416627755044779e-01
1.192209432399387176e-01
1.197156596283920071e-01
1.202189515301892997e-01
1.207376793560057671e-01
1.212246777824495109e-01
1.217151064142308337e-01
1.221926717759962977e-01
1.226376501870543867e-01
1.231366543321797957e-01
1.236116470399418327e-01
1.241192266984111892e-01
1.246611084102565298e-01
1.252072778787738094e-01
1.256608318031760541e-01
1.261898502450053416e-01
1.266622702987642290e-01
1.272041520106094725e-01
1.277005835017317181e-01
1.282433227649113217e-01
1.287680534500687535e-01
1.292833510705476141e-01
1.298329507444024866e-01
1.303799777642541124e-01
1.308935602820642530e-01
1.314808922146327719e-01
1.320210588238093230e-01
1.325869519730178137e-01
1.331416969548790408e-01
1.337178807201002684e-01
1.342803436639711800e-01
1.348359461971668505e-01
1.354172752703945160e-01
1.359471512635583024e-01
1.365404860554675637e-01
1.370943734859944307e-01
1.376551213271965390e-01
1.381961454877075335e-01
1.387757594582664233e-01
1.393467979154812963e-01
1.399332722967153719e-01
1.405111711646055139e-01
1.411062210591834953e-01
1.417021285050962254e-01
1.422740245136455417e-01
1.428613564462139218e-01
1.434315373520946568e-01
1.440351627600166551e-01
1.446173493845789582e-01
1.452244049978386742e-01
1.458160246870789378e-01
1.464187925436668536e-01
1.470387114269423312e-01
1.476577727588839206e-01
1.482442471401179962e-01
1.488761717420750974e-01
1.494832273553350077e-01
1.501202972652985190e-01
1.507668002399408236e-01
1.513712831991972652e-01
1.519877718771353026e-01
1.525982576957327919e-01
1.532250369896837328e-01
1.538758277209978653e-01
1.545231882469743079e-01
1.551576855029347668e-01
1.557793194888794086e-01
1.564292526688590979e-01
1.570491715521348808e-01
1.576862414620985864e-01
1.583318868854061146e-01
1.589715294493731779e-01
1.596308956940311607e-01
1.602688231553293374e-01
1.608956024492802783e-01
1.615789801313013141e-01
1.622563549539819960e-01
1.629577412140255366e-01
1.636282556260308385e-01
1.642807614600136634e-01
1.649795750660539573e-01
1.656578074400690548e-01
1.663223189927334200e-01
1.670108419827612822e-01
1.677053678321298313e-01
1.683896030654852272e-01
1.690558297208188399e-01
1.697383498515056266e-01
1.704534569328998161e-01
1.711522705389399712e-01
1.718210698482765808e-01
1.725010173249602596e-01
1.732152668550199226e-01
1.739089351530540839e-01
1.746429083638047774e-01
1.753511550345236980e-01
1.760688347699209400e-01
1.767659332732926247e-01
1.774690346360049409e-01
1.781609878313702156e-01
1.788426504107225312e-01
1.795371762600911913e-01
1.802317021094595462e-01
1.809133646888118063e-01
1.816147509488556799e-01
1.823178523115681349e-01
1.830286716362901633e-01
1.837214823829896593e-01
1.843688429089661018e-01
1.850530781423217752e-01
1.857098717329767057e-01
1.864095428903515261e-01
1.871023536370509943e-01
1.878045974484290892e-01
1.884999808491317763e-01
1.891730679151404915e-01
1.898744541751841153e-01
1.905801281918994006e-01
1.912703662845960106e-01
1.919571741719548752e-01
1.926053922492659276e-01
1.933076360606438004e-01
1.939901561913306427e-01
1.946349440633039218e-01
1.953148915399876562e-01
1.960111324920249531e-01
1.967202367140780395e-01
1.973778878560672467e-01
1.980475447167381886e-01
1.987172015774089362e-01
1.993834282327422436e-01
2.000548001960817668e-01
2.007338901214310856e-01
2.014112649441115732e-01
2.020757764967761605e-01
2.027317125360965366e-01
2.033970816400954007e-01
2.040830319761198774e-01
2.047132414754084251e-01
2.053863285414168627e-01
2.060405494780685465e-01
2.067033459280638585e-01
2.073472762487028886e-01
2.080075000446953148e-01
2.086462850573279348e-01
2.092970757886421229e-01
2.099452938659528423e-01
2.105995148026048036e-01
2.112082855185332952e-01
2.118230590938025570e-01
2.124352600150689052e-01
2.130508911416723328e-01
2.136528014469253889e-01
2.142650023681917371e-01
2.148617673654384663e-01
2.154619625680229966e-01
2.160647304246108014e-01
2.166537774598480126e-01
2.172153828523842867e-01
2.177727004882489270e-01
2.183188699567663593e-01
2.188950537219873926e-01
2.194309325744922268e-01
2.199573783623185452e-01
2.204975449714948466e-01
2.210445719913467777e-01
2.216027471785455005e-01
2.221557770577381463e-01
2.226993738722523597e-01
2.232446857894354320e-01
2.237754193339333564e-01
2.243155859431101296e-01
2.248531798982836838e-01
2.253813407887788334e-01
2.259163620899487523e-01
2.263506288663711397e-01
2.263506288663711397e-01
2.263506288663711397e-01
2.263506288663711397e-01
2.263506288663711397e-01
2.263506288663711397e-01
2.263506288663711397e-01
2.263506288663711397e-01
2.263506288663711397e-01
2.263506288663711397e-01
2.263506288663711397e-01
2.263506288663711397e-01
2.263506288663711397e-01
2.263506288663711397e-01
2.263506288663711397e-01
2.263506288663711397e-01
2.263506288663711397e-01
2.263506288663711397e-01
2.263506288663711397e-01
2.263506288663711397e-01
2.263506288663711397e-01
2.263506288663711397e-01
2.263506288663711397e-01
2.263506288663711397e-01
2.263506288663711397e-01
2.263506288663711397e-01
2.263506288663711397e-01
2.263506288663711397e-01
2.263506288663711397e-01
2.263506288663711397e-01
2.263506288663711397e-01
2.263506288663711397e-01
2.263506288663711397e-01
2.263506288663711397e-01
2.263506288663711397e-01
2.263506288663711397e-01
2.263506288663711397e-01
2.263506288663711397e-01
2.263506288663711397e-01
2.263506288663711397e-01
2.263506288663711397e-01
2.263506288663711397e-01
2.263506288663711397e-01
2.263506288663711397e-01
2.263506288663711397e-01
2.263506288663711397e-01
2.263506288663711397e-01
2.263506288663711397e-01
2.263506288663711397e-01
2.263506288663711397e-01
2.263506288663711397e-01
2.263506288663711397e-01
2.263506288663711397e-01
2.263506288663711397e-01
2.263506288663711397e-01
2.263506288663711397e-01
2.263506288663711397e-01
2.263506288663711397e-01
2.263506288663711397e-01
2.263506288663711397e-01
2.263506288663711397e-01
2.263506288663711397e-01
2.263506288663711397e-01
2.263506288663711397e-01
2.263506288663711397e-01
2.263506288663711397e-01
2.263506288663711397e-01
2.263506288663711397e-01
2.263506288663711397e-01
2.263506288663711397e-01
2.263506288663711397e-01
2.263506288663711397e-01
2.263506288663711397e-01
2.263506288663711397e-01
2.263506288663711397e-01
2.263506288663711397e-01
2.263506288663711397e-01
2.263506288663711397e-01
2.263506288663711397e-01
2.263506288663711397e-01
2.263506288663711397e-01
2.263506288663711397e-01
2.263506288663711397e-01
