5.920188040806858426e-02
5.466468992377702951e-02
5.099856438095531214e-02
4.784696396258896617e-02
4.501885482489300511e-02
4.245704058356982585e-02
4.010416187376412284e-02
3.794827456634107532e-02
3.597058995245669411e-02
3.413486035965419135e-02
3.243482559724544106e-02
3.083551372815277955e-02
2.934302715271828663e-02
2.795843131320530778e-02
2.664225633660992007e-02
2.541220177736147612e-02
2.425347869344056037e-02
2.316836130167259852e-02
2.214801422356071220e-02
2.119203933416753324e-02
2.029031540623639496e-02
1.943223295608938542e-02
1.863092031552378985e-02
1.787862680764762749e-02
1.717181353510437158e-02
1.649335040512028144e-02
1.586068474661725056e-02
1.527195027976852200e-02
1.471899308060080000e-02
1.419776788884444252e-02
1.370403431609521806e-02
1.323882269216514369e-02
1.279767058928724978e-02
1.237490785580037944e-02
1.197185755529556715e-02
1.159528322988103918e-02
1.123812158534298264e-02
1.090045305227334282e-02
1.058256697688444124e-02
1.027885011884398410e-02
9.990719288395667058e-03
9.714748271132460714e-03
9.452331617645423970e-03
9.205992500799356493e-03
8.971852511370590616e-03
8.746780573988137408e-03
8.530098256018614142e-03
8.328936666583169196e-03
8.137553386446240086e-03
7.948987965100627259e-03
7.773583262476947871e-03
7.605721694699743227e-03
7.445679918436967290e-03
7.293752470944929456e-03
7.148488185444892666e-03
7.007148757034856179e-03
6.872690053883027256e-03
6.741527394585664253e-03
6.610665854688793641e-03
6.491459225809541843e-03
6.374893032017490621e-03
6.266379148952784875e-03
6.163933506785262972e-03
6.063969564871186935e-03
5.970144861418319633e-03
5.880992123710721171e-03
5.793784824732054958e-03
5.709911553142921030e-03
5.629053953676332531e-03
5.550025828669764849e-03
5.475119620202490572e-03
5.403516168968444840e-03
5.333372600385876718e-03
5.258564023192371061e-03
5.192548675479776235e-03
5.125978439169609317e-03
5.064054566885211640e-03
5.003393896145985620e-03
4.945306441178311772e-03
4.889078708457900678e-03
4.833980848606525202e-03
4.779724672032944870e-03
4.727173750915936515e-03
4.674998864087562440e-03
4.625058953843368473e-03
4.576298700202408552e-03
4.528214464305451749e-03
4.481102696717227142e-03
4.435798671669577073e-03
4.391607195793757572e-03
4.348169258372005033e-03
4.305480540350173878e-03
4.263812886917931963e-03
4.222706708632732904e-03
4.182831279540607378e-03
4.144098453121913828e-03
4.106235593061999430e-03
4.069511882797499647e-03
4.033319336701807548e-03
3.997789956113582260e-03
3.963498603317521136e-03
3.929522845665680240e-03
3.896488269819837948e-03
3.863308999718409378e-03
3.831341815504058640e-03
3.800365433768647730e-03
3.770171272484141266e-03
3.740589789513190828e-03
3.711053261177201575e-03
3.682053809460448558e-03
3.653992480572589539e-03
3.626220094851895313e-03
3.598789850933245982e-03
3.571289172146018421e-03
3.544802321215551662e-03
3.518811302302608020e-03
3.493327621757824977e-03
3.468269073002665931e-03
3.443703197929122526e-03
3.419349788313219736e-03
3.395434703833574881e-03
3.372127574675661162e-03
3.349197568468426783e-03
3.326776629416269143e-03
3.304506325705589258e-03
3.282672177054610056e-03
3.261274026933795242e-03
3.240317325246999409e-03
3.219619129069387509e-03
3.199353930010073992e-03
3.179470765742901592e-03
3.159957035248821787e-03
3.140819356902613789e-03
3.121891867950566356e-03
3.102870276391629829e-03
3.084589352884018008e-03
3.066640090773099358e-03
3.049068325762239497e-03
3.031844633131193859e-03
3.014638587796074441e-03
2.998085300047792761e-03
2.981835527314236501e-03
2.965792182584477132e-03
2.950105854519160901e-03
2.934112435725895474e-03
2.918871279492500290e-03
2.904026861442259196e-03
2.889436824322663081e-03
2.871842382922910279e-03
2.857341483529655772e-03
2.843268671873248367e-03
2.829455809057545169e-03
2.815968241199268748e-03
2.802357060871979010e-03
2.789186827421510136e-03
2.776254537109545777e-03
2.763793309353440499e-03
2.751673307326576567e-03
2.739783441065037333e-03
2.728167521871059913e-03
2.716762055836365215e-03
2.705540552890587681e-03
2.694469925153837771e-03
2.679507873379568129e-03
2.668769560863998996e-03
2.658231797876385669e-03
2.647856774146292291e-03
2.637792525740800201e-03
2.625065658316588953e-03
2.615036535363063613e-03
2.605432645380908845e-03
2.595979450232784209e-03
2.586877484300741017e-03
2.577920549530527457e-03
2.569187543448049702e-03
2.560664013679078525e-03
2.552328186139699549e-03
2.544096122209346840e-03
2.536074040865211095e-03
2.528305177650286631e-03
2.520599974055516036e-03
2.513146326619371696e-03
2.505900866680740770e-03
2.498828576094595452e-03
2.491930922941050248e-03
2.485163366926011145e-03
2.478541705561458121e-03
2.471962977031669402e-03
2.465637595085940284e-03
2.459471159915572070e-03
2.453446314977649183e-03
2.447583753304339617e-03
2.441912569312100142e-03
2.431257632469875120e-03
2.425513372145681693e-03
2.420151612256910695e-03
2.414916717833042164e-03
2.409826257477043487e-03
2.404919293885073115e-03
2.400171231742817199e-03
2.395599191021570082e-03
2.391168271297377298e-03
2.386817098972570002e-03
2.382670500000484085e-03
2.378631755857069617e-03
2.374694653588943060e-03
2.370886219705815607e-03
2.367090287077992534e-03
2.363429557452010558e-03
2.359891555677509460e-03
2.356448523483344049e-03
2.353096183453637531e-03
2.349850604427507293e-03
2.346723636915877022e-03
2.343687347599418980e-03
2.340715140262629359e-03
2.337644166872445816e-03
2.334876477982636596e-03
2.332205435934662022e-03
2.329565609552804086e-03
2.327073955895723502e-03
2.324663038732213433e-03
2.322276642472166468e-03
2.320013610354384765e-03
2.317858140634157862e-03
2.315717723817231535e-03
2.313617642731872516e-03
2.311684138699685465e-03
2.309808820487907650e-03
2.308044521049643083e-03
2.306360619402666665e-03
2.304527781617018295e-03
2.302834073265495798e-03
2.301155410149586644e-03
2.299604995785783923e-03
2.298098747833280265e-03
2.296644032339658758e-03
2.295247946938456293e-03
2.293286405250940727e-03
2.291929044374588914e-03
2.290679297089059843e-03
2.289484246051307851e-03
2.288337208946573248e-03
2.287130492326687296e-03
2.286077900170100860e-03
2.285077306856059601e-03
2.284117350691031775e-03
2.283157502088563502e-03
2.282270432648444286e-03
2.281393129888955977e-03
2.280586259236715239e-03
2.279814422331453028e-03
2.279018551336185316e-03
2.278308513539537439e-03
2.277625587629870680e-03
2.276941891278199889e-03
2.276292386270608453e-03
2.275719359487688581e-03
2.275165828602450108e-03
2.274633036354924143e-03
2.274074999299205077e-03
2.273566536192593232e-03
2.273046879210689417e-03
2.272545769082797828e-03
2.272095321987283641e-03
2.271666084471218091e-03
2.271269985769467595e-03
2.270890174224506151e-03
2.270439164910530074e-03
2.270001094204315145e-03
2.269651061186506950e-03
2.269324041159261410e-03
2.268973716239791084e-03
2.268662681918380986e-03
2.268378655001386610e-03
2.268108327460711775e-03
2.267863884592338786e-03
2.267597401590552581e-03
2.266871984263352409e-03
2.266341451560280763e-03
2.266055190026295373e-03
2.265790057057434029e-03
2.265555484132534235e-03
2.265316258274862726e-03
2.265108229399963920e-03
2.264897962067509950e-03
2.264714528038442535e-03
2.264526053428841425e-03
2.264195029712021568e-03
2.264017824615523981e-03
2.263829358471528691e-03
2.263681619689932208e-03
2.263525865068550819e-03
2.263379294491883829e-03
2.263234866112450675e-03
2.263095382340444585e-03
2.262988974853129710e-03
2.262896455652988782e-03
2.262802835027649413e-03
2.262716466148633702e-03
2.262634377615793582e-03
2.262565729903269571e-03
2.262490842560808697e-03
2.262424835193783349e-03
2.262334172728683312e-03
2.262270485377197889e-03
2.262207743430906699e-03
2.261905028610971050e-03
2.261840343642230761e-03
2.261784258191686537e-03
2.261738459937576856e-03
2.261692497740704164e-03
2.261654854674249437e-03
2.261621558208038504e-03
2.261588492142745967e-03
2.261559177983442446e-03
2.261515199458530388e-03
2.261487027184502872e-03
2.261457769786258312e-03
2.261441596503602908e-03
2.261426593207290989e-03
2.261408732714187842e-03
2.261388089585088940e-03
2.261370712711670457e-03
2.261355732993242974e-03
2.261338108148122725e-03
2.261324790583769777e-03
2.261318832779260490e-03
2.261305936295218786e-03
2.261296466641668761e-03
2.261290827324373073e-03
2.261288534214476228e-03
2.261283379780785596e-03
2.261277704071920028e-03
2.261275183274173706e-03
2.261272992691402972e-03
2.261266709573582240e-03
2.261265450589822982e-03
2.261257984798492778e-03
2.261256300957398876e-03
2.261251065345652646e-03
2.261249629466969766e-03
2.261247916247093471e-03
2.261242039943279266e-03
2.261236919675272804e-03
2.261234825099605380e-03
2.261219824906507327e-03
2.261217020149343827e-03
2.261214362870565733e-03
2.261210803819847098e-03
2.261208506336252234e-03
2.261207937997194561e-03
2.261204960617109461e-03
2.261201257529364163e-03
2.261191207324601132e-03
2.261187240457221848e-03
2.261180470215388549e-03
2.261174662016536552e-03
2.261172244735737413e-03
2.261170408966254805e-03
2.261166903834118877e-03
2.261160260635031692e-03
2.261154686522810851e-03
2.261153488428513901e-03
2.261149659512244788e-03
2.261138257778812395e-03
2.261116255409191273e-03
2.261111168431715300e-03
2.261106053891197634e-03
2.261104097515647358e-03
2.261085953098504551e-03
2.261081535846510247e-03
2.261075705754048062e-03
2.261066900716921999e-03
2.261051127476867203e-03
2.261037846772923944e-03
2.261027438558744097e-03
2.261005921277756733e-03
2.260981738406684770e-03
2.260976295563334702e-03
2.260968357756182670e-03
2.260957559247337746e-03
2.260953806713855447e-03
2.260937073681573619e-03
2.260929190666666547e-03
2.260924997297500752e-03
2.260902894412170159e-03
2.260845999423624197e-03
2.260832063017909847e-03
2.260785059269600911e-03
2.260785912828447777e-03
2.260290269214080151e-03
2.260540923805570788e-03
2.260914687616844259e-03
2.261552784339600653e-03
2.263274215899121512e-03
2.269489728567260743e-03
2.271527583242514362e-03
2.276482490763221973e-03
2.295104018275561254e-03
2.364698448885973678e-03
2.501247606864421841e-03
2.783434576036754749e-03
3.207929784163233468e-03
3.429453674680231230e-03
4.244095234508853121e-03
5.266506012193953104e-03
6.110099789316222538e-03
8.177872392607759763e-03
1.060058352189620530e-02
1.432555523476256032e-02
1.968920372934664445e-02
2.847348587032445463e-02
3.580102752990924758e-02
4.966038537694925786e-02
7.404566318017323512e-02
1.465427085320745171e-01
8.778612767729373489e-01
8.971119269572494030e+08
8.971119268632876873e+08
8.971119267693254948e+08
8.971119266753647327e+08
8.971119265814040899e+08
8.971119264874442816e+08
8.971119263934854269e+08
8.971119262995270491e+08
8.971119262055697441e+08
8.971119261116125584e+08
8.971119260176556110e+08
8.971119259236987829e+08
8.971119258297437429e+08
8.971119257357895374e+08
8.971119256418349743e+08
8.971119255478821993e+08
8.971119254539288282e+08
8.971119253599765301e+08
8.971119252660249472e+08
8.971119251720740795e+08
8.971119250781232119e+08
8.971119249841737747e+08
8.971119248902244568e+08
8.971119247962758541e+08
8.971119247023280859e+08
8.971119246083805561e+08
8.971119245144337416e+08
8.971119244204881191e+08
8.971119243265427351e+08
8.971119242325968742e+08
8.971119241386529207e+08
8.971119240447092056e+08
8.971119239507666826e+08
8.971119238568241596e+08
8.971119237628823519e+08
8.971119236689420938e+08
8.971119235750006437e+08
8.971119234810602665e+08
8.971119233871215582e+08
8.971119232931830883e+08
8.971119231992450953e+08
8.971119231053071022e+08
8.971119230113703012e+08
8.971119229174340963e+08
8.971119228234981298e+08
8.971119227295638323e+08
8.971119226356287003e+08
8.971119225416953564e+08
8.971119224477624893e+08
8.971119223538302183e+08
8.971119222598984241e+08
8.971119221659671068e+08
8.971119220720366240e+08
8.971119219781062603e+08
8.971119218841766119e+08
8.971119217902482748e+08
8.971119216963196993e+08
8.971119216023931503e+08
8.971119215084660053e+08
8.971119214145398140e+08
8.971119213206143379e+08
8.971119212266895771e+08
8.971119211327645779e+08
8.971119210388410091e+08
8.971119209449176788e+08
8.971119208509949446e+08
8.971119207570729256e+08
8.971119206631522179e+08
8.971119205692311525e+08
8.971119204753109217e+08
8.971119203813915253e+08
8.971119202874726057e+08
8.971119201935538054e+08
8.971119200996367931e+08
8.971119200057199001e+08
8.971119199118034840e+08
8.971119198178874254e+08
8.971119197239725590e+08
8.971119196300579309e+08
8.971119195361440182e+08
8.971119194422307014e+08
8.971119193483184576e+08
8.971119192575366497e+08
