4.077453090131445412e-01
4.079239390186327197e-01
4.082803716485983725e-01
4.088132880758437726e-01
4.095214347099520591e-01
4.104042097614333251e-01
4.114620787638979538e-01
4.126966774353043599e-01
4.141105687888501086e-01
4.157067418820020177e-01
4.174880303895247002e-01
4.194566587240559641e-01
4.216140810913092674e-01
4.239611786519453807e-01
4.264987557290306208e-01
4.292281700693746371e-01
4.321518810593360516e-01
4.352737217614816578e-01
4.385987891372387648e-01
4.421329723470641127e-01
4.458822589438414807e-01
4.498520319636128972e-01
4.540465720092347057e-01
4.584689066860301865e-01
4.631210294548329665e-01
4.680043822469137638e-01
4.731204051650395037e-01
4.784709343717338248e-01
4.840582846256964999e-01
4.898849677081812404e-01
4.959531326570373322e-01
5.022639206761556618e-01
5.088169676130938068e-01
5.156102431552272991e-01
5.226403002760446892e-01
5.299028581748853606e-01
5.373935074613005458e-01
5.451082546028319653e-01
5.530436410603253305e-01
5.611962787870862224e-01
5.695618055484320541e-01
5.781334285754953228e-01
5.869003387945420647e-01
5.958463023641356049e-01
6.049486639714684033e-01
6.141778533925250638e-01
6.234973245650923257e-01
6.328637341577009190e-01
6.422271309833011976e-01
6.515309954274955961e-01
6.607121185677736763e-01
6.697004904321437468e-01
6.784195067287083214e-01
6.867868422360234870e-01
6.947162462931507632e-01
7.021203047284708676e-01
7.089139392997573230e-01
7.150181639714995319e-01
7.203634726925634002e-01
7.248922548874179306e-01
7.285598332558490542e-01
7.313340479286810636e-01
7.331936799850229391e-01
7.341263055516662472e-01
