1.315541923690725802e-05
5.911102927270046881e-04
1.202608212778868285e-03
1.823105486786327821e-03
2.487781407484889254e-03
3.178637266963367861e-03
3.874401864963082035e-03
4.576711447657775232e-03
5.279839153439340807e-03
6.005874305653332960e-03
6.740908811822920836e-03
7.472670825645022670e-03
8.224067793552067643e-03
8.972192269111623972e-03
9.716226129236824050e-03
1.043571629675585019e-02
1.114866147957989904e-02
1.188942284735761135e-02
1.258600556844421611e-02
1.328667890496518234e-02
1.396689916431433608e-02
1.464957379292407616e-02
1.532161282140448097e-02
1.601246868088294570e-02
1.673359509457568797e-02
1.743917716961786157e-02
1.815457672170250544e-02
1.887570313539525466e-02
1.959601142600113366e-02
2.029995725486956337e-02
2.104153674573412333e-02
2.176348128251373581e-02
2.250751514263891681e-02
2.325482149511157171e-02
2.398903787819427896e-02
2.474288921536191635e-02
2.549019556783457124e-02
2.624404690500222251e-02
2.699217138056175455e-02
2.774438647155565152e-02
2.849905593181014871e-02
2.925781600749901429e-02
3.001903045244845233e-02
3.077369991270293911e-02
3.153655060382617309e-02
3.229449255642814764e-02
3.305407075520386956e-02
3.380301335385023365e-02
3.455195595249658386e-02
3.532298787448850258e-02
3.606702173461363153e-02
3.684378051821365907e-02
3.759599560920751093e-02
3.837275439280753153e-02
3.913887757627819430e-02
3.988045706714270916e-02
4.065721585074270894e-02
4.143152026508213626e-02
4.219191658694473185e-02
4.294740417028608537e-02
4.372416295388611290e-02
4.447310555253248393e-02
4.523595624365571444e-02
4.600862441182139440e-02
4.676738448751023569e-02
4.753187142480720662e-02
4.828981337740918811e-02
4.905511843779301884e-02
4.981224226730813359e-02
5.057918357386575331e-02
5.133548928029400826e-02
5.209261310980912302e-02
5.285628192401922720e-02
5.362567759983744714e-02
5.438034706009196168e-02
5.514074338195456421e-02
5.589623096529594548e-02
5.666562664111421399e-02
5.741784173210816994e-02
5.818232866940521025e-02
5.893127126805168536e-02
5.969248571300126566e-02
6.045288203486393758e-02
6.121900521833469749e-02
6.198267403254489188e-02
6.276106906231875004e-02
6.353046473813706019e-02
6.427695296752292120e-02
6.504307615099370887e-02
6.580101810359578751e-02
6.657368627176159237e-02
6.733408259362427817e-02
6.809938765400823379e-02
6.887451019143460418e-02
6.962590715934167951e-02
7.040184781985492357e-02
7.115897164937015629e-02
7.193000357136217215e-02
7.269121801631173163e-02
7.344588747656630168e-02
7.419973881373401192e-02
7.496831636646542063e-02
7.574671139623931349e-02
7.651937956440513222e-02
7.729041148639716197e-02
7.804180845430426505e-02
7.881529474555692971e-02
7.957241857507213467e-02
8.033772363545607642e-02
8.111939115757743624e-02
8.188715058722198514e-02
8.265409189377967425e-02
8.341203384638175289e-02
8.418879262998188451e-02
8.494182584406269332e-02
8.575458204348525293e-02
8.652315959621664776e-02
8.728601028733996847e-02
8.804640660920265427e-02
8.882971037749778920e-02
8.960156042257670650e-02
9.037913732926369792e-02
9.115507798977699749e-02
9.191629243472655697e-02
9.268568811054482548e-02
9.344526630932066535e-02
9.422857007761578640e-02
9.498160329169659521e-02
9.574772647516743840e-02
9.652366713568068246e-02
9.728733594989086297e-02
9.812299959574581620e-02
9.883185416313557126e-02
9.958406925412950639e-02
1.003191037602991775e-01
1.010336851892970206e-01
1.016558187094783322e-01
1.024113062928197621e-01
1.030399847976960076e-01
1.034641325308541665e-01
1.040265430656937690e-01
1.045079594149329882e-01
1.050122832106045456e-01
1.055264244833186704e-01
1.060397476329459077e-01
1.066520636760846935e-01
1.071621143333644083e-01
1.076525300365592241e-01
1.081175839240609698e-01
1.086096358734295331e-01
1.091442302233154305e-01
1.096829151886357517e-01
1.102273270155640916e-01
1.107218333341932759e-01
1.112891526075540927e-01
1.117828408030964171e-01
1.123174351529823145e-01
1.128184864563065021e-01
1.133686251448430549e-01
1.139694874647657896e-01
1.145228986456496983e-01
1.149944975178464335e-01
1.155331824831666993e-01
1.163001237897244577e-01
1.168625343245640880e-01
1.174134911361874589e-01
1.179538123476814721e-01
1.185350397135191275e-01
1.190344547706695816e-01
1.195248704738645362e-01
1.200930078703121850e-01
1.205654248655957383e-01
1.210525680764432260e-01
1.216027067649797649e-01
1.221757528999486975e-01
1.228608818978191575e-01
1.234093843401819629e-01
1.239308887206779924e-01
1.243828526387899119e-01
1.250041680358843776e-01
1.254986743545134786e-01
1.259997256578375968e-01
1.265326837615498301e-01
1.270525518958720845e-01
1.275994180920611287e-01
1.281274674572522032e-01
1.287815077778215744e-01
1.293668257590936399e-01
1.300077761102730323e-01
1.309825206808963582e-01
1.314827538611336721e-01
1.320418919036258354e-01
1.327801989021429319e-01
1.334538741767971326e-01
1.343222627461270469e-01
1.349231250660496984e-01
1.354438113234588403e-01
1.360700354590744787e-01
1.367175307949488605e-01
1.373658442539101299e-01
1.380796075598211270e-01
1.389561773600197225e-01
1.397067562048400491e-01
1.403632508946699164e-01
1.411899151865692870e-01
1.418635904612235155e-01
1.424243647498893983e-01
1.429679584537310866e-01
1.438118033304546239e-01
1.444936598359775892e-01
1.453031435430527929e-01
1.458271022928092908e-01
1.464615076592936660e-01
1.472382664428939225e-01
1.478260387934266784e-01
1.484555354213897282e-01
1.491382100499996088e-01
1.496376251071500629e-01
1.503202997357600268e-01
1.508769834089914164e-01
1.514541201593947450e-01
1.520860711566185686e-01
1.528571030786107232e-01
1.535119615222668987e-01
1.540154671948516796e-01
1.548511308407065357e-01
1.555370779616638555e-01
1.565568193020650811e-01
1.574309347330028752e-01
1.582346915784698382e-01
1.589787254385950366e-01
1.596843075136374079e-01
1.603285303571642673e-01
1.608893046458300946e-01
1.615695249051794236e-01
1.623274668577813218e-01
1.632498515508447323e-01
1.642515941833347648e-01
1.649007257653828107e-01
1.656627583334194243e-01
1.665728711801794104e-01
1.673275406404340637e-01
1.683129208111865949e-01
1.690250478709237891e-01
1.698410765626938712e-01
1.705744748226896701e-01
1.715377656700967091e-01
1.720936312202413776e-01
1.729227498814012720e-01
1.736602387568315364e-01
1.745081742489895393e-01
1.753487466333656375e-01
1.758497979366899500e-01
1.766535547821567187e-01
1.773836805498051616e-01
1.780385389934614204e-01
1.789609236865248587e-01
1.795617860064473992e-01
1.801773745419336659e-01
1.810580349575666437e-01
1.816359898310567489e-01
1.823170282134928266e-01
1.829972484728421278e-01
1.837273742404905152e-01
1.846571220413358860e-01
1.854412439327177975e-01
1.864069891493855269e-01
1.870863912856477740e-01
1.878713313001166563e-01
1.885490971902051560e-01
1.892988579119384285e-01
1.903496879296407429e-01
1.912761632381385080e-01
1.919138410969702391e-01
1.925866982485376355e-01
1.931924693069814181e-01
1.940903103074385905e-01
1.947729849360485266e-01
1.955890136278186642e-01
1.966259355530441955e-01
1.972374334730960244e-01
1.981279113657714031e-01
1.991615607986494396e-01
2.001469409694020540e-01
2.009384259685660645e-01
2.019172611546235785e-01
2.030081792035825228e-01
2.037947554642250969e-01
2.042761718134641635e-01
2.051216529363616148e-01
2.061070331071142292e-01
2.068306138900677105e-01
2.078438102457740300e-01
2.089052758636057716e-01
2.098276605566692099e-01
2.106502342331343092e-01
2.113770875084352574e-01
2.121464831842534982e-01
2.127947966432146010e-01
2.134103851787008954e-01
2.140578805145750274e-01
2.147168295736654742e-01
2.154862252494837427e-01
2.165411458826205504e-01
2.175273441764601079e-01
2.183981871150505738e-01
2.193009368540291271e-01
2.202396840088298724e-01
2.209894447305633114e-01
2.216639381283044274e-01
2.222508923557502125e-01
2.229941080927886066e-01
2.238174998923404269e-01
2.247636101549232157e-01
2.257072660482450643e-01
2.267998203433776727e-01
2.274759499872920920e-01
2.280522686146082278e-01
2.287799400129956195e-01
2.296278755051532339e-01
2.305600776752587677e-01
2.315740921540515307e-01
2.325913791251918716e-01
2.335203088029497165e-01
2.342733420170300673e-01
2.353339895117746439e-01
2.362931897437471063e-01
2.372826605299336034e-01
2.380217856515368935e-01
2.387641832654880114e-01
2.396890223278115295e-01
2.402735221859965131e-01
2.408490226902260389e-01
2.414417037792796483e-01
2.420769272688506057e-01
2.429641326691780734e-01
2.438038869304668677e-01
2.447933577166532815e-01
2.455782977311220250e-01
2.463640558686776005e-01
2.470990903748469525e-01
2.478758491584465151e-01
2.484308965855039353e-01
2.493851880789550446e-01
2.503623870188386724e-01
2.511383276793516250e-01
2.522235188667020234e-01
2.530321844506896456e-01
2.539087542508879913e-01
2.548515920211228969e-01
2.558083378838345578e-01
2.566489102682101286e-01
2.575001182527152377e-01
2.583194194368323426e-01
2.593195258231482114e-01
2.602983610092055589e-01
2.610677566850236331e-01
2.620850436561639185e-01
2.630933312733483298e-01
2.640958920289247502e-01
2.647450236109727406e-01
2.655086924251827130e-01
2.664482577030699573e-01
2.672413789484072155e-01
2.679093273614530091e-01
2.685584589435006664e-01
2.693843051123127608e-01
2.701741538653025798e-01
2.712020764365721814e-01
2.722799045161408693e-01
2.730394827149164594e-01
2.737753353441724213e-01
2.747173549913203838e-01
2.755669267296517733e-01
2.765326719463191973e-01
2.774346035622104467e-01
2.781606387144239245e-01
2.791026583615717760e-01
2.801174909634512322e-01
2.811151429805065494e-01
2.821856079522938043e-01
2.831889868309571678e-01
2.841416420782343355e-01
2.850493005557334647e-01
2.858121512468564940e-01
2.868498912951685242e-01
2.878475433122240079e-01
2.887944716978931847e-01
2.897266738679985520e-01
2.905214313595095299e-01
2.913840930672310092e-01
2.923367483145085099e-01
2.932002281453168768e-01
2.938853571431871425e-01
2.949067347297616437e-01
2.959837446862434995e-01
2.968210445782715201e-01
2.976395276393020706e-01
2.985750023017549326e-01
2.994499358557793367e-01
3.002054234391203225e-01
3.011998029638278673e-01
3.021328232570200112e-01
3.031509283512470732e-01
3.041052198446982935e-01
3.051315061697940645e-01
3.061447025255000787e-01
3.068772826624089345e-01
3.076605864307035976e-01
3.086656015555404031e-01
3.095135370476977954e-01
3.104571929410193665e-01
3.114384824963366549e-01
3.124369526364787486e-01
3.131490796962159706e-01
3.138203006016089813e-01
3.148310425880544994e-01
3.157877884507661603e-01
3.166676307433120008e-01
3.172701293094079555e-01
3.181278822786081095e-01
3.187933763223932404e-01
3.196355849529429749e-01
3.206111476466529941e-01
3.215507129245400719e-01
3.223037461386207836e-01
3.231083211071743011e-01
3.240724300776675060e-01
3.250700820947229341e-01
3.261920888209821623e-01
3.271701058839528442e-01
3.280712193767573726e-01
3.288659768682684059e-01
3.297474554069877994e-01
3.304489468665950946e-01
3.312469768504534007e-01
3.321865421283408670e-01
3.331261074062283334e-01
3.341147600693274988e-01
3.351443188867712086e-01
3.361673327195195404e-01
3.372148902448737773e-01
3.382362678314482785e-01
3.391848324632910638e-01
3.400851278330085936e-01
3.411367759737972127e-01
3.421728797759355234e-01
3.430952644689986286e-01
3.439800155000655169e-01
3.445416079118174824e-01
3.450852016156581437e-01
3.459053209228622472e-01
3.465969949054271138e-01
3.476257355997834919e-01
3.485955714318849097e-01
3.495768609872028088e-01
3.504706113722255156e-01
3.512530970174336242e-01
3.521885716798865418e-01
3.530618689877369487e-01
3.537600879549966937e-01
3.545810253852875182e-01
3.555745867869083421e-01
3.565427863728360958e-01
3.573923581111677628e-01
3.583867376358754187e-01
3.593246666675891654e-01
3.602012364677872891e-01
3.611170761761551273e-01
3.621114557008630053e-01
3.629593911930206196e-01
3.637909642234410379e-01
3.644163702359696222e-01
3.652929400361679679e-01
3.661654192209317094e-01
3.667826440025914181e-01
3.675225872472820399e-01
3.683312528312698841e-01
3.693133605096743377e-01
3.702341089565638343e-01
3.711450399264106803e-01
3.720436990499543795e-01
3.729979905434056553e-01
3.739940063142867532e-01
3.748640311297900540e-01
3.757070578834263985e-01
3.764568186051595600e-01
3.772761197892767204e-01
3.781232371583477803e-01
3.790947092366231397e-01
3.800220026682071817e-01
3.809427511150964007e-01
3.818405921155529348e-01
3.825510829291159376e-01
3.833679297439728240e-01
3.842551351443000418e-01
3.850629826052013316e-01
3.859493698824418839e-01
3.867883060206437351e-01
3.876067890816741190e-01
3.883941180155562334e-01
