2.376120252901620447e-03
1.630214766182846824e-03
1.275749560921698913e-03
1.039157163739286641e-03
8.666622884791442497e-04
7.276083847004524057e-04
6.148523710674495954e-04
5.227763296506275116e-04
4.476529395407041778e-04
3.864402508589053647e-04
3.355570460620440438e-04
2.926850646872723510e-04
2.567830982959289163e-04
2.270704892066801900e-04
2.024090745914655654e-04
1.818638075556096669e-04
1.648537044806427010e-04
1.509469066500837054e-04
1.396344260368958645e-04
1.306550600409021564e-04
1.233949043482765267e-04
1.173845829675477159e-04
1.121697199739946375e-04
1.073895125288062860e-04
1.031905730661449185e-04
9.938777137955891758e-05
9.592948765573546357e-05
9.271251872175692989e-05
8.966871918285338947e-05
8.689733328346685610e-05
8.429846331645608119e-05
8.174505440422894919e-05
7.931462098563290359e-05
7.699466747245933124e-05
7.480513704347036203e-05
7.268920681563689008e-05
7.065843087774548409e-05
6.873091748440507387e-05
6.684792241956125764e-05
6.502232604446459507e-05
6.326881071018986230e-05
6.156993872855711953e-05
5.991497237343873538e-05
5.828185680314338767e-05
5.668773086220034419e-05
5.516117315584665836e-05
5.365961349529622677e-05
5.219008645945597517e-05
5.077181111254180240e-05
4.937418401165337959e-05
4.802415171285554841e-05
4.668772445271985477e-05
4.540644470411980675e-05
4.414571933292164987e-05
4.291123473336991089e-05
4.168275272667834288e-05
4.047030145502654701e-05
3.930227631879076248e-05
3.816307057314093234e-05
3.705144238241897433e-05
3.597321384733252449e-05
3.490368514347147216e-05
3.386724020382889984e-05
3.285094902774031704e-05
3.187358727903283627e-05
3.090994603257827574e-05
2.996296801197382721e-05
2.903444092315983057e-05
2.814255580877164650e-05
2.727129058587625065e-05
2.641628315044138283e-05
2.558186654767443443e-05
2.476360030502342650e-05
2.397203879189026973e-05
2.319842669659978991e-05
2.245226272074202334e-05
2.171801519603837473e-05
2.100301351174787832e-05
2.030298160326821861e-05
1.961902304876293727e-05
1.896105036775228350e-05
1.832576737051905836e-05
1.770044885325743538e-05
1.710175421892386481e-05
1.651264445302099486e-05
1.594404377497468496e-05
1.539625070237094154e-05
1.486212178631368215e-05
1.434097365611293378e-05
1.384240449257386441e-05
1.336025187198145476e-05
1.289031398217860046e-05
1.243991463211265436e-05
1.200230139488794382e-05
1.158169697198307208e-05
1.117849280121961810e-05
1.079005569883133515e-05
1.041276231429535864e-05
1.004787249624792076e-05
9.698774985349351536e-06
9.366421899060094173e-06
9.045043137137827400e-06
8.743767638950657859e-06
8.455203988383999444e-06
8.180790389875869611e-06
7.921060703005741745e-06
7.672940865031089661e-06
7.417704467122004449e-06
7.190657789268698877e-06
6.979852871679176118e-06
6.781798763259427430e-06
6.596345989452024762e-06
6.420264711251355930e-06
6.256255493877980933e-06
6.110485406488389016e-06
5.962130692141741654e-06
5.832774166674182290e-06
5.713578400486566449e-06
5.585435185654509104e-06
5.475200807840754496e-06
5.380073872824533678e-06
5.297375352117067411e-06
5.225842708124829288e-06
5.161720126978796983e-06
5.106031373158440153e-06
5.058141618639718981e-06
5.018688763700756196e-06
4.978056226075376678e-06
4.949731470004986732e-06
4.929529067456736756e-06
4.913351924930327552e-06
4.899192719613084129e-06
4.890324242626475793e-06
4.880605681732106752e-06
4.874684227920860928e-06
4.869995023143520638e-06
4.867860012766360482e-06
4.863465977069387071e-06
4.860086063782398627e-06
4.860046582807465334e-06
4.859877905486707298e-06
4.859624443643975292e-06
4.859493773657081555e-06
4.859452826494575333e-06
4.859351262179307589e-06
4.856947304447936115e-06
4.856689700133798097e-06
4.856540223974581615e-06
4.856277332526778184e-06
4.856172229004246321e-06
4.856112923602830332e-06
4.856044329078649490e-06
4.855332972234607462e-06
4.855227181660537400e-06
4.854988144137792226e-06
4.854830108413594367e-06
4.854355070853790917e-06
4.854166114922883631e-06
4.853819711760456909e-06
4.853711170383754497e-06
4.853478279645704093e-06
4.853332285265399020e-06
4.852595837212916940e-06
4.845848432444896195e-06
4.845485046100307960e-06
4.845147119250868213e-06
4.844370400914182261e-06
4.843992527862215392e-06
4.843556935421467337e-06
4.843333698716658397e-06
4.843013749706617597e-06
4.842582859097555952e-06
4.842424744414213064e-06
4.840820589429609530e-06
4.840467368994960337e-06
4.840287392326622743e-06
4.840007691407248659e-06
4.839756029358465477e-06
4.839646081013259434e-06
4.839598967917607273e-06
4.839367662576788354e-06
4.838863276359073928e-06
4.837940442271395117e-06
4.837725579949090259e-06
4.837337886716342372e-06
4.837004359805783983e-06
4.834825211068303825e-06
4.834106513964060108e-06
4.833870940575475496e-06
4.833747626261203527e-06
4.833453139536111635e-06
4.833071888377554803e-06
4.832745546463884538e-06
4.832476136843954556e-06
4.832271703253908120e-06
4.831555798489839575e-06
4.831225985951025019e-06
4.830970206832795719e-06
4.830661503490216062e-06
4.830344378945483573e-06
4.830039427802835936e-06
4.829697444021079416e-06
4.829430860163123733e-06
4.828823788266224719e-06
4.828466319908741758e-06
4.827752158760792348e-06
4.824919034476494545e-06
4.823821927874383543e-06
4.823563515175464325e-06
4.823123364103013691e-06
4.823124712203095100e-06
4.822741105046079370e-06
4.822591498493121904e-06
4.822378772717418542e-06
4.821922814005325626e-06
4.821444676456220391e-06
4.821051269310193244e-06
4.820641604243710643e-06
4.819926904380837429e-06
4.819728991467185700e-06
4.819447715503774906e-06
4.819162579569651945e-06
4.818411083460381011e-06
4.816962330844968030e-06
4.816238266949284484e-06
4.815962371163506275e-06
4.815629080937565239e-06
4.815527395698910868e-06
4.815285633242355775e-06
4.815059955215381388e-06
4.814518602871177363e-06
4.814162993053555684e-06
4.813667160440532153e-06
4.813034595069232812e-06
4.812534972510535025e-06
4.812168285610928763e-06
4.810473276328296398e-06
4.810443230907973624e-06
4.809689435491290742e-06
4.806633387102590036e-06
4.806240799225893644e-06
4.805747768262933486e-06
4.805704912763045849e-06
4.805214053361060722e-06
4.805001506334407665e-06
4.804582055990315707e-06
4.804474465397489194e-06
4.803796292250466966e-06
4.803315711266065072e-06
4.802508143457908310e-06
4.801083475431924077e-06
4.800677477392295664e-06
4.799611481635705216e-06
4.799290113200929738e-06
4.798810606443617674e-06
4.798207784600770332e-06
4.798213583418736564e-06
4.797326671299462230e-06
4.796479206182289860e-06
4.795083009989791599e-06
4.794767229236817548e-06
4.794369839667156780e-06
4.794068237393166705e-06
4.793805570481143765e-06
4.793782799910069693e-06
4.792296848532560371e-06
4.792192966070023941e-06
4.791578473308288807e-06
4.791044362636354829e-06
4.789237956433524029e-06
4.788448929295335513e-06
4.788261780356159800e-06
4.786190948410380478e-06
4.785457864779731738e-06
4.784313323318050947e-06
4.781074113611978195e-06
4.780581876941512192e-06
4.779693837384222339e-06
4.779351305886844555e-06
4.779125963144103982e-06
4.777938880299688761e-06
4.777484828021545996e-06
4.777428294868553226e-06
4.777185680632775450e-06
4.776876787672358370e-06
4.776631575124654464e-06
4.776578628022213558e-06
4.776067325543838194e-06
4.775373412237694128e-06
4.774881314617279066e-06
4.774490007893969212e-06
4.773348021702202303e-06
4.773290158322584643e-06
4.773141526157904895e-06
4.773133926938234381e-06
4.772874038499406099e-06
4.772051228428902882e-06
4.771013561541771694e-06
4.769940861147076844e-06
4.768068246591128560e-06
4.766850438087335072e-06
4.765753316746662746e-06
4.765290568545736147e-06
4.765265758301451844e-06
4.764145368907153738e-06
4.762872581278387673e-06
4.762688670955832562e-06
4.761098870987206273e-06
4.759577057224625751e-06
4.758144165091860124e-06
4.754726446501662025e-06
4.753404092334673843e-06
4.752934810831708972e-06
4.752200329583719870e-06
4.752236580463619385e-06
4.752082956470231402e-06
4.750319871196359017e-06
4.749845209436319188e-06
4.748662083857694285e-06
4.747600107782515023e-06
4.746730921896428150e-06
4.746538079592345344e-06
4.746472507783248514e-06
4.745982690941248060e-06
4.744823700135151599e-06
4.744861009931037862e-06
4.744762789910336262e-06
4.744324026837678482e-06
4.743509125433898079e-06
4.741548735154273195e-06
4.741399036955918539e-06
4.740038158516847719e-06
4.737540805877159856e-06
4.734782289875286990e-06
4.733655117403648276e-06
4.733120764046265773e-06
4.732555242188063621e-06
4.732485484986997807e-06
4.731513972979643370e-06
4.729946312171833857e-06
4.727401363249966848e-06
4.726811886446713660e-06
4.724221913294240391e-06
4.723816823911260200e-06
4.723063961881628913e-06
4.721330408507680410e-06
4.721232101903328540e-06
4.720385611369907069e-06
4.718394865296567317e-06
4.717686806522062353e-06
4.717186657702782078e-06
4.715725703701425626e-06
4.714920650334138091e-06
4.713817975809966957e-06
4.713582214561774409e-06
4.713418756227427827e-06
4.712745415960763950e-06
4.712006119084435436e-06
4.711764233708939150e-06
4.711131473589710072e-06
4.695662355522524164e-06
4.693433999795376658e-06
4.692874287836960032e-06
4.691041100869431963e-06
4.690374471458869356e-06
4.688774881087265299e-06
4.688380060529571733e-06
4.686886291039999756e-06
4.686778409338562976e-06
4.686623825913667837e-06
4.684449139329705082e-06
4.683331049500106029e-06
4.682665365399916134e-06
4.681325080048856752e-06
4.680437455524133116e-06
4.679232864914576855e-06
4.677383370894888530e-06
4.676879381845955223e-06
4.676728851688384726e-06
4.676103546954364676e-06
4.676124637258186136e-06
4.674604166218400849e-06
4.673679602357404015e-06
4.671809142913415999e-06
4.670655697752249680e-06
4.669506079233504603e-06
4.669009288366130331e-06
4.668905856162118247e-06
4.667115749097220771e-06
4.665112146590587196e-06
4.664792130699708335e-06
4.664257015429764185e-06
4.663664189404784692e-06
4.662695701461731872e-06
4.662660880155329563e-06
4.662594875574823014e-06
4.660102227559109717e-06
4.658455347124237996e-06
4.658229201019537744e-06
4.657986009690330671e-06
4.656609349930032382e-06
4.656559766836769846e-06
4.656074447772785785e-06
4.655198874062941179e-06
4.654672333752106807e-06
4.654138612116568600e-06
4.654065365407639349e-06
4.650734272464418021e-06
4.635219991556167224e-06
4.635272689787380481e-06
4.632515973333240056e-06
4.631569790536751802e-06
4.631450537479759541e-06
4.630494994551753256e-06
4.628515166576768435e-06
4.622918372142690717e-06
4.620825541176452299e-06
4.620416907924935706e-06
4.618823125290373551e-06
4.608784455232011503e-06
4.606854705350245804e-06
4.600927705369457440e-06
4.599067746537943250e-06
4.597853379394534423e-06
4.598024581398739889e-06
4.581796310387854131e-06
4.565878308726323410e-06
4.564968144444498305e-06
4.564568094235331989e-06
4.564306748100232786e-06
4.562494871539015843e-06
4.559914848474813454e-06
4.555689496422053936e-06
4.553955788515391666e-06
4.546382093204928133e-06
4.543278266416390299e-06
4.542454611027609799e-06
4.541233859501399390e-06
4.539047421554586397e-06
4.537516881218964692e-06
4.537106734601232680e-06
4.535270197682868439e-06
4.536201509994176278e-06
4.535923440065809761e-06
4.533871170183782580e-06
4.532065804995433360e-06
4.531402783862481103e-06
4.530735642395638923e-06
4.528711343596233804e-06
4.510387772274387166e-06
4.440765172823989611e-06
4.427056985153544693e-06
4.372596894389786167e-06
4.371009895793232967e-06
4.368225276032923062e-06
4.365318779371020747e-06
4.358318652786554537e-06
4.342239292827476998e-06
4.338610586813063033e-06
4.323748115260673482e-06
4.304445746959024634e-06
4.292302689710839666e-06
4.287292531165086431e-06
4.279961471408249757e-06
4.248248490238981633e-06
4.244707213672856720e-06
4.229871842691126444e-06
4.199402839972360582e-06
4.161558819165261111e-06
4.161669009770790692e-06
4.127508890125075991e-06
4.123231570333108975e-06
4.040357657521447380e-06
4.002046236840911841e-06
3.981828975025950028e-06
3.823032651341423347e-06
3.809468550794110923e-06
3.760802475892927983e-06
3.767955205626245123e-06
3.766293342249696457e-06
3.724059510061096413e-06
3.718030163276200567e-06
3.718495586858079455e-06
3.711677882612778356e-06
3.684302880454899357e-06
3.657857297378869103e-06
3.627487466714745517e-06
3.608585525113437155e-06
3.599868185478693617e-06
3.616934482216296198e-06
3.679028581056277369e-06
3.710994634940472474e-06
3.729383890330763861e-06
3.679404484693174116e-06
3.650111985362053394e-06
3.735525743223984266e-06
3.810510664981916928e-06
4.024369803873099331e-06
4.368823282848355974e-06
5.431469597736936602e-06
8.234149251531760197e-06
