3.406970241081490602e-01
3.408319968890987095e-01
3.411025904333217507e-01
3.415100676940950319e-01
3.420562422774658384e-01
3.427433861620093891e-01
3.435741143119557250e-01
3.445512523545673500e-01
3.456776945481107588e-01
3.469562600000002384e-01
3.483895554509611192e-01
3.499798528775249773e-01
3.517289896561823226e-01
3.536382980744866567e-01
3.557085695894582345e-01
3.579400574701486204e-01
3.603325193938726745e-01
3.628852992902015795e-01
3.655974453554047265e-01
3.684678588138270983e-01
3.714954658040346969e-01
3.746794028333820803e-01
3.780192046819134122e-01
3.815149825358656321e-01
3.851675795685700066e-01
3.889786912168998190e-01
3.929509380630143434e-01
3.970878805384029375e-01
4.013939666131381978e-01
4.058744061816144666e-01
4.105349689401762148e-01
4.153817060668890115e-01
4.204205998173492498e-01
4.256571490600033481e-01
4.310959025761748054e-01
4.367399554074724577e-01
4.425904264068913352e-01
4.486459372194322448e-01
4.549021140057319945e-01
4.613511332168820922e-01
4.679813316026060765e-01
4.747768984504588397e-01
4.817176649599841376e-01
4.887790018727365404e-01
4.959318322720006056e-01
5.031427621162019026e-01
5.103743268435124714e-01
5.175853485082572147e-01
5.247313945499200161e-01
5.317653265567883203e-01
5.386379253076520879e-01
5.452985769432406871e-01
5.516960042802508957e-01
5.577790269577302951e-01
5.634973342102576055e-01
5.688022545095255955e-01
5.736475070285862454e-01
5.779899207989204202e-01
5.817901085010083184e-01
5.850130830190766185e-01
5.876288061760827075e-01
5.896126604285663042e-01
5.909458357310364285e-01
5.916156252656185055e-01
