1.514704919121898536e-05
5.098634376445638659e-04
1.009725134104305514e-03
1.508729279229647970e-03
1.994012603004599680e-03
2.492159196795545005e-03
2.980872725908093913e-03
3.475589114361437703e-03
3.993459388843570608e-03
4.498466393309709897e-03
5.012048911119846087e-03
5.548785314958764453e-03
6.068370692109697692e-03
6.588813620595030014e-03
7.112686754417956933e-03
7.651138260925671730e-03
8.183586908092593815e-03
8.722038414600315551e-03
9.272495639789607100e-03
9.812662248966111389e-03
1.035282885814260874e-02
1.089814077532550753e-02
1.144173758983960641e-02
1.197761644234410922e-02
1.251778305152061350e-02
1.306481007137231393e-02
1.359811626987361514e-02
1.415114614906611695e-02
1.469731561758342263e-02
1.524091243209752151e-02
1.577936393860523284e-02
1.632296075311933867e-02
1.686226981096144995e-02
1.740157886880356122e-02
1.794946343998967200e-02
1.849649045984137416e-02
1.903065420967708574e-02
1.957768122952878789e-02
2.012556580071489520e-02
2.066315975588821352e-02
2.120589901906791072e-02
2.174520807691001506e-02
2.228623223742093318e-02
2.282296864125983940e-02
2.336313525043634542e-02
2.391273492429125611e-02
2.445375908480216381e-02
2.499306814264427856e-02
2.547406370974721057e-02
2.580327269066144680e-02
2.627483519308598803e-02
2.661004703334100135e-02
2.695126173293680219e-02
2.730276704854540243e-02
2.768514421219238353e-02
2.812068955857215113e-02
2.849191855487195196e-02
2.888973164253812870e-02
2.924380961214990277e-02
2.959874513309609587e-02
2.999227046409031275e-02
3.036349946039011705e-02
3.083248930881146710e-02
3.122515708847125801e-02
3.165898733218221878e-02
3.203793429049160701e-02
3.247090698286815569e-02
3.290387967524471824e-02
3.330855317358609458e-02
3.370636626125229213e-02
3.411532751626565607e-02
3.457574185134300315e-02
3.510990560117869391e-02
3.551886685619206480e-02
3.595183954856868980e-02
3.636080080358210231e-02
3.672002408120035588e-02
3.712727023354497891e-02
3.761341110865434184e-02
3.802751767167417835e-02
3.843476382401879443e-02
3.887716958107381715e-02
3.929556390076563432e-02
3.977484436519981847e-02
4.020438685223885061e-02
4.073340529406822147e-02
4.116209022977282417e-02
4.164565845087901674e-02
4.227758305283633306e-02
4.273885493924815121e-02
4.313838312958317295e-02
4.354134152525580143e-02
4.395544808827563793e-02
4.453763471283777448e-02
4.505035967931355495e-02
4.565226998456688168e-02
4.621216027443465768e-02
4.683122160637596260e-02
4.736538535621168805e-02
4.788411318202825256e-02
4.846629980659040993e-02
4.886411289425661442e-02
4.931938192132762078e-02
4.979523218042423288e-02
5.029423632554961415e-02
5.081124904869735448e-02
5.118762335300357930e-02
5.165146789341857475e-02
5.208529813712955286e-02
5.261431657895889596e-02
5.323080525689700970e-02
5.380784657345275696e-02
5.434887073396368895e-02
5.490704592116264077e-02
5.543777946566079418e-02
5.592906564877658110e-02
5.647008980928752697e-02
5.698710253243528812e-02
5.746466789420063420e-02
5.805543003210678760e-02
5.864361951600965961e-02
5.919493429253337713e-02
5.959875023954040035e-02
6.010718744934416546e-02
6.065764467453348824e-02
6.115493371699004532e-02
6.166079827279064007e-02
6.231244655543909799e-02
6.274799190181891417e-02
6.339792508179858954e-02
6.394923985832233482e-02
6.435820111333574733e-02
6.479031625437796371e-02
6.517183586669060558e-02
6.558679998104482989e-02
6.615698088692537060e-02
6.674517037082827731e-02
6.739767620481117161e-02
6.799529875339248297e-02
6.859978171264895230e-02
6.933718512873739137e-02
7.002399301609617266e-02
7.060703719199268313e-02
7.120637484324277011e-02
7.179456432714564906e-02
7.231071949895889750e-02
7.273254402398829366e-02
7.328557390318084230e-02
7.372712210890136619e-02
7.429130015544101184e-02
7.475085693918398499e-02
7.519755045291087736e-02
7.580546361750499507e-02
7.635592084269418600e-02
7.687207601450758709e-02
7.748856469244569389e-02
7.808961744636451485e-02
7.873526286967211241e-02
7.936118461228862386e-02
7.994508633951949439e-02
8.039949781525605743e-02
8.099111750449661251e-02
8.158102209106829483e-02
8.204229397748002972e-02
8.266907327143090123e-02
8.323153621530179902e-02
8.375026404111839129e-02
8.433159311434602901e-02
8.495494220295919663e-02
8.563060192297082540e-02
8.627710489761296342e-02
8.666205471526321202e-02
8.737115893731638161e-02
8.806739988935356755e-02
8.875935308471882834e-02
8.936555114664414268e-02
8.982596548172150364e-02
9.029238267613960700e-02
9.075451211388574357e-02
9.139672733185573439e-02
9.203636989582254790e-02
9.266314918977330839e-02
9.329335868906166174e-02
9.388412082696771799e-02
9.447831317021135322e-02
9.514882758221657189e-02
9.579361545418975388e-02
9.647013272553581209e-02
9.716808878024177365e-02
9.765079945001353678e-02
9.817467258383645590e-02
9.868653999897776530e-02
9.921298578680395885e-02
9.968883604590053626e-02
1.002169969363954499e-01
1.008935142077414387e-01
1.014019514175452524e-01
1.019524086427345821e-01
1.026400740814277790e-01
1.033628991248313062e-01
1.038756240913070034e-01
1.043994972251299502e-01
1.048573389062040923e-01
1.053409071273101322e-01
1.058450565804418542e-01
1.062428696681080170e-01
1.068473526273645002e-01
1.075384482713952483e-01
1.081069140746069440e-01
1.085896247443786794e-01
1.092455607836990555e-01
1.097222685941300208e-01
1.103070278726952652e-01
1.110187047487516260e-01
1.116797860960784400e-01
1.121504910471685795e-01
1.126735066296570414e-01
1.133525965550062076e-01
1.140153930050018249e-01
1.146979131356886811e-01
1.153349830456522895e-01
1.158065455480767891e-01
1.163209856172213313e-01
1.168217048650154466e-01
1.173112759454623538e-01
1.179560638174356191e-01
1.184902275672713862e-01
1.191298701312382552e-01
1.197755155545459221e-01
1.203902891298151562e-01
1.208103985521756796e-01
1.214388929487953267e-01
1.221162677714757311e-01
1.227336140007481979e-01
1.231966009898287501e-01
1.236492973628965653e-01
1.241362957893403646e-01
1.245855619570705314e-01
1.250305403681286620e-01
1.255243992052476332e-01
1.261220217538288613e-01
1.267230745077477516e-01
1.272220786528731051e-01
1.277193676953296830e-01
1.283924547613380929e-01
1.290192340552889505e-01
1.295465373944495180e-01
1.301055701329827397e-01
1.306843265522072417e-01
1.311490286439565556e-01
1.317483662952066148e-01
1.324600431712630588e-01
1.331065461459051413e-01
1.337702001472352020e-01
1.342777798057044891e-01
1.347793566048329783e-01
1.354241444768061742e-01
1.359685988426546643e-01
1.366099565092902812e-01
1.372041488525339858e-01
1.377674693477391743e-01
1.383059208542468665e-01
1.388932527868153577e-01
1.395071688107502039e-01
1.400619137926115698e-01
1.405926473371096885e-01
1.411268110869456360e-01
1.415400600986310986e-01
1.421171014151867973e-01
1.427001455910831273e-01
1.432171583142310411e-01
1.437418889993885562e-01
1.442726225438868415e-01
1.447964956777096635e-01
1.453435226975614281e-01
1.460106069042290677e-01
1.466030841448041355e-01
1.472007066933851416e-01
1.478386341546834848e-01
1.484962852966727198e-01
1.491616544006717504e-01
1.496126356710705541e-01
1.500781953141545055e-01
1.506337978473503980e-01
1.511516681218326164e-01
1.517167037197067470e-01
1.522182805188350974e-01
1.528081851054070295e-01
1.533217676232173921e-01
1.538327774870244524e-01
1.544252547275994369e-01
1.550065838008269359e-01
1.554944397786053867e-01
1.560294610797754999e-01
1.567145538644655334e-01
1.572650110896547659e-01
1.577854540181402310e-01
1.584302418901135101e-01
1.591050440587907788e-01
1.596717947593335463e-01
1.602616993459054229e-01
1.608824757805155381e-01
1.614646624050779522e-01
1.620314131056206641e-01
1.626461866808900925e-01
1.633072680282171008e-01
1.638251383026994024e-01
1.643318604098344127e-01
1.648660241596700271e-01
1.654336324115474044e-01
1.660827080401927891e-01
1.666914787561212530e-01
1.672436510839794555e-01
1.676946323543785922e-01
1.681550466894559115e-01
1.687509541353683640e-01
1.693734456726474213e-01
1.699693531185598183e-01
1.705901295531700723e-01
1.712040455771050018e-01
1.717596481103005057e-01
1.723529829022099613e-01
1.728871466520457700e-01
1.735499431020415817e-01
1.741261268672629203e-01
1.746920200164712444e-01
1.752407621389918957e-01
1.757680654781525742e-01
1.763391039353674195e-01
1.768972791225665586e-01
1.774220098077237684e-01
1.778944298614828223e-01
1.784483172920098004e-01
1.789953443118615928e-01
1.795080692783373733e-01
1.800456632335106499e-01
1.806604368087799117e-01
1.812417658820074939e-01
1.818582545599457256e-01
1.824515893518550702e-01
1.829634567669963519e-01
1.835190593001922721e-01
1.841201120541111902e-01
1.846517031499435579e-01
1.852313171205025866e-01
1.857989253723799083e-01
1.863965479209610532e-01
1.869547231081601091e-01
1.874631603179638117e-01
1.880702159312235278e-01
1.885812257950304216e-01
1.891634124195925304e-01
1.897027214774348047e-01
1.902934836153407083e-01
1.907899151064629262e-01
1.913438025369899875e-01
1.919465703935777090e-01
1.925493382501653750e-01
1.930980803726859707e-01
1.936571131112192201e-01
1.942950405725174523e-01
1.948875178130922703e-01
1.953968125742304718e-01
1.960098710468308469e-01
1.965946303253962857e-01
1.971982557333184227e-01
1.977547158178484532e-01
1.982854493623468495e-01
1.988616331275681604e-01
1.994232385201046842e-01
1.999796986046346592e-01
2.005498795105152277e-01
2.010454534503030299e-01
2.015864776108138579e-01
2.022192597641055412e-01
2.028040190426709521e-01
2.033750574998857974e-01
2.039572441244479617e-01
2.045471487110198661e-01
2.051199022709034314e-01
2.057158097168159394e-01
2.062413979533077590e-01
2.067807070111500334e-01
2.073320217876737093e-01
2.078687581915125704e-01
2.084457995080682968e-01
2.090125502086113418e-01
2.095913066278358716e-01
2.101151797616588879e-01
2.106141839067842692e-01
2.111672137859766929e-01
2.117485428592042473e-01
2.123135784570784335e-01
2.128931924276373788e-01
2.134230684208010265e-01
2.139666652353150733e-01
2.145282706278516804e-01
2.150821580583787418e-01
2.156343303862369720e-01
2.161633488280664539e-01
2.167000852319052873e-01
2.172471122517572184e-01
2.177838486555961350e-01
2.183291605727790963e-01
2.188573214632739405e-01
2.193889125591065303e-01
2.199342244762896581e-01
2.204829665988102816e-01
2.210377115806715087e-01
2.216061773838830795e-01
2.221566346090725064e-01
2.227019465262556341e-01
2.232438282381010164e-01
2.237857099499462044e-01
2.243155859431101018e-01
2.248514647956148804e-01
2.253813407887788334e-01
2.259163620899487523e-01
2.263450651719524920e-01
2.263450651719524920e-01
2.263450651719524920e-01
2.263450651719524920e-01
2.263450651719524920e-01
2.263450651719524920e-01
2.263450651719524920e-01
2.263450651719524920e-01
2.263450651719524920e-01
2.263450651719524920e-01
2.263450651719524920e-01
2.263450651719524920e-01
2.263450651719524920e-01
2.263450651719524920e-01
2.263450651719524920e-01
2.263450651719524920e-01
2.263450651719524920e-01
2.263450651719524920e-01
2.263450651719524920e-01
2.263450651719524920e-01
2.263450651719524920e-01
2.263450651719524920e-01
2.263450651719524920e-01
2.263450651719524920e-01
2.263450651719524920e-01
2.263450651719524920e-01
2.263450651719524920e-01
2.263450651719524920e-01
2.263450651719524920e-01
2.263450651719524920e-01
2.263450651719524920e-01
2.263450651719524920e-01
2.263450651719524920e-01
2.263450651719524920e-01
2.263450651719524920e-01
2.263450651719524920e-01
2.263450651719524920e-01
2.263450651719524920e-01
2.263450651719524920e-01
2.263450651719524920e-01
2.263450651719524920e-01
2.263450651719524920e-01
2.263450651719524920e-01
2.263450651719524920e-01
2.263450651719524920e-01
2.263450651719524920e-01
2.263450651719524920e-01
2.263450651719524920e-01
2.263450651719524920e-01
2.263450651719524920e-01
2.263450651719524920e-01
2.263450651719524920e-01
2.263450651719524920e-01
2.263450651719524920e-01
2.263450651719524920e-01
2.263450651719524920e-01
2.263450651719524920e-01
2.263450651719524920e-01
2.263450651719524920e-01
2.263450651719524920e-01
2.263450651719524920e-01
2.263450651719524920e-01
2.263450651719524920e-01
2.263450651719524920e-01
2.263450651719524920e-01
2.263450651719524920e-01
2.263450651719524920e-01
2.263450651719524920e-01
2.263450651719524920e-01
2.263450651719524920e-01
2.263450651719524920e-01
2.263450651719524920e-01
2.263450651719524920e-01
2.263450651719524920e-01
2.263450651719524920e-01
2.263450651719524920e-01
2.263450651719524920e-01
2.263450651719524920e-01
2.263450651719524920e-01
2.263450651719524920e-01
2.263450651719524920e-01
2.263450651719524920e-01
2.263450651719524920e-01
