3.042396836585675897e-03
2.317276104039167964e-03
1.818195825515262799e-03
1.443782558031924497e-03
1.141676776690175605e-03
9.071566445991570372e-04
7.250724962723924293e-04
5.873624198148886004e-04
4.838071999280581562e-04
4.063672153300530851e-04
3.505387282169803798e-04
3.088002001694575317e-04
2.753618675199344238e-04
2.502974879001163781e-04
2.316942258510982209e-04
2.152444312517065605e-04
2.003988774854380858e-04
1.879713521235963332e-04
1.769139905929620468e-04
1.668616093242054042e-04
1.574563885075859297e-04
1.489442351446046637e-04
1.408145829554093248e-04
1.335312552023561205e-04
1.267055396443894644e-04
1.202650539721013663e-04
1.141517791462709648e-04
1.084563175409060517e-04
1.032931806813282857e-04
9.854979726995173953e-05
9.398632144381495663e-05
8.989742645879560123e-05
8.611306606221062710e-05
8.270134584912380090e-05
7.965368552499716510e-05
7.696530517908608236e-05
7.459089532465968254e-05
7.246464063636493685e-05
7.065598100135296621e-05
6.909861821854083484e-05
6.785192084633695183e-05
6.667796517184492475e-05
6.581997921503071733e-05
6.520982526916052331e-05
6.476696296268230049e-05
6.444658407996733376e-05
6.427905729027063035e-05
6.422889812221610592e-05
6.422181281407388065e-05
6.422174008133769215e-05
6.422047995064020340e-05
6.422035745619786599e-05
6.422027607141632941e-05
6.422027667178391763e-05
6.422024142813417640e-05
6.421972436290417498e-05
6.421921578527909312e-05
6.421891081435538860e-05
6.421884013032458946e-05
6.421875698927038110e-05
6.421873606763764159e-05
6.421834179336912091e-05
6.421642903167865612e-05
6.421611251551136287e-05
6.421519343900918963e-05
6.421495247304080580e-05
6.421486118982895435e-05
6.421447429529918084e-05
6.421408546575952932e-05
6.421405514322899141e-05
6.421374545456479284e-05
6.421294548540896054e-05
6.421243371735913408e-05
6.421210167317736547e-05
6.421172621507273599e-05
6.421116640075455679e-05
6.421100803061194102e-05
6.421008866761559141e-05
6.420993370786191737e-05
6.420915315781747777e-05
6.420863953328923360e-05
6.420841756685024366e-05
6.420795145717372605e-05
6.420706968771323182e-05
6.420645516577890271e-05
6.420633936606353210e-05
6.420534333016094503e-05
6.420467702329044058e-05
6.420395890964574707e-05
6.420340310549724628e-05
6.420239618802285185e-05
6.420181876622177745e-05
6.420155066298419589e-05
6.420132332610399941e-05
6.420099364896425867e-05
6.420066692132474044e-05
6.419992251705242657e-05
6.419923316812422610e-05
6.419883139386304020e-05
6.419805424156279055e-05
6.419808198797491915e-05
6.419651704955930233e-05
6.419585775642840325e-05
6.419578012670999452e-05
6.419514501522322286e-05
6.419481440451630728e-05
6.419456801841418058e-05
6.419427113324302969e-05
6.419288326938371115e-05
6.419217854443894284e-05
6.419183959735917547e-05
6.419143191859834916e-05
6.419130961596658199e-05
6.419116425533433245e-05
6.419052823632471106e-05
6.419049755706266955e-05
6.418931597533594823e-05
6.418909031755269028e-05
6.418879571703124947e-05
6.418780868526029052e-05
6.418757639387169219e-05
6.418717452192679079e-05
6.418703001155574113e-05
6.418590337199189962e-05
6.418482942083238391e-05
6.415102365049381132e-05
6.415029922258608122e-05
6.414859935245645546e-05
6.414383469278572716e-05
6.414337057710868463e-05
6.414299194807025696e-05
6.414275023677442158e-05
6.414159110453647428e-05
6.414105477254056936e-05
6.413912444148893682e-05
6.413863992575428812e-05
6.413807533812893892e-05
6.413736160056726459e-05
6.413595378966834763e-05
6.413511095175171450e-05
6.413510022426463281e-05
6.413498972254810468e-05
6.413337516133232907e-05
6.413307214049661061e-05
6.413220493960215579e-05
6.413236847450420658e-05
6.413113358906517045e-05
6.412953380504324058e-05
6.412845922451387761e-05
6.412789508778885894e-05
6.412731692019390921e-05
6.412525583443924549e-05
6.412515761489475513e-05
6.412514775297794352e-05
6.412459475697015272e-05
6.412454333423239425e-05
6.412423645267041616e-05
6.412414807631841682e-05
6.412274502829252499e-05
6.412249453483819038e-05
6.412080139882001559e-05
6.412013213814523639e-05
6.412005505604190865e-05
6.411708561325800198e-05
6.411648164261850964e-05
6.411598829038681578e-05
6.411472986119696842e-05
6.411118652826613669e-05
6.410957830437974468e-05
6.410910887723866500e-05
6.410884731747447461e-05
6.410790689040230775e-05
6.410749873838553908e-05
6.410715745325333125e-05
6.410722356939272293e-05
6.410718497683212495e-05
6.410472653280541546e-05
6.410224393589516892e-05
6.409937322944574611e-05
6.409884333449611751e-05
6.409750421187585760e-05
6.409643787938855517e-05
6.409570988588346343e-05
6.409544852846507646e-05
6.409505470746784672e-05
6.409467958856535368e-05
6.409467531255275846e-05
6.409440328185157082e-05
6.409449379461590085e-05
6.409176991815859899e-05
6.409136483717665759e-05
6.409123567102252604e-05
6.409111216259990706e-05
6.408538187264951674e-05
6.408464906179638001e-05
6.408462909326743376e-05
6.408259640790812744e-05
6.408073773993134257e-05
6.408073622716345852e-05
6.408075351513835673e-05
6.407661033367686911e-05
6.406909207919318718e-05
6.406591867939470024e-05
6.406504816574185262e-05
6.406443002059668843e-05
6.405941431206506114e-05
6.405652528320119764e-05
6.405602075598752993e-05
6.405611966699797488e-05
6.405359317182421830e-05
6.405333995198801927e-05
6.404698277838712984e-05
6.404537266788837085e-05
6.404555016061227199e-05
6.404320594127221075e-05
6.404047323135898307e-05
6.403847085204675022e-05
6.403832416361104646e-05
6.403784010676736606e-05
6.403804531581537606e-05
6.403709405247523685e-05
6.403386620457294164e-05
6.402885794158908698e-05
6.402668202107314856e-05
6.402468199802844055e-05
6.402416745707755115e-05
6.402121281392691087e-05
6.401761456103641299e-05
6.401693859834801524e-05
6.401570597912615451e-05
6.400848472275846033e-05
6.400702130613795092e-05
6.400691514271148526e-05
6.400711273205701886e-05
6.373228676906283400e-05
6.353680423524003199e-05
6.349868784613396763e-05
6.349189568854204501e-05
6.348840717002089771e-05
6.348783890689040359e-05
6.348663577737652744e-05
6.348662206520038463e-05
6.348407237524592364e-05
6.347151332285414231e-05
6.347138482862652801e-05
6.347077152062786205e-05
6.346055103537430442e-05
6.345612613633642583e-05
6.345508759779174013e-05
6.344271418765098783e-05
6.343990677322210181e-05
6.343946744486786123e-05
6.343946645770960299e-05
6.343913701735004863e-05
6.343617308862769361e-05
6.342993088922866199e-05
6.342821618912949488e-05
6.342240928393014232e-05
6.341933418162506422e-05
6.341958126469549864e-05
6.341873611514067994e-05
6.341491555291425733e-05
6.341390561067989566e-05
6.341165408129249858e-05
6.340472421442580641e-05
6.340595264754779546e-05
6.340151270624978189e-05
6.337888218337676624e-05
6.332426818045611930e-05
6.332012187397378683e-05
6.331878055951058767e-05
6.331803627120318292e-05
6.330967155915001837e-05
6.330223872297592830e-05
6.329428724701535226e-05
6.329207953393235395e-05
6.328034432276885524e-05
6.327942631437838623e-05
6.327648314997466757e-05
6.327642182545535241e-05
6.327662596164037256e-05
6.327309629904739245e-05
6.326046420614809033e-05
6.324652649123340634e-05
6.323772728829790918e-05
6.323263663842290845e-05
6.321625292492572630e-05
6.321169410583987725e-05
6.319732576408419039e-05
6.318433175717496470e-05
6.317041816196674339e-05
6.316656763706777317e-05
6.316451388825887123e-05
6.310766722877534079e-05
6.310666387404853680e-05
6.309712221426467800e-05
6.308929882437402351e-05
6.308828966848909522e-05
6.308753705548453055e-05
6.308761778455082537e-05
6.308408292802379018e-05
6.308109960135308610e-05
6.305667418973289102e-05
6.305498779389774003e-05
6.305377903464012238e-05
6.305337486724046047e-05
6.305132055101984032e-05
6.300622974143795007e-05
6.297083551777007092e-05
6.294447611737378362e-05
6.294304236020236527e-05
6.294150424221474772e-05
6.293561667425685879e-05
6.292496422105087227e-05
6.290890838943448882e-05
6.289994854216515100e-05
6.290273104246133624e-05
6.287661997385017023e-05
6.287298425430998944e-05
6.286612034652129977e-05
6.285657479730187374e-05
6.281786718253701989e-05
6.280168971110945708e-05
6.280144141892854707e-05
6.277793868692019784e-05
6.272625201440756100e-05
6.237998596051400480e-05
6.232609297241649437e-05
6.231210536323795969e-05
6.231283960423786891e-05
6.224948231186994683e-05
6.217427729640239754e-05
6.216457509001275747e-05
6.203827087895298056e-05
6.196713129755934365e-05
6.193408574062427008e-05
6.193213292064610436e-05
6.193582870070837908e-05
6.192416518785446905e-05
6.192074986930635517e-05
6.188229564632528022e-05
6.182982314521650593e-05
6.182464174525053734e-05
6.158329426249590404e-05
6.152220705574320886e-05
6.150571943970872303e-05
6.147810336684688456e-05
6.142584273728852497e-05
6.123897489805082235e-05
6.125670677668227575e-05
6.088758575329352731e-05
6.074066631288846130e-05
6.072502075334159640e-05
6.071546202508059243e-05
6.056024180871043451e-05
6.058921459358132712e-05
6.057223650878057296e-05
6.060561764815775064e-05
6.053027125389330750e-05
6.038620656275883513e-05
6.041331467000578335e-05
6.040197674943136318e-05
6.008570515668719718e-05
6.004910789219435188e-05
6.005228128742404474e-05
6.012574926222672312e-05
6.001736208695449324e-05
6.004437168369951419e-05
5.993138601260930028e-05
6.002431637396530136e-05
6.003951458581219947e-05
6.015038383007641096e-05
6.046906415404367674e-05
6.064817443880876787e-05
6.088642262194929707e-05
6.083531469632016665e-05
6.081482338469036930e-05
6.108178881831609331e-05
6.189283750065919219e-05
6.259944506778473874e-05
6.395734438462664863e-05
6.563202817450509866e-05
6.587499873059143288e-05
6.694648647090983915e-05
6.826297422139226999e-05
6.956370299181438978e-05
7.084575935351457385e-05
7.253469449207952050e-05
7.586513848492213092e-05
8.168276122560111667e-05
8.880490465264679213e-05
9.371672837415024151e-05
1.077106540541527944e-04
1.247753314136928863e-04
1.469396562580798716e-04
1.717547027280023713e-04
2.021240063022063744e-04
2.671984321603423007e-04
3.245862274471593856e-04
4.375807332644251124e-04
5.616619351788270384e-04
7.401406127945087381e-04
9.642406034164600253e-04
1.306562937027378911e-03
1.809588891222484912e-03
2.542172811809636102e-03
3.775904079525105751e-03
4.521408504664209925e-03
5.613320055770382871e-03
7.171461811816071466e-03
1.078951120957828171e-02
1.689694254826285685e-02
2.644983238566026365e-02
3.536648179319464014e-02
5.096037140409587218e-02
7.392868896693005620e-02
1.481420444650947965e-01
8.747339177645113706e-01
8.971119290968067646e+08
8.971119290027236938e+08
8.971119289086408615e+08
8.971119288145591021e+08
8.971119287204782963e+08
8.971119286263966560e+08
8.971119285323172808e+08
8.971119284382376671e+08
8.971119283441586494e+08
8.971119282500802279e+08
8.971119281560032368e+08
8.971119280619252920e+08
8.971119279678497314e+08
8.971119278737736940e+08
8.971119277796988487e+08
8.971119276856240034e+08
8.971119275915502310e+08
8.971119274974768162e+08
8.971119274034038782e+08
8.971119273093321323e+08
8.971119272152606249e+08
8.971119271211899519e+08
8.971119270271199942e+08
8.971119269330496788e+08
8.971119268389816284e+08
8.971119267449134588e+08
8.971119266508452892e+08
8.971119265567784309e+08
8.971119264627116919e+08
8.971119263686455488e+08
8.971119262745804787e+08
8.971119261805163622e+08
8.971119260864518881e+08
8.971119259923888445e+08
8.971119258983260393e+08
8.971119258042634726e+08
8.971119257102018595e+08
8.971119256161407232e+08
8.971119255220810175e+08
8.971119254280215502e+08
8.971119253339626789e+08
8.971119252399044037e+08
8.971119251458467245e+08
8.971119250517891645e+08
8.971119249577326775e+08
8.971119248636765480e+08
8.971119247696217299e+08
8.971119246755663157e+08
8.971119245815120935e+08
8.971119244874589443e+08
8.971119243934060335e+08
8.971119242993537188e+08
8.971119242053021193e+08
8.971119241112514734e+08
8.971119240172008276e+08
8.971119239231511354e+08
8.971119238291020393e+08
8.971119237350537777e+08
8.971119236410061121e+08
8.971119235469588041e+08
8.971119234529113770e+08
8.971119233588653803e+08
8.971119232648196220e+08
8.971119231707756519e+08
8.971119230767310858e+08
8.971119229826875925e+08
8.971119228886446953e+08
8.971119227946027517e+08
8.971119227005605698e+08
8.971119226065196991e+08
8.971119225124796629e+08
8.971119224184390306e+08
8.971119223244004250e+08
8.971119222303615808e+08
8.971119221363236904e+08
8.971119220422867537e+08
8.971119219482495785e+08
8.971119218542128801e+08
8.971119217601779699e+08
8.971119216661429405e+08
8.971119215721087456e+08
8.971119214780752659e+08
8.971119213871771097e+08
