8.229471650113440596e-06
9.217008248127077320e-04
1.835172177975304348e-03
2.748643531137900855e-03
3.662114884300497145e-03
4.575586237463093869e-03
5.489057590625691027e-03
6.402528943788287318e-03
7.316000296950855852e-03
8.229471650113368009e-03
9.142943003275876696e-03
1.005641435643838712e-02
1.096988570960089754e-02
1.188335706276340623e-02
1.279682841592591838e-02
1.371029976908842880e-02
1.462377112225104678e-02
1.553724247541373067e-02
1.645071382857641457e-02
1.736418518173909672e-02
1.827765653490177888e-02
1.919112788806446451e-02
2.010459924122714667e-02
2.101807059438983230e-02
2.193154194755251446e-02
2.284501330071520009e-02
2.375848465387787878e-02
2.467195600704056094e-02
2.558542736020324657e-02
2.649889871336592873e-02
2.741237006652861435e-02
2.832584141969121325e-02
2.923931277285355193e-02
3.015278412601588368e-02
3.106625547917822236e-02
3.197972683234055757e-02
3.289319818550289626e-02
3.380666953866523494e-02
3.472014089182756669e-02
3.563361224498990537e-02
3.654708359815224405e-02
3.746055495131458274e-02
3.837402630447691448e-02
3.928749765763925317e-02
4.020096901080159185e-02
4.111444036396393054e-02
4.202791171712626228e-02
4.294138307028860096e-02
4.385485442345093965e-02
4.476832577661327833e-02
4.568179712977561008e-02
4.659526848293794876e-02
4.750873983610028745e-02
4.842221118926262613e-02
4.933568254242496481e-02
5.024915389558729656e-02
5.116262524874963524e-02
5.207609660191197393e-02
5.298956795507430567e-02
5.390303930823664436e-02
5.481651066139898304e-02
5.572998201456132172e-02
5.664345336772366041e-02
5.755692472088599909e-02
5.847039607404833778e-02
5.938386742721067646e-02
6.029733878037301514e-02
6.121081013353535383e-02
6.212428148669767863e-02
6.303775283986001732e-02
6.395122419302236294e-02
6.486469554618469469e-02
6.577816689934702643e-02
6.669163825250937205e-02
6.760510960567170380e-02
6.851858095883403554e-02
6.943205231199638117e-02
7.034552366515871291e-02
7.125899501832105853e-02
7.217246637148339028e-02
7.308593772464572202e-02
7.399940907780806765e-02
7.491288043097039939e-02
7.582635178413273114e-02
7.673982313729507676e-02
7.765329449045740851e-02
7.856676584361975413e-02
7.948023719678208587e-02
8.039370854994441762e-02
8.130717990310676324e-02
8.222065125626909499e-02
8.313412260943142673e-02
8.404759396259377235e-02
8.496106531575610410e-02
8.587453666891844972e-02
8.678800802208078147e-02
8.770147937524311321e-02
8.861495072840545884e-02
8.952842208156779058e-02
9.044189343473013620e-02
9.134713531624236160e-02
