1.435852082547714372e-03
1.171979734139390198e-03
9.792725347981222350e-04
8.276884913457371352e-04
7.044649291541127227e-04
5.994573455814255266e-04
5.104060893033951149e-04
4.345588127776630260e-04
3.695032080078384682e-04
3.128168604866589180e-04
2.635013804517177339e-04
2.205861437287162847e-04
1.834538187904542002e-04
1.515418586311336596e-04
1.239957377608324140e-04
1.003870043556833483e-04
8.022598470600110455e-05
6.315144061644307680e-05
4.901242285402733067e-05
3.754746903686130967e-05
2.840558414518958965e-05
2.136976528327839294e-05
1.622911848573009434e-05
1.247702912062652137e-05
9.634784797300164201e-06
7.481640090647624477e-06
5.829454306471313584e-06
4.577680087136106016e-06
3.639541748681824974e-06
2.939597096443540583e-06
2.423389944267801648e-06
2.050661846754383206e-06
1.753595682123940653e-06
1.527891133683229202e-06
1.350790965680906275e-06
1.212249435910726524e-06
1.102891076479328623e-06
1.013212473659988302e-06
9.388944605381495096e-07
8.775394755475550352e-07
8.249651977942491386e-07
7.876298277290266203e-07
7.513844996430648828e-07
7.292002366006177757e-07
7.133828652615550022e-07
7.018993532170918849e-07
6.923636826317311510e-07
6.822255744442375734e-07
6.780883178939043511e-07
6.762878536322401852e-07
6.708292045288872167e-07
6.697927287275691280e-07
6.672360584622386695e-07
6.664547648643121137e-07
6.635758057958650564e-07
6.623857867190746487e-07
6.567165133243346037e-07
6.563339425872093568e-07
6.543345856158711105e-07
6.519489310982616432e-07
6.498050075328008364e-07
6.496268513299752236e-07
6.490760876346585265e-07
6.474585989596795398e-07
6.467204478983695399e-07
6.454927476431428563e-07
6.453337181195379577e-07
6.445276997662849054e-07
6.441908878845724828e-07
6.412420339477053603e-07
6.350270687006587663e-07
6.327862740569322348e-07
6.302255253894593622e-07
6.288260647637266375e-07
6.253251188809333505e-07
6.228078043259312152e-07
6.209263941998187622e-07
6.167839368749507615e-07
6.150997984726999221e-07
6.130234438449583668e-07
6.091686393918377401e-07
6.068552804065303397e-07
6.043634139602005056e-07
6.012173481316183268e-07
5.979897470050513921e-07
5.932366373154301068e-07
5.896273332988629559e-07
5.867367783658680832e-07
5.842698997912264273e-07
5.827559572446945406e-07
5.806895913697557614e-07
5.805861923533621245e-07
5.790660962044476372e-07
5.787998126450825324e-07
5.781822517453184973e-07
5.816578106381321019e-07
5.824383397522731243e-07
5.835493538553321660e-07
5.897606755987519419e-07
6.198721846076524227e-07
6.642126173819660734e-07
