8.229471650113440596e-06
8.640945232619133293e-04
1.719959574873715542e-03
2.575824626485517539e-03
3.431689678097319968e-03
4.287554729709121965e-03
5.143419781320924394e-03
5.999284832932726824e-03
6.855149884544529254e-03
7.711014936156266632e-03
8.566879987767988397e-03
9.422745039379709295e-03
1.027861009099143019e-02
1.113447514260315109e-02
1.199034019421487199e-02
1.284620524582659462e-02
1.370207029743831378e-02
1.455793534905013356e-02
1.541380040066201579e-02
1.626966545227389802e-02
1.712553050388578371e-02
1.798139555549766594e-02
1.883726060710954817e-02
1.969312565872143386e-02
2.054899071033331609e-02
2.140485576194519832e-02
2.226072081355708748e-02
2.311658586516896971e-02
2.397245091678085194e-02
2.482831596839273416e-02
2.568418102000461986e-02
2.654004607161650209e-02
2.739591112322838432e-02
2.825177617484021103e-02
2.910764122645177060e-02
2.996350627806332670e-02
3.081937132967488974e-02
3.167523638128644237e-02
3.253110143289800887e-02
3.338696648450956150e-02
3.424283153612112107e-02
3.509869658773268758e-02
3.595456163934424021e-02
3.681042669095579978e-02
3.766629174256735935e-02
3.852215679417891891e-02
3.937802184579047848e-02
4.023388689740203805e-02
4.108975194901359068e-02
4.194561700062515719e-02
4.280148205223670982e-02
4.365734710384827633e-02
4.451321215545983589e-02
4.536907720707138852e-02
4.622494225868294809e-02
4.708080731029451460e-02
4.793667236190606723e-02
4.879253741351762680e-02
4.964840246512917943e-02
5.050426751674074594e-02
5.136013256835230550e-02
5.221599761996385813e-02
5.307186267157542464e-02
5.392772772318697727e-02
5.478359277479853684e-02
5.563945782641009641e-02
5.649532287802165598e-02
5.735118792963322248e-02
5.820705298124478205e-02
5.906291803285633468e-02
5.991878308446789425e-02
6.077464813607946076e-02
6.163051318769101339e-02
6.248637823930257296e-02
6.334224329091413253e-02
6.419810834252569209e-02
6.505397339413725166e-02
6.590983844574881123e-02
6.676570349736037080e-02
6.762156854897193037e-02
6.847743360058348994e-02
6.933329865219503563e-02
7.018916370380660907e-02
7.104502875541816864e-02
7.190089380702971433e-02
7.275675885864128778e-02
7.361262391025284735e-02
7.446848896186439304e-02
7.532435401347595261e-02
7.618021906508752605e-02
7.703608411669907174e-02
7.789194916831063131e-02
7.874781421992220476e-02
7.960367927153375045e-02
8.045954432314531002e-02
8.131540937475686959e-02
8.217127442636842916e-02
8.302713947797998872e-02
8.388300452959154829e-02
8.473886958120310786e-02
8.558650516116454721e-02
