1.435852082547714372e-03
1.186090558138092055e-03
1.000996694378306897e-03
8.536411871093495338e-04
7.338454030302132662e-04
6.312905493342827693e-04
5.433087114185593128e-04
4.675928763758123788e-04
4.022783305107861113e-04
3.450923930654896843e-04
2.947954662576247257e-04
2.506895165913260973e-04
2.121154531110854610e-04
1.784748144566328319e-04
1.492293950887624233e-04
1.237123459239603722e-04
1.016160433253274946e-04
8.252241834816708278e-05
6.620170323089857422e-05
5.246770191435810258e-05
4.113005984940735235e-05
3.189060693428694176e-05
2.456533920469826813e-05
1.894210245450310886e-05
1.479081277412990762e-05
1.166818421255618666e-05
9.244703750756712158e-06
7.371878468231219581e-06
5.908295134382100973e-06
4.758081380443818189e-06
3.876023587238510863e-06
3.196263336144546794e-06
2.666000577992871108e-06
2.266510869336236677e-06
1.957591847594056682e-06
1.726181421158668682e-06
1.544711198735688320e-06
1.400392148095820885e-06
1.277656673160914788e-06
1.183277456180930818e-06
1.105404587840026345e-06
1.038673689119605774e-06
9.914076544061166912e-07
9.522247289726352124e-07
9.212309648571161870e-07
8.910161199843864841e-07
8.686382967343762294e-07
8.517461759876763446e-07
8.374590341630207808e-07
8.310372135590335500e-07
8.258680644539397674e-07
8.232025406328334707e-07
8.207610296806963486e-07
8.195228924976128820e-07
8.152094727050297753e-07
8.148332528940271183e-07
8.115413814509661179e-07
8.089111311593426023e-07
8.062720489113236451e-07
8.044091840656570633e-07
8.032521545184028791e-07
8.027694060889392507e-07
8.025143691831755043e-07
8.022741390767853656e-07
8.008251670717805858e-07
8.003956407960645994e-07
7.993852545242585515e-07
7.975572963990671731e-07
7.967072005201361448e-07
7.960627235666718978e-07
7.905372823210923205e-07
7.890348109582901392e-07
7.798486737265735221e-07
7.769834947043860165e-07
7.749240822987648168e-07
7.741162718903014798e-07
7.731668809402261513e-07
7.692348227285502782e-07
7.653327427416520748e-07
7.641685950793757008e-07
7.589345681834384122e-07
7.529839125608227507e-07
7.503377837361318621e-07
7.469133963231278160e-07
7.449048174617312750e-07
7.392541082405661762e-07
7.361121226877801255e-07
7.344801772332184551e-07
7.306782815940489156e-07
7.253927387417228150e-07
7.213068926628712492e-07
7.162031137501169038e-07
7.141979018555929419e-07
7.092764700381731433e-07
7.034923539818751071e-07
7.040785673095543634e-07
7.032074509537620859e-07
7.039989888110473737e-07
7.095554391807094841e-07
7.155114312847134316e-07
7.383627790269224902e-07
