7.962775241841059393e-03
6.842199620349870628e-03
6.179444113583010267e-03
5.676495788506686312e-03
5.264098647970239138e-03
4.914059264655491234e-03
4.611637705878969887e-03
4.345534851737115588e-03
4.104611015219741463e-03
3.883272697258091655e-03
3.678407592249594710e-03
3.489172177074434996e-03
3.314076978225769920e-03
3.150867483850114392e-03
2.998752470881942307e-03
2.856535184176389307e-03
2.723568589019489429e-03
2.599005675166603767e-03
2.482562587046718752e-03
2.373585068224228888e-03
2.271278248262628176e-03
2.174849728371966006e-03
2.083897305396062525e-03
1.998055150730337817e-03
1.916731494117290347e-03
1.839712742955444420e-03
1.766651683165588495e-03
1.697432358524872571e-03
1.631738111216796171e-03
1.569404696203126771e-03
1.510160251628689431e-03
1.453868071670059514e-03
1.400334078554386994e-03
1.349469492501788976e-03
1.300956777986747755e-03
1.254724638766579374e-03
1.210688190852722860e-03
1.168609973803528840e-03
1.128433211205128990e-03
1.090047610403106553e-03
1.053308582934466518e-03
1.018149179383440487e-03
9.844836769369474418e-04
9.522494926695092027e-04
9.213960474721118524e-04
8.918211748979651410e-04
8.634439503907191194e-04
8.362459899711181029e-04
8.102021683732333170e-04
7.852397115333785167e-04
7.613311074262343230e-04
7.384149411157251265e-04
7.164986860563099438e-04
6.955261086857177826e-04
6.754386621633742555e-04
6.562506439642401546e-04
6.379264252389339404e-04
6.204263212235991377e-04
6.037336994458458207e-04
5.878121256271819995e-04
5.726272033432950334e-04
5.581741431955387998e-04
5.444178403694716582e-04
5.313342109203169706e-04
5.188964493161082187e-04
5.071159567812933387e-04
4.959500109158163127e-04
4.853490027967796174e-04
4.752897529801173812e-04
4.657675181736919577e-04
4.567572537255036786e-04
4.482456312405977720e-04
4.402045934378542792e-04
4.325925911502607763e-04
4.253994977615051611e-04
4.185800981704841054e-04
4.121033424522329474e-04
4.059570502217955024e-04
4.001267511241345131e-04
3.945765646177436161e-04
3.892794375061574123e-04
3.842091627720802048e-04
3.793449887452697328e-04
3.746696560323229752e-04
3.701557661019879417e-04
3.657922650628777717e-04
3.615786905667471096e-04
3.575024969460761882e-04
3.535588576309576440e-04
3.497327555825253714e-04
3.460255945851892657e-04
3.424267976405775070e-04
3.389236239460802756e-04
3.355113806602517804e-04
3.321874188612650722e-04
3.289443463916191237e-04
3.257731794123038200e-04
3.226694047603934795e-04
3.196476820064431254e-04
3.166908865365295226e-04
3.137982755607435551e-04
3.109670277874211197e-04
3.081956990362414209e-04
3.054800033591433765e-04
3.028127400940390729e-04
3.002012074276670509e-04
2.976322977461656532e-04
2.951136872675070699e-04
2.926258758253426134e-04
2.901910364920187442e-04
2.877936271149887366e-04
2.854396545249394718e-04
2.831247779816524024e-04
2.808449408013663734e-04
2.786061689723174565e-04
2.764030485141918936e-04
2.742263215806291232e-04
2.720908891433754685e-04
2.699851873158478212e-04
2.679065694641724789e-04
2.658593627972586694e-04
2.638441030112063392e-04
2.618440709616432546e-04
2.598763155670823157e-04
2.579346270570724185e-04
2.560197483746018887e-04
2.541226501791878502e-04
2.522524990262499660e-04
2.504060385187347523e-04
2.485837995055906126e-04
2.467822825702791563e-04
2.450050924974349125e-04
2.432437760696330926e-04
2.415085295743671931e-04
2.397912320040950754e-04
2.380967127608000936e-04
2.364144788026786338e-04
2.347577184126779684e-04
2.331214957231443705e-04
2.314987550417011027e-04
2.298900510226132546e-04
2.283036584920888315e-04
2.267338508478606315e-04
2.251820577689629666e-04
2.236469385530886881e-04
2.221291586543085227e-04
2.206277260711620564e-04
2.191429648702839818e-04
2.176723906516908451e-04
2.162162556981946917e-04
2.147733334883464740e-04
2.133467493903545126e-04
2.119335072122117438e-04
2.105341577462730622e-04
2.091474007146206871e-04
2.077718852439860661e-04
2.064116202836833438e-04
2.050630468786288389e-04
2.037292596115996743e-04
2.024075356501264290e-04
2.011013089520172063e-04
1.998048075417090260e-04
1.985209489430909524e-04
1.972479097325969296e-04
1.959916218209961842e-04
1.947439016075574547e-04
1.935106464094698241e-04
1.922886036532978256e-04
1.910805415550637261e-04
1.898827146752487724e-04
1.886951876602288634e-04
1.875227048222723755e-04
1.863566299271938922e-04
1.852022852876129843e-04
1.840613012236295206e-04
1.829322793947328705e-04
1.818009640320428883e-04
1.806876206784742336e-04
1.795881347984855814e-04
1.785018761041151354e-04
1.774251306884628079e-04
1.763584393219112280e-04
1.753046749255251233e-04
1.742613455197648896e-04
1.732288396023732376e-04
1.722065790368538358e-04
1.711925725920071441e-04
1.701858678849285265e-04
1.691954055994046168e-04
1.682144699836791166e-04
1.672470190144211206e-04
1.662882751572415598e-04
1.653392744907970595e-04
1.644002705841743545e-04
1.634722351212457249e-04
1.625532574258314520e-04
1.616456044044642772e-04
1.607494705577781425e-04
1.598651327320632979e-04
1.589897523953424864e-04
1.581227409970617395e-04
1.572670598025476495e-04
1.564171357527534430e-04
1.555803243143805787e-04
1.547531223393786048e-04
1.539365744608612837e-04
1.531301923249739458e-04
1.523349268148806016e-04
1.515494051839142342e-04
1.507709281068932269e-04
1.499927421312625270e-04
1.492313978440922191e-04
1.484795950064348011e-04
1.477359738986454253e-04
1.470043349734806524e-04
1.462831699192458916e-04
1.455682145169207736e-04
1.448649579382973443e-04
1.441694636847745854e-04
1.434792185249997580e-04
1.428015919949631861e-04
1.421332609824285556e-04
1.414745726293746304e-04
1.408251830349055585e-04
1.401827620256815223e-04
1.395505280181175687e-04
1.389271338700189993e-04
1.383121464455390178e-04
1.377051446031628420e-04
1.371062515639375802e-04
1.365098354874664458e-04
1.359278729436787020e-04
1.353554750781033836e-04
1.347792574797500233e-04
1.342212639914172557e-04
1.336716382225990659e-04
1.331278984360876802e-04
1.325941119589455440e-04
1.320672298985270626e-04
1.315455977165946725e-04
1.310365102729278990e-04
1.305275053571545800e-04
1.300366534971051844e-04
1.295490685224163813e-04
1.290738594630361431e-04
1.286043361082011844e-04
1.281439535902309718e-04
1.276912842954747293e-04
1.272391031672780713e-04
1.268020944500783430e-04
1.263714679319580605e-04
1.259472435300707893e-04
1.255334118695820790e-04
1.251273893654690625e-04
1.247293377276035783e-04
1.243379550382114364e-04
1.239526639071350056e-04
1.235755383316072733e-04
1.232059322514394940e-04
1.228416975121814211e-04
1.224873600786229326e-04
1.221397580745523545e-04
1.217998078672498803e-04
1.214665330423172682e-04
1.211409120960154370e-04
1.208141143663725046e-04
1.205006829564767739e-04
1.201924549707241986e-04
1.198904419701342974e-04
1.195976852061551621e-04
1.193114733044658477e-04
1.190294695112214342e-04
1.187554246855423317e-04
1.184846644074816679e-04
1.182218820075182149e-04
1.179626264250196240e-04
1.177118306774328164e-04
1.174664545864426157e-04
1.172269131913314237e-04
1.169934947167047861e-04
1.167648001210756862e-04
1.165404549359893714e-04
1.163225437587033358e-04
1.161079470348243996e-04
1.158982061221066815e-04
1.156951636367609164e-04
1.154967509654317056e-04
1.153019659372804512e-04
1.151131438656203789e-04
1.149292764361184183e-04
1.147451426189259057e-04
1.145693108177527818e-04
1.143942621249626347e-04
1.142249635636461590e-04
1.140607330022181158e-04
1.138975703640595819e-04
1.137414256342697804e-04
1.135889694975435226e-04
1.134401040468259084e-04
1.132956416550476362e-04
1.131524558349963260e-04
1.130123282481878893e-04
1.128775791688449600e-04
1.127431758633418889e-04
1.126139132700569785e-04
1.124895023092464976e-04
1.123675165138807825e-04
1.122490683889474749e-04
1.121320839867184755e-04
1.120169036534353574e-04
1.119066260695034457e-04
1.117976660041707993e-04
1.116921640168303643e-04
1.115916072988529527e-04
1.114924019732808561e-04
1.113947696556482665e-04
1.113014612861472027e-04
1.112061873520238338e-04
1.111145896138682345e-04
1.110269809234772418e-04
1.109422893839442394e-04
1.108593553428856266e-04
1.107760284392597341e-04
1.106967010802829783e-04
1.106206969620075514e-04
1.105471901617073686e-04
1.104756493441911170e-04
1.104047226816740881e-04
1.103365187189052268e-04
1.102664750779237823e-04
1.102030992201686769e-04
1.101400273906224571e-04
1.100747258481996640e-04
1.100156964265464326e-04
1.099514004730118265e-04
1.098946549236187568e-04
1.098402852793485573e-04
1.097829243472576581e-04
1.097316315061401429e-04
1.096818436516375998e-04
1.096334375194033147e-04
1.095808459304744637e-04
1.095340584591396950e-04
1.094876553268652597e-04
1.094437814207657294e-04
1.094023220155069859e-04
1.093603075484931523e-04
1.093191494267751947e-04
1.092805713670038509e-04
1.092430145833241020e-04
1.092063456397361089e-04
1.091714441454348286e-04
1.091386492450719271e-04
1.091027953653936366e-04
1.090645733907641207e-04
1.090337952540244008e-04
1.090007668166136312e-04
1.089648463742980892e-04
1.089345491681156699e-04
1.089053898021081958e-04
1.088783141839926347e-04
1.088525186586270540e-04
1.088269855769644193e-04
1.088028514942922774e-04
1.087784173691361402e-04
1.087550922214593625e-04
1.087319336917141134e-04
1.087095253275088618e-04
1.086889710242418895e-04
1.086667435822073562e-04
1.086455351617138270e-04
1.086267127037813943e-04
1.086068437496582456e-04
1.085887354671784895e-04
1.085705854900300061e-04
1.085535039866544142e-04
1.085370760557439996e-04
1.085217861390169481e-04
1.085065045611821496e-04
1.084915415301462480e-04
1.084768921889621505e-04
1.084491676215630510e-04
1.084348208783333104e-04
1.084213185179577749e-04
1.084042167390838210e-04
1.083919081425946255e-04
1.083798013105065556e-04
1.083656423555524401e-04
1.083533579602708786e-04
1.083427214078148471e-04
1.083313395929162910e-04
1.083209143335037730e-04
1.083101597600747421e-04
1.082991795624637217e-04
1.082900388435711496e-04
1.082813627053399400e-04
1.082717339464564336e-04
1.082629513371608507e-04
1.082542990467320632e-04
1.082463045395797724e-04
1.082388180294971164e-04
1.082311486512702492e-04
1.082238503235644740e-04
1.082152977298888994e-04
1.082007782450851977e-04
1.081943061327813845e-04
1.081880207889797515e-04
1.081818993565084416e-04
1.081754047746874824e-04
1.081696244398338392e-04
1.081636698036590033e-04
1.081578640947987127e-04
1.081524285899153521e-04
1.081473140385859816e-04
1.081422573208267108e-04
1.081369508652154325e-04
1.081307605587355076e-04
1.081262233601887579e-04
1.081219767878704134e-04
1.081172056463983291e-04
1.081124603948910453e-04
1.081084592293453899e-04
1.081042747268772138e-04
1.080993273023896686e-04
1.080952458962382003e-04
1.080917337777821262e-04
1.080859004876180717e-04
1.080825187631187788e-04
1.080790107312647468e-04
1.080759305011015425e-04
1.080715477179239288e-04
1.080663631830968964e-04
1.080631558287385697e-04
1.080605025745600041e-04
1.080577688265881806e-04
1.080553327167347054e-04
1.080531445992023395e-04
1.080512040245934025e-04
1.080491603429664654e-04
1.080471581748376119e-04
1.080453909921339330e-04
1.080435829214591040e-04
1.080397800458489724e-04
1.080378862200922883e-04
1.080339824464511783e-04
1.080320915601672832e-04
1.080301587724639609e-04
1.080291873085439518e-04
1.080278278476396023e-04
1.080265890116051679e-04
1.080255298174408928e-04
1.080245315604580117e-04
1.080233641216633687e-04
1.080223602027713544e-04
1.080211455224918581e-04
1.080203904082474640e-04
1.080198683560733909e-04
1.080191072916203822e-04
1.080186013824106344e-04
1.080181547918948051e-04
1.080175609684240083e-04
1.080171182664292894e-04
1.080166351647359423e-04
1.080160492928128232e-04
1.080154338847632976e-04
1.080150984512075559e-04
1.080147483568978125e-04
1.080132150605943032e-04
1.080127631821761421e-04
1.080123789821419827e-04
1.080121449787966361e-04
1.080119120037197701e-04
1.080112709585370133e-04
1.080108607962752603e-04
1.080095338352742463e-04
1.080091238975869892e-04
1.080086798961669677e-04
1.080077379280270310e-04
1.080069675859708682e-04
1.080063279552152534e-04
1.080056303566032664e-04
1.080049524799411013e-04
1.080040208366136756e-04
1.080029683973120067e-04
1.080012955908929472e-04
1.080001572616988713e-04
1.079986768145536392e-04
1.079967498328438744e-04
1.079953503142747794e-04
1.079921206179787995e-04
1.079892243659918489e-04
1.079859830372818428e-04
1.079794466093482490e-04
1.079751054992616522e-04
1.079713778739495788e-04
1.079667372302030217e-04
1.079622406708458359e-04
1.079565793621753216e-04
1.079492469759781947e-04
1.079411257102347993e-04
1.079361906081578292e-04
