1.315541923690725802e-05
5.952009081613663603e-04
1.183791381780804463e-03
1.797743671093284977e-03
2.401878483363294788e-03
3.003558926372687250e-03
3.633873677422613802e-03
4.295277105773692011e-03
4.959134903385386921e-03
5.644263901255761051e-03
6.337574129994858092e-03
7.031702481820827945e-03
7.707832125735613292e-03
8.405232969909082197e-03
9.096088829387571212e-03
9.798398412082272649e-03
1.051216171799318477e-02
1.123492437785969349e-02
1.195441454537871269e-02
1.266654160511588613e-02
1.339748549585112122e-02
1.412106627880450709e-02
1.485855515423470559e-02
1.559113529114367243e-02
1.632289730496576038e-02
1.705220494952722904e-02
1.778233071717557484e-02
1.850427525395520467e-02
1.923194665234292944e-02
1.996534491233876996e-02
2.067501760281529460e-02
2.140268900120300896e-02
2.212545166106949859e-02
2.281794376672171415e-02
2.351534461089515790e-02
2.421438170124234207e-02
2.487087639107216780e-02
2.551918985003327062e-02
2.617323017060248225e-02
2.681254427560799194e-02
2.745349462678724900e-02
2.810180808574835876e-02
2.873948594458014191e-02
2.940579811145240322e-02
3.006474717054283263e-02
3.072615059889387962e-02
3.139082651959242132e-02
3.208086425598401237e-02
3.274635829976941387e-02
3.343230542072664346e-02
3.409616321833831148e-02
3.479110969325111685e-02
3.545496749086279875e-02
3.614173273490688121e-02
3.682358924042972159e-02
3.751035448447379711e-02
3.819139286690976381e-02
3.887406749551946400e-02
3.956083273956353258e-02
4.025823358373697286e-02
4.094663507395476798e-02
4.164812653356258360e-02
4.235370860860473291e-02
4.304783696043065072e-02
4.374605592769097162e-02
4.445081987964625420e-02
4.515476570851469779e-02
4.586689276825181572e-02
4.655529425846967329e-02
4.728378377994425785e-02
4.799263834733389494e-02
4.869167543768108952e-02
4.942752806693753026e-02
5.011265706480788618e-02
5.081333040132880730e-02
5.153118432267404792e-02
5.223349390536873027e-02
5.294153034967150062e-02
5.365856614792986756e-02
5.435187637666895333e-02
5.507545715962228194e-02
5.578103923466443126e-02
5.649480254057533818e-02
5.719874836944383728e-02
5.791905666004980996e-02
5.863281996596073770e-02
5.933431142556866433e-02
6.005952845469581663e-02
6.077983674530180319e-02
6.148214632799654106e-02
6.216809344895386780e-02
6.289412860116791459e-02
6.360625566090513661e-02
6.431674647446858351e-02
6.505996221150693593e-02
6.576963490198355078e-02
6.647603510011268479e-02
6.717916280589428246e-02
6.789374423489212551e-02
6.862059751019308762e-02
6.934663266240713442e-02
7.002685292175635234e-02
7.074143435075416764e-02
7.146746950296818668e-02
7.218695967048729956e-02
7.291054045344071144e-02
7.362184939009110141e-02
7.433315832674143586e-02
7.506328409438989269e-02
7.578359238499580985e-02
7.648917446003804244e-02
7.721684585842582271e-02
7.790033861012250760e-02
7.862473751616279316e-02
7.934013706824755152e-02
8.003426542007356648e-02
8.076929992624320986e-02
8.148060886289355820e-02
8.220255339967323660e-02
8.291058984397610410e-02
8.362598939606079307e-02
8.434875205592737291e-02
8.506169723875146860e-02
8.576727931379374281e-02
8.650722255848458664e-02
8.720953214117936614e-02
8.792002295474285467e-02
8.862969564521945565e-02
8.936309390521533780e-02
9.006049474938883359e-02
9.077016743986550396e-02
9.148393074577645945e-02
9.219278531316618674e-02
9.290163988055592792e-02
9.360885820177188010e-02
9.432998461546468483e-02
9.503393044433318393e-02
9.574932999641790066e-02
9.644836708676512993e-02
9.714658605402555491e-02
9.784071440585163926e-02
9.855365958867572107e-02
9.926333227915230817e-02
9.996564186184707379e-02
1.006867682755399340e-01
1.013956228429296613e-01
1.021134767642749991e-01
1.028190588393172455e-01
1.035099146987957658e-01
1.042212236354461419e-01
1.049292600797489955e-01
1.056348421547912420e-01
1.063502417068759448e-01
1.070525512895706688e-01
1.077646783493079047e-01
1.084678060550895717e-01
1.091635706530893202e-01
1.098585171280022366e-01
1.105771891724344064e-01
1.112958612168666317e-01
1.119924439379532538e-01
1.126922991513874400e-01
1.133978812264297142e-01
1.140952820706031823e-01
1.148155903612092105e-01
1.155203543131645416e-01
1.162472075884654621e-01
1.169437903095521397e-01
1.176477361384206527e-01
1.183426826133336385e-01
1.190425378267677553e-01
1.197505742710707199e-01
1.204438844998100139e-01
1.211568296826340124e-01
1.218468674190257978e-01
1.225688119558055594e-01
1.232735759077609322e-01
1.239693405057607362e-01
1.246937394118010772e-01
1.253878677636272310e-01
1.260746330076714938e-01
1.267556713901075716e-01
1.274457091264994402e-01
1.281398374783253857e-01
1.288282389685434792e-01
1.295231854434563956e-01
1.302181319183692843e-01
1.309155327625428356e-01
1.316121154836296103e-01
1.322906994968051364e-01
1.329897365871523518e-01
1.336658662310672430e-01
1.343689939368489517e-01
1.350614860425013442e-01
1.357482512865455793e-01
1.364472883768928224e-01
1.371422348518059053e-01
1.377995476647227435e-01
1.384863129087670064e-01
1.391648969219423937e-01
1.398672065046372426e-01
1.405564261179420571e-01
1.412358282542044430e-01
1.419176847597274360e-01
1.426028137575979515e-01
1.432773071553390676e-01
1.439992516921188292e-01
1.447023793979005379e-01
1.453973258728134543e-01
1.460652742858596365e-01
1.467373133143401454e-01
1.474289872969055948e-01
1.480952994637780296e-01
1.487828828309091245e-01
1.494565581055632697e-01
1.501490502112156622e-01
1.508153623780882080e-01
1.515143994684353956e-01
1.521856203738290170e-01
1.528642043870046263e-01
1.535566964926567968e-01
1.542344623827454075e-01
1.549375900885269497e-01
1.556063566246600471e-01
1.562923037456175335e-01
1.569872502205302556e-01
1.576445630334471493e-01
1.583256014158831160e-01
1.590033673059716990e-01
1.596884963038422423e-01
1.603719890555388716e-01
1.610440280840193805e-01
1.617234302202817386e-01
1.623578355867660306e-01
1.630495095693315077e-01
1.637272754594201463e-01
1.643968601186399647e-01
1.650680810240337248e-01
1.657270300831241994e-01
1.663998872346915681e-01
1.670907430941702410e-01
1.677815989536486085e-01
1.684716366900402551e-01
1.691534931955632204e-01
1.698173509931749925e-01
1.704844812831342593e-01
1.711982445890453119e-01
1.718940091870449771e-01
1.725529582461355627e-01
1.732372691209191351e-01
1.739052175339652062e-01
1.745813471778800696e-01
1.752803842682274238e-01
1.759426058196654208e-01
1.766056454941903053e-01
1.772866838766263275e-01
1.779685403821495149e-01
1.786520331338461720e-01
1.793167090545448594e-01
1.799895662061120893e-01
1.806558783729844131e-01
1.813320080168993875e-01
1.819983201837716558e-01
1.826777223200339584e-01
1.833464888561669448e-01
1.840275272386030780e-01
1.846782950668248990e-01
1.853503340953053247e-01
1.859880119541373333e-01
1.866649597211390843e-01
1.873484524728357414e-01
1.880450351939224052e-01
1.886892580374492367e-01
1.893473889734528792e-01
1.900055199094563829e-01
1.907585531235373721e-01
1.914453183675814685e-01
1.920887230880213570e-01
1.927525808856331568e-01
1.934238017910268892e-01
1.940696608807272738e-01
1.947359730475997086e-01
1.954194657992962825e-01
1.961119579049487027e-01
1.967823606872553810e-01
1.974748527929077735e-01
1.981190756364344663e-01
1.987780246955249408e-01
1.994500637240055885e-01
2.001114671523567534e-01
2.007794155654028523e-01
2.014972694867480374e-01
2.022020334387035767e-01
2.028904349289213649e-01
2.035853814038343090e-01
2.042746010171390958e-01
2.049613662611832754e-01
2.056677664593124510e-01
2.063488048417484455e-01
2.070257526087501687e-01
2.076855197909273920e-01
2.083600131886685636e-01
2.090565959097550885e-01
2.097679048464055063e-01
2.104972124909671449e-01
2.111807052426637188e-01
2.118412905479280517e-01
2.125337826535803054e-01
2.132279110054063898e-01
2.139351293266222587e-01
2.146055321089291590e-01
2.153258403995349790e-01
2.160355130900116216e-01
2.167492763959225077e-01
2.174180429320554941e-01
2.180786282373199658e-01
2.188030271433602791e-01
2.195266079263136494e-01
2.202280993859213054e-01
2.209099558914442707e-01
2.216081748587045430e-01
2.223014850874438231e-01
2.229784328544454353e-01
2.236725612062716029e-01
2.243454183578388050e-01
2.250027311707557265e-01
2.257181307228401657e-01
2.264515289828357425e-01
2.271350217345322609e-01
2.278831462100913974e-01
2.285952732698281753e-01
2.294113019615978133e-01
2.301856063759370186e-01
2.309034602972821759e-01
2.316123148646716812e-01
2.323473493708406445e-01
2.330733845230543722e-01
2.338476889373935774e-01
2.346309927056885458e-01
2.353897527813768320e-01
2.360855173793761363e-01
2.368352781011092700e-01
2.376169456232303245e-01
2.383593432371813037e-01
2.390174741731847241e-01
2.397091481557493964e-01
2.404040946306621185e-01
2.411497647369606201e-01
2.418880717354776055e-01
2.426820111039014183e-01
2.434464980411978619e-01
2.441864412858887889e-01
2.449042952072335300e-01
2.456826902370071453e-01
2.463923629274834548e-01
2.472026647576448799e-01
2.479696060642025413e-01
2.487758172789295563e-01
2.495378498469656425e-01
2.503825128467757621e-01
2.512484470468446807e-01
2.520800200772647659e-01
2.529860423085903975e-01
2.538339778007479008e-01
2.548103586175441970e-01
2.557401064183891792e-01
2.566714904654077700e-01
2.576323269435539798e-01
2.584859892973193074e-01
2.593903752824712750e-01
2.602775806827987148e-01
2.611721491909079762e-01
2.621518025000521002e-01
2.631273651937616198e-01
2.641225628415561077e-01
2.650997617814396246e-01
2.660761425982362538e-01
2.671065195387663516e-01
2.681385327254702244e-01
2.691132772960928010e-01
2.701313823903197520e-01
2.710889463761180784e-01
2.719982410997912048e-01
2.729427151161998855e-01
2.739264590407782252e-01
2.749691078276112477e-01
2.760166653529657621e-01
2.770167717392815199e-01
2.780406036951166837e-01
2.788476330329306418e-01
2.797806533261229522e-01
2.807652153737879575e-01
2.817857748372755711e-01
2.827376119614660177e-01
2.836829041009613639e-01
2.847108266722309100e-01
2.856512100732051529e-01
2.866513164595212437e-01
2.876154254300145041e-01
2.885566269540752460e-01
2.894961922319627678e-01
2.904447568638054977e-01
2.914980412507682805e-01
2.924760583137385184e-01
2.934778009462278847e-01
2.944402736705474255e-01
2.953806570715218349e-01
2.964339414584838961e-01
2.972720594735990818e-01
2.983073451526505049e-01
2.991953686760647768e-01
3.001275708461703107e-01
3.012160345258685368e-01
3.022545926972677321e-01
3.032211560370218217e-01
3.042834397779401456e-01
3.052041882248291982e-01
3.062124758420137760e-01
3.072387621671097135e-01
3.082364141841649197e-01
3.092749723555637265e-01
3.102726243726191546e-01
3.111876459579003829e-01
3.122638377912951846e-01
3.132950328549118924e-01
3.142935029950541526e-01
3.152461582423315423e-01
3.162978063831207165e-01
3.171629224601024144e-01
3.180951246302077817e-01
3.191394096632146904e-01
3.201746953422662800e-01
3.212157078829261381e-01
3.222149961461552303e-01
3.232142844093844891e-01
3.241710302720961501e-01
3.251343211195024674e-01
3.262121491990715438e-01
3.271983474929108793e-01
3.282303606796148632e-01
3.293090068822701055e-01
3.303598368999719481e-01
3.313419445783764572e-01
3.323183253951730864e-01
3.334108796903058614e-01
3.345116152163071233e-01
3.355059947410148902e-01
3.364831936808985180e-01
3.375307512062527548e-01
3.384973145460067889e-01
3.394867853321932860e-01
3.404484399334262723e-01
3.414403650888734321e-01
3.424093827978880178e-01
3.434127616765514923e-01
3.444603192019061177e-01
3.455307841736929841e-01
3.465055287443157828e-01
3.474688195917223221e-01
3.485024690245997481e-01
3.495786608579947718e-01
3.505861303520926286e-01
3.515919636000165438e-01
3.526149774327647646e-01
3.536109932036463066e-01
3.546078270976144586e-01
3.556095697301039915e-01
3.566718534710219268e-01
3.577349553350271383e-01
3.587857853527289254e-01
3.597834373697842980e-01
3.607360926170613546e-01
3.617681058037653385e-01
3.627943921288612761e-01
3.638550396236051032e-01
3.649115965029154363e-01
3.658879773197116214e-01
3.668880837060276012e-01
3.679061888002548852e-01
3.689373838638715930e-01
3.699432171117952861e-01
3.709138710669839800e-01
3.718607994526530458e-01
3.727823660226295965e-01
3.737456568700360804e-01
3.747408545178307904e-01
3.755994256101176654e-01
3.765013572260088037e-01
3.774163788112901430e-01
3.783723065509148054e-01
3.792300595201153479e-01
3.801917141213479456e-01
3.811353700146699608e-01
3.821011152313369963e-01
3.830414986323109061e-01
3.839638833253740668e-01
3.848126369406182912e-01
3.857260222797258553e-01
3.866385894957464209e-01
3.875397029885508937e-01
3.883744830614712096e-01
