8.349539633108301467e-03
6.884725581564877378e-03
5.992915186859650717e-03
5.321820708997471519e-03
4.774557279291740362e-03
4.319572878234727818e-03
3.933714807059217680e-03
3.595107283964011323e-03
3.293783776374945016e-03
3.025066642872813443e-03
2.782916950818805930e-03
2.563728162190628043e-03
2.365661807955088923e-03
2.185709637571204254e-03
2.022469742464816020e-03
1.874161896651084600e-03
1.739539232382204207e-03
1.616150960196037272e-03
1.503626460542645997e-03
1.400870598129063012e-03
1.307136315461743074e-03
1.221402482847472630e-03
1.143016936885615700e-03
1.070883240955169567e-03
1.004734612282322682e-03
9.439991724150258862e-04
8.883195993864753930e-04
8.373064537260483872e-04
7.904736103223875508e-04
7.477371689647108752e-04
7.086316389670079246e-04
6.730424982043458314e-04
6.404601007258208358e-04
6.108937141982837861e-04
5.840460768848535844e-04
5.597836828983335884e-04
5.377654588972308148e-04
5.177458132954361079e-04
4.993532406106419939e-04
4.824423248866371514e-04
4.670321378539304025e-04
4.529961989681258270e-04
4.402670762266673848e-04
4.286389650894354081e-04
4.179995369072426852e-04
4.082340267503263955e-04
3.991321694334305694e-04
3.906176863698135283e-04
3.826599979530733516e-04
3.750703979620090755e-04
3.679706598424648087e-04
3.612607734409385403e-04
3.548112127257528267e-04
3.485925109118461407e-04
3.425686137810644025e-04
3.368205432650065389e-04
3.311700718940163365e-04
3.258646191728220998e-04
3.207251087787237704e-04
3.157446785608321077e-04
3.109058411279879992e-04
3.062122860522182503e-04
3.016724324731551686e-04
2.972320359194953812e-04
2.929834019755104646e-04
2.887791859296654027e-04
2.846950841696610523e-04
2.807047362443240799e-04
2.768385193862766712e-04
2.730957273497123063e-04
2.693431044379625229e-04
2.657794365001772620e-04
2.622153687934193015e-04
2.587130111283435143e-04
2.553285471321093997e-04
2.520583531269760024e-04
2.488492910492427464e-04
2.456860773017100147e-04
2.425880920362965686e-04
2.395558884769330497e-04
2.365167172011436720e-04
2.335948906225417533e-04
2.307134326592250549e-04
2.278764808810362019e-04
2.250644524559624520e-04
2.223156947017895855e-04
2.195978729351938071e-04
2.168838934138607314e-04
2.142281100006845147e-04
2.115865762202699478e-04
2.090194993816057957e-04
2.064698657198256655e-04
2.039501683880422765e-04
2.014564747425828686e-04
1.989370654588454529e-04
1.964837542324141635e-04
1.940697101460022800e-04
1.917013896245876251e-04
1.893535368947877847e-04
1.870383994308265157e-04
1.847418293918179594e-04
1.824666427488012290e-04
1.802580362964473280e-04
1.780708266128448584e-04
1.759002103410184131e-04
1.737694658891547519e-04
1.716238559727351629e-04
1.695406550706086307e-04
1.674573377281035190e-04
1.653984856242270878e-04
1.633615519390423185e-04
1.613454450725713485e-04
1.593585550298364775e-04
1.573511477528951967e-04
1.553918453434622259e-04
1.534677186600047287e-04
1.515509309990908330e-04
1.496554524551262381e-04
1.477933706863933773e-04
1.459627028574663702e-04
1.441416191893134030e-04
1.423422090552565317e-04
1.405687150476347773e-04
1.387916669017400829e-04
1.370454527728095064e-04
1.353193301899322637e-04
1.336309871085736517e-04
1.319494162935286677e-04
1.302780390883001441e-04
1.286194712373577931e-04
1.269778111634505783e-04
1.253612834180450495e-04
1.237506206376179580e-04
1.221685661705033022e-04
1.206010281438436258e-04
1.190468471280083508e-04
1.175249618406684269e-04
1.159909417800970697e-04
1.144767958443025885e-04
1.129841797367213299e-04
1.115040667527076045e-04
1.100561776639065811e-04
1.086046383756358196e-04
1.071490089392101037e-04
1.057404321080247230e-04
1.043333245964893547e-04
1.029572356857699696e-04
1.015878085014250041e-04
1.002332302859434456e-04
9.887039989309940853e-05
9.753786187418761737e-05
9.622808515442996284e-05
9.490594300319327332e-05
9.361661074187880248e-05
9.233526176745073585e-05
9.107834340300543802e-05
8.982738851413338689e-05
8.859565664679484214e-05
8.737767713284208028e-05
8.617006074290888191e-05
8.497556305587189798e-05
8.380445380287243574e-05
8.262733131878587664e-05
8.145923059205697158e-05
8.031064630703472769e-05
7.918296724641451568e-05
7.806491796954834683e-05
7.696370720291607567e-05
7.586448194950859902e-05
7.479224958231284984e-05
7.372780169438083737e-05
7.266680938908040154e-05
7.163208418172119934e-05
7.059627821279885421e-05
6.958215574264864844e-05
6.857800916524115008e-05
6.759550978791982381e-05
6.661062633467024587e-05
6.563726109334408368e-05
6.466638599672955474e-05
6.371781262675429883e-05
6.278056416665873474e-05
6.185761347225678672e-05
6.093714263324672851e-05
6.003634155168436140e-05
5.914265248441975608e-05
5.825902917756542600e-05
5.738839497378787490e-05
5.652884669476305991e-05
5.568226683988266863e-05
5.484216159226223660e-05
5.400162979054511363e-05
5.318107419452892292e-05
5.237288442659955584e-05
5.157297962438000150e-05
5.077578338310760419e-05
4.998753815488354483e-05
4.920918117810077052e-05
4.844868882794022458e-05
4.769857362509566866e-05
4.695213882482624846e-05
4.621707284893599154e-05
4.549525107707201295e-05
4.477881398780449135e-05
4.407460058543248625e-05
4.335328203492188893e-05
4.248817102188986387e-05
4.179831045666952270e-05
4.112182631875348817e-05
4.045733002600433004e-05
3.980523703812795233e-05
3.915525647891349289e-05
3.851925098874834123e-05
3.788951478374213923e-05
3.726678689418408869e-05
3.665759844336349306e-05
3.605301761400047007e-05
3.545851394587730285e-05
3.487257167646806006e-05
3.429650610630024534e-05
3.373075914687782395e-05
3.317204269489385806e-05
3.261199085898321143e-05
3.206547952116394536e-05
3.152761680088019881e-05
3.099674898432634132e-05
3.047555363574972465e-05
2.996245474159898263e-05
2.945541967390512646e-05
2.895790873531404276e-05
2.845025074981759783e-05
2.796504719515607187e-05
2.748968595604836206e-05
2.699582361421953765e-05
2.653153622140012142e-05
2.607668773490566489e-05
2.563120485049404630e-05
2.519192923942708759e-05
2.475819241426847406e-05
2.433459190673661118e-05
2.391794797599553838e-05
2.344122146913952748e-05
2.302835383549966470e-05
2.262775416388630083e-05
2.223271116813981595e-05
2.184870637081229078e-05
2.145143955379892226e-05
2.107073142592082019e-05
2.070496890734887756e-05
2.034273266388325003e-05
1.999021452395420030e-05
1.964341459269485610e-05
1.930331162939674097e-05
1.896570859637460943e-05
1.862506026686814805e-05
1.830358774582281997e-05
1.798066616811318621e-05
1.767249666303607266e-05
1.737140683982304091e-05
1.707338159862725017e-05
1.677950557875059035e-05
1.648288148884061578e-05
1.616908313898672344e-05
1.589197274163045738e-05
1.562122656507802375e-05
1.535011351843293878e-05
1.507976747664148112e-05
1.482388225986742419e-05
1.457726061049696801e-05
1.432732233582859838e-05
1.408486149940049308e-05
1.382949058034431172e-05
1.360151128533711434e-05
1.338043106831586312e-05
1.316614030647609046e-05
1.285694292122916290e-05
1.264874803027796453e-05
1.244660638183180556e-05
1.225291287125132212e-05
1.206125729731638929e-05
1.185640244388404423e-05
1.164965954725704267e-05
1.147262243396290496e-05
1.130297772036618727e-05
1.112550212590935977e-05
1.096072798644863145e-05
1.080330382371056956e-05
1.064903667636203001e-05
1.050422359467697328e-05
1.033542083560006149e-05
1.019840688537142049e-05
1.005174575409283523e-05
9.919522975225711066e-06
9.796801619210464818e-06
9.678548412520863030e-06
9.562411967689739799e-06
9.440636008405088473e-06
9.309428502265005713e-06
9.203559615054238908e-06
9.097483320829884116e-06
9.000044707370404845e-06
8.905550564520830126e-06
8.815831314488240198e-06
8.731337445251742362e-06
8.644780551282682082e-06
8.550080203490490485e-06
8.459233211923894967e-06
8.383144922796096989e-06
8.312769433997533580e-06
8.241669113695006084e-06
8.165775570071764786e-06
8.040351754359244705e-06
7.960199062363845353e-06
7.898973274198030719e-06
7.835742168021973591e-06
7.773976047344196557e-06
7.714662709960241603e-06
7.660255608781036443e-06
7.615092350487116511e-06
7.566026645503390887e-06
7.526699931600953928e-06
7.483367944975033152e-06
7.447690490585290329e-06
7.413105126351186187e-06
7.337087286654486542e-06
7.306598264620688071e-06
7.263077698130365318e-06
7.231871377007237887e-06
7.199099925246248435e-06
7.174719257178007333e-06
7.149551381481273791e-06
7.112850118040613337e-06
7.088073553454682249e-06
7.066195724549238555e-06
7.042849333715918024e-06
7.022140138169390268e-06
7.001872042370251494e-06
6.982517985470514072e-06
6.899095956083307264e-06
6.879602794319415203e-06
6.861346991468161625e-06
6.847567772183806014e-06
6.831824493141410648e-06
6.816819311976523916e-06
6.797807692321747060e-06
6.785252579992353412e-06
6.774108066106573163e-06
6.765554107127286749e-06
6.752532868418311824e-06
6.743202520956518640e-06
6.729884804593995484e-06
6.721497962622358259e-06
6.711725113106170903e-06
6.704342641428619328e-06
6.695774262965497636e-06
6.688189743016774148e-06
6.681576983763297547e-06
6.675971312616752031e-06
6.671176682998000139e-06
6.667955785568773687e-06
6.661743090517799208e-06
6.657744837116381191e-06
6.652368443555581636e-06
6.649374919237942983e-06
6.645306803148868518e-06
6.642582422292894376e-06
6.638376701411702819e-06
6.636127426472867200e-06
6.631546956258165931e-06
6.629980407017795971e-06
6.627949535178238928e-06
6.625314507012531974e-06
6.623785030304838813e-06
6.622106522377740517e-06
6.620778347326514800e-06
6.620208160033050916e-06
6.617867254262476662e-06
6.617507270361171532e-06
6.617329861609865365e-06
6.615944933556773274e-06
6.614026468184854345e-06
6.612831634940168250e-06
6.612407474417050440e-06
6.610660135834097057e-06
6.609907690277864676e-06
6.609688859742596259e-06
6.609465495004082567e-06
6.607381390150309473e-06
6.606787194804721879e-06
6.604487443981990194e-06
6.603262664460346352e-06
6.602113825900836832e-06
6.600816710149088201e-06
6.599609487486421050e-06
6.598132253517230065e-06
6.596193953457225876e-06
6.591532581638133277e-06
6.589381944897137174e-06
6.578866184683082060e-06
6.576253398335191027e-06
6.571753769974369767e-06
6.569568320564330643e-06
6.567997838746992893e-06
6.566973697364380615e-06
6.566212895698906153e-06
6.564302843990610352e-06
6.561885610389945925e-06
6.561369155629877842e-06
6.558745643414868335e-06
6.558346083248177205e-06
6.556793931988907323e-06
6.555010006364905188e-06
6.554854831067182276e-06
6.554713693882735933e-06
6.553398106607771045e-06
6.552417698890766714e-06
6.548871016857275260e-06
6.547209880313946855e-06
6.543758688043968625e-06
6.538539529020363395e-06
6.537542663366620370e-06
6.536265730831189605e-06
6.534817098882101456e-06
6.534377698332348470e-06
6.532595536128847943e-06
6.529452388104474307e-06
6.525993885727305281e-06
6.518561977521014384e-06
6.515493074161717005e-06
6.512902825078748988e-06
6.511734919028590737e-06
6.511352275976575437e-06
6.510962408291329369e-06
6.505903740097777518e-06
6.505614024212169966e-06
6.504658292501101792e-06
6.501437004436238167e-06
6.498638583298684793e-06
6.497627486794296910e-06
6.497375025276075324e-06
6.496657392246121104e-06
6.493822029802416075e-06
6.488304434888016619e-06
6.484664059687599430e-06
6.484652562812631139e-06
6.484298946574025014e-06
6.482356036666463469e-06
6.480101494276353529e-06
6.478991589964776472e-06
6.477878609631120932e-06
6.477561828977593391e-06
6.477559451537324677e-06
6.476263532058388097e-06
6.470933901693253485e-06
6.463106554983181485e-06
6.460106832741989425e-06
6.457589436866146268e-06
6.454210479679890026e-06
6.446798682013096751e-06
6.442169538803925065e-06
6.438595050630916839e-06
6.437016209074362065e-06
6.432145372454054184e-06
6.429527129459599723e-06
6.419508336463772424e-06
6.419225955828413165e-06
6.418796178845840077e-06
6.415285405902786041e-06
6.410012219335272580e-06
6.405402373740202335e-06
6.401383011891796648e-06
6.369385050434035919e-06
6.365943154571527811e-06
6.355739142118798792e-06
6.345881348990708565e-06
6.340793499538115535e-06
6.340476479887054852e-06
6.330763569862376844e-06
6.324965123452755430e-06
6.315044611176492693e-06
6.306587562934409780e-06
6.288301852142712289e-06
6.243842581335031630e-06
6.211959262237003011e-06
6.186360182292024297e-06
6.176328319052007374e-06
6.116991305707530174e-06
6.063111799267659600e-06
6.051455293491389148e-06
6.046206405092115750e-06
6.046428812999250854e-06
6.037233222665199542e-06
6.024251105096289911e-06
6.046917368293291061e-06
6.062212126941921286e-06
6.044057508406502009e-06
5.999952442205284583e-06
6.032012889650201626e-06
6.074476784608452237e-06
6.311386367192476836e-06
7.051784151921607185e-06
