8.154906126288127277e-01
8.158478727258438035e-01
8.165607381556377886e-01
8.176265712592654111e-01
8.190428648490258867e-01
8.208084153367195546e-01
8.229241537780639382e-01
8.253933515954104960e-01
8.282211347999228757e-01
8.314134814902490733e-01
8.349760589993957538e-01
8.389133161368513836e-01
8.432281613000730536e-01
8.479223567993184885e-01
8.529975112735660447e-01
8.584563402139845367e-01
8.643037623960471150e-01
8.705474439529631292e-01
8.771975788206589630e-01
8.842659453373397094e-01
8.917645186290791282e-01
8.997040647897128762e-01
9.080931450463348709e-01
9.169378146286649711e-01
9.262420604732490848e-01
9.360087664516352213e-01
9.462408127711926520e-01
9.569418717508442196e-01
9.681165728937352055e-01
9.797699397404830979e-01
9.919062703384121660e-01
1.004527847062184343e+00
1.017633941571247647e+00
1.031220493204610733e+00
1.045280607875988643e+00
1.059805723955685286e+00
1.074787022641369161e+00
1.090216516855151418e+00
1.106087289515063521e+00
1.122392564533485793e+00
1.139123617455640280e+00
1.156266862765932268e+00
1.173800682344812385e+00
1.191692608541015108e+00
1.209897330762009116e+00
1.228355708592207884e+00
1.246994649937125388e+00
1.265727468159795421e+00
1.284454260907122780e+00
1.303061988965841023e+00
1.321424234500947925e+00
1.339400977573330653e+00
1.356839009599584589e+00
1.373573680133593600e+00
1.389432487847573228e+00
1.404240604390630143e+00
1.417827873269745576e+00
1.430036322405127125e+00
1.440726939686082009e+00
1.449784503953875037e+00
1.457119660601432054e+00
1.462668089884960221e+00
1.466387353958537254e+00
1.468252605072967842e+00
