1.315541923690725802e-05
5.927465389007494437e-04
1.171519535477719446e-03
1.790380563311434444e-03
2.395333498668316199e-03
3.005195172546432439e-03
3.640418662117591957e-03
4.307548952076774643e-03
4.985314842165300409e-03
5.659808239906334061e-03
6.355572837906046935e-03
7.049701189732017655e-03
7.724194587473057379e-03
8.410141708430312127e-03
9.095270706300690594e-03
9.792671550474165570e-03
1.050234424095071797e-02
1.120874443907978260e-02
1.192496211425131576e-02
1.263054418929350671e-02
1.335657934150751187e-02
1.407852387828715905e-02
1.478410595332933092e-02
1.552977605962825580e-02
1.625172059640787522e-02
1.699084571801180721e-02
1.771933523948641259e-02
1.843718916083166709e-02
1.916076994378503387e-02
1.987126075734843914e-02
2.058747843251995668e-02
2.129633299990961112e-02
2.200600569038614271e-02
2.270258841147270931e-02
2.341553359429672868e-02
2.411538880773078652e-02
2.482015275968607951e-02
2.548319243421088773e-02
2.612577903156389561e-02
2.677736498287248620e-02
2.741831533405174326e-02
2.803881260805918957e-02
2.866503674367474122e-02
2.930189647941961947e-02
2.994039246133824161e-02
3.057888844325686029e-02
3.123292876382607192e-02
3.189842280761148036e-02
3.255328125126756567e-02
3.321550280270548633e-02
3.388754183118587032e-02
3.455139962879751753e-02
3.521852991875668026e-02
3.586520713154402185e-02
3.652170182137382676e-02
3.719946771146231262e-02
3.785596240129212448e-02
3.854109139916246651e-02
3.920494919677407902e-02
3.989089631773129474e-02
4.058257030029661233e-02
4.127260803668816869e-02
4.195446454221100907e-02
4.263468480156013679e-02
4.334272124586289326e-02
4.402375962829889466e-02
4.470970674925610344e-02
4.540383510108208370e-02
4.612332526860103699e-02
4.680027303560268387e-02
4.749276514125487514e-02
4.819262035468890870e-02
4.889247556812298390e-02
4.959233078155701746e-02
5.029218599499108572e-02
5.098958683916451906e-02
5.169925952964104371e-02
5.240893222011758223e-02
5.311615054133346503e-02
5.380373390846444892e-02
5.451422472202782643e-02
5.520998932002750548e-02
5.591148077963532109e-02
5.659660977750570476e-02
5.730464622180854450e-02
5.799795645054772047e-02
5.870599289485058797e-02
5.940584810828471174e-02
6.010897581406633716e-02
6.082355724306415246e-02
6.152259433341140948e-02
6.222817640845365594e-02
6.291821414484535802e-02
6.363361369693006087e-02
6.433101454110358441e-02
6.505377720097015037e-02
6.576754050688110587e-02
6.648375818205269627e-02
6.717215967227060935e-02
6.788919547052907344e-02
6.861277625348254083e-02
6.931344959000350359e-02
7.002803101900138827e-02
7.074015807873859640e-02
7.143837704599902139e-02
7.215132222882308932e-02
7.286344928856031133e-02
7.357557634829751947e-02
7.427543156173167793e-02
7.498101363677395215e-02
7.571359377368297450e-02
7.643799267972324618e-02
7.715421035489483659e-02
7.785733806067648977e-02
7.859400881301988051e-02
7.929795464188835186e-02
7.998962862445374578e-02
8.071730002284155381e-02
8.139588403601699662e-02
8.212682792675227161e-02
8.283977310957638118e-02
8.355762703092171895e-02
8.425584599818211617e-02
8.495897370396372772e-02
8.565964704048474598e-02
8.637913720800378947e-02
8.707408368291670586e-02
8.778130200413268580e-02
8.847706660213247587e-02
8.916874058469785591e-02
8.989968447543313090e-02
9.059626719651975302e-02
9.128221431747711445e-02
9.201315820821240332e-02
9.270319594460406376e-02
9.340714177347254898e-02
9.409881575603795678e-02
9.480930656960141756e-02
9.551488864464367790e-02
9.623683318142334242e-02
9.694568774881309747e-02
9.763654360829163159e-02
9.835685189889761815e-02
9.905343461998424026e-02
9.975328983341841260e-02
1.004392369543757463e-01
1.011382740447229894e-01
1.018504011044601976e-01
1.025461657024600015e-01
1.032525659005891078e-01
1.039532392371100844e-01
1.046547306967179763e-01
1.053652215102814788e-01
1.060650767237155540e-01
1.067289345213273261e-01
1.074238809962402008e-01
1.081425530406724123e-01
1.088489532388015740e-01
1.095242647596294805e-01
1.102241199730636390e-01
1.109329745404534079e-01
1.116393747385825141e-01
1.123179587517580125e-01
1.130071783650628409e-01
1.137127604401051845e-01
1.144199787613211367e-01
1.151231064671028176e-01
1.158008723571914561e-01
1.165072725553206040e-01
1.172079458918416084e-01
1.179184367054051247e-01
1.186060200725363445e-01
1.193099659014048158e-01
1.199885499145803142e-01
1.206908594972751908e-01
1.213735341258850714e-01
1.220742074624060619e-01
1.227519733524947421e-01
1.234297392425833251e-01
1.241705006103611675e-01
1.248695377007083690e-01
1.255579391909263931e-01
1.262438863118837129e-01
1.269461958945785340e-01
1.276206892923196223e-01
1.283238169981012478e-01
1.290146728575799484e-01
1.296981656092766055e-01
1.303873852225816421e-01
1.310594242510620122e-01
1.317576432183223956e-01
1.324247735082816624e-01
1.331074481368916262e-01
1.337827596577196299e-01
1.344834329942407314e-01
1.351571082688949599e-01
1.358430553898523352e-01
1.365167306645065914e-01
1.372002234162033596e-01
1.378681718292494585e-01
1.385524827040331142e-01
1.392310667172086125e-01
1.399153775919921849e-01
1.405874166204728604e-01
1.412725456183433204e-01
1.419609471085612196e-01
1.426149874291305353e-01
1.433033889193485177e-01
1.439966991480878256e-01
1.446654656842208675e-01
1.453301416049195549e-01
1.460128162335294910e-01
1.467069445853555199e-01
1.473642573982723858e-01
1.480502045192296223e-01
1.487230616707970188e-01
1.493967369454513583e-01
1.500548678814549730e-01
1.507383606331517412e-01
1.514095815385453625e-01
1.520848930593732828e-01
1.527446602415506727e-01
1.534420610857241962e-01
1.541230994681602740e-01
1.547730491732952074e-01
1.554508150633838737e-01
1.561375803074280255e-01
1.567957112434316125e-01
1.574734771335203065e-01
1.581438799158270403e-01
1.588290089136975836e-01
1.594920485882223571e-01
1.601730869706585181e-01
1.608369447682704012e-01
1.615106200429245464e-01
1.621687509789282722e-01
1.628342450227137639e-01
1.635218283898447478e-01
1.641955036644991428e-01
1.648822689085432669e-01
1.655109474134194569e-01
1.661633514878150808e-01
1.668321180239479840e-01
1.674976120677334479e-01
1.681712873423876764e-01
1.688253276629569366e-01
1.695243647533041798e-01
1.702315830745201042e-01
1.708987133644795653e-01
1.715175743923132989e-01
1.721912496669675552e-01
1.728518349722318048e-01
1.735255102468860056e-01
1.741828230598028993e-01
1.748605889498914268e-01
1.755375367168930667e-01
1.761874864220280557e-01
1.768644341890297789e-01
1.775201107557728419e-01
1.781676060916470017e-01
1.788527350895174894e-01
1.794740504866119135e-01
1.801387264073105732e-01
1.808115835588778864e-01
1.814648057563602590e-01
1.821425716464487865e-01
1.828031569517131472e-01
1.834637422569774523e-01
1.841210550698942627e-01
1.847808222520716526e-01
1.854700418653765503e-01
1.861224459397720077e-01
1.868026661991210591e-01
1.874877951969916301e-01
1.881442898868214142e-01
1.888809606391649853e-01
1.895350009597343288e-01
1.902037674958673985e-01
1.908733521550871615e-01
1.915437549373939785e-01
1.922370651661330365e-01
1.929189216716561406e-01
1.936220493774377105e-01
1.943030877598737605e-01
1.949301300185763419e-01
1.956128046471860282e-01
1.963249317069233335e-01
1.970787830440910438e-01
1.977745476420908477e-01
1.984637672553957177e-01
1.991611680995692135e-01
1.998462970974396458e-01
2.005698778803930993e-01
2.012329175549179283e-01
2.019139559373540338e-01
2.026440817050025045e-01
2.033529362723922318e-01
2.040331565317412554e-01
2.047158311603512193e-01
2.053952332966134664e-01
2.061261771873487414e-01
2.068072155697848469e-01
2.074874358291342868e-01
2.081799279347864851e-01
2.089067812100873223e-01
2.096009095619132678e-01
2.102803116981756815e-01
2.110030743580422474e-01
2.117192920332137962e-01
2.124306009698640751e-01
2.131443642757749890e-01
2.138532188431647163e-01
2.145391659641221194e-01
2.152422936699036893e-01
2.159462394987719525e-01
2.167025452052005474e-01
2.174113997725901359e-01
2.181366168017173368e-01
2.188569250923234066e-01
2.195346909824118509e-01
2.202844517041452344e-01
2.210121231025330701e-01
2.217545207164846599e-01
2.224715565147429575e-01
2.231877741899146450e-01
2.238966287573044001e-01
2.246300270173004210e-01
2.252897941994774500e-01
2.260068299977358031e-01
2.267173208112988059e-01
2.275047151950280178e-01
2.282986545634521913e-01
2.290705046085305396e-01
2.298399002843482808e-01
2.305168480513498375e-01
2.312502463113454421e-01
2.320450038028563089e-01
2.328283075711510830e-01
2.335592514618858029e-01
2.342836503679260052e-01
2.350301385973113943e-01
2.357700818420015998e-01
2.365623849642519982e-01
2.372606039315120763e-01
2.379833665913783369e-01
2.387233098360688477e-01
2.393912582491143359e-01
2.402702824185731778e-01
2.409897725860921935e-01
2.418082556471220779e-01
2.425923775385036840e-01
2.433805900453197002e-01
2.440755365202322835e-01
2.448482046883979080e-01
2.455766942098720484e-01
2.462675500693500275e-01
2.471048499613783533e-01
2.478946987143680059e-01
2.487205448831797949e-01
2.495333010826017717e-01
2.504286877137981704e-01
2.513404368067317929e-01
2.521900085450630158e-01
2.529667673286626339e-01
2.538858795293782444e-01
2.548099004686151803e-01
2.556725621763363265e-01
2.565573132074032148e-01
2.573520706989140816e-01
2.582147324066352279e-01
2.591943857157792963e-01
2.601143160395815168e-01
2.609794321165637698e-01
2.617815527158564581e-01
2.627399348247415056e-01
2.636533201638489587e-01
2.646526084270780510e-01
2.657042565678667256e-01
2.666626386767519397e-01
2.676807437709790016e-01
2.686931220035976287e-01
2.696956827591741046e-01
2.707301503151386401e-01
2.717924340560565755e-01
2.727229999799883342e-01
2.737607400283001424e-01
2.746634897672782794e-01
2.757094110464588521e-01
2.766988818326451272e-01
2.777251681577408982e-01
2.787367282672729152e-01
2.797261990534594678e-01
2.807721203326401516e-01
2.817607729957395390e-01
2.827837868284879264e-01
2.837478957989814643e-01
2.847700915086429641e-01
2.857922872183043528e-01
2.867735767736221408e-01
2.878039537141522941e-01
2.888245131776399077e-01
2.897648965786140951e-01
2.907903647806228675e-01
2.917381112893788209e-01
2.926703134594840772e-01
2.937129622463172107e-01
2.947621560178453892e-01
2.957467180655105055e-01
2.967803674983882090e-01
2.978475599778275251e-01
2.989180249496145581e-01
2.999484018901445448e-01
3.009763244614142574e-01
3.019739764784695191e-01
3.029470848029190977e-01
3.038522889111580083e-01
3.048965739441649170e-01
3.058786816225694816e-01
3.069311478864450993e-01
3.079975222427975279e-01
3.090385347834571084e-01
3.100533673853367311e-01
3.110338388175673541e-01
3.120298545884490071e-01
3.130798664830642397e-01
3.141626033011542529e-01
3.151357116256036650e-01
3.161963591203482693e-01
3.172357354148339637e-01
3.182317511857155612e-01
3.193455766811064689e-01
3.203211393748162106e-01
3.212967020685261743e-01
3.222878091008862245e-01
3.233312760108068562e-01
3.242798406426498636e-01
3.253290344141780421e-01
3.263168689541910417e-01
3.273472458947211394e-01
3.282712668339576867e-01
3.292091958656712669e-01
3.302428452985487484e-01
3.312814034699475552e-01
3.322856004716980838e-01
3.332906155965353889e-01
3.342473614592468834e-01
3.353358251389451095e-01
3.362876622631356116e-01
3.373065854804490615e-01
3.383942310370601225e-01
3.394344254546328710e-01
3.404958910724643628e-01
3.415573566902957436e-01
3.425631899382196588e-01
3.435600238321881994e-01
3.445233146795947388e-01
3.454931505116962676e-01
3.465210730829658137e-01
3.475841749469708031e-01
3.486791836113635190e-01
3.497676472910617451e-01
3.508102960778948787e-01
3.517948581255601059e-01
3.528080544812658981e-01
3.536928055123327863e-01
3.546021002360058016e-01
3.556103878531906015e-01
3.566980334098015515e-01
3.577717708739357461e-01
3.588316002455931852e-01
3.598317066319092761e-01
3.608121780641405096e-01
3.618401006354098337e-01
3.628819312991559687e-01
3.639474875324215652e-01
3.650032262886446222e-01
3.659616083975298917e-01
3.669510791837165553e-01
3.679258237543397425e-01
3.689349294946107638e-01
3.699309452654921948e-01
3.707625182959123911e-01
3.717364447434485797e-01
3.726596475595985725e-01
3.736540270843066169e-01
3.746328622703635758e-01
3.756035162255523807e-01
3.766044407349545819e-01
3.774859192736741975e-01
3.784696631982524817e-01
3.793781397988387205e-01
3.803029788611625994e-01
3.811280069068878062e-01
3.820553003384717927e-01
3.830120462011832871e-01
3.839941538795881293e-01
3.849361735267360918e-01
3.857971989882836850e-01
3.866606788190918853e-01
3.875552473272012577e-01
3.883843005385135827e-01
