9.578646474784338269e-03
7.741197080677941766e-03
6.706470723471288052e-03
5.957082454000508023e-03
5.357577122580316209e-03
4.864380761463260247e-03
4.448911404758878162e-03
4.083020342898924238e-03
3.755123387911572623e-03
3.462902887538476648e-03
3.198887170849857350e-03
2.958836715976633728e-03
2.741651005663518596e-03
2.545335813658407709e-03
2.367603776283602746e-03
2.205684427282216409e-03
2.058232085067689121e-03
1.923181358300612856e-03
1.799187314349502426e-03
1.685509250013299959e-03
1.581324488070721696e-03
1.485831744426465524e-03
1.398062614593609775e-03
1.317356784063476033e-03
1.242803964110467899e-03
1.174023032611335674e-03
1.110105582100033659e-03
1.051134210817389813e-03
9.966739791266901027e-04
9.464207877545035641e-04
9.000598142907647366e-04
8.573366684069230097e-04
8.179443469134777900e-04
7.815609426953448995e-04
7.480512409678332633e-04
7.171738312142679744e-04
6.889965139414825669e-04
6.627937894761142109e-04
6.385686560209281751e-04
6.161945689554739099e-04
5.954060204811249726e-04
5.761921461672380373e-04
5.584477748828495106e-04
5.421893659619185339e-04
5.272926954740577441e-04
5.136701526135255833e-04
5.010374517542736045e-04
4.894220408355003365e-04
4.785726220234597832e-04
4.684629844850848727e-04
4.589806851652829082e-04
4.501144623038801757e-04
4.418287030977009495e-04
4.339683557353769903e-04
4.263120292330963923e-04
4.190683614657563947e-04
4.121784687419900164e-04
4.054608785823183995e-04
3.990131016614672588e-04
3.928257585338697428e-04
3.868572289481892910e-04
3.810516298963660588e-04
3.753806828000302485e-04
3.700008718380265720e-04
3.647907417678813123e-04
3.595709368083280428e-04
3.546214991282930639e-04
3.497590445591034739e-04
3.450035213872589186e-04
3.404541043885618307e-04
3.359739177537082516e-04
3.316385959797584220e-04
3.273717646153586247e-04
3.232382462857656506e-04
3.191898708140135051e-04
3.152397203370660731e-04
3.114134580597452667e-04
3.076023096951294861e-04
3.038286756090729916e-04
3.001245804356562192e-04
2.964808989094572396e-04
2.928978021530925097e-04
2.893624497345349714e-04
2.859208504057944491e-04
2.825706067336798992e-04
2.792183905038683593e-04
2.759367426238422578e-04
2.727110641983495156e-04
2.695588943407779586e-04
2.664212161374399524e-04
2.633285579300228847e-04
2.602694883683970306e-04
2.572719275437200504e-04
2.542714140834608579e-04
2.513478874941349494e-04
2.484211449224226669e-04
2.455625875152132962e-04
2.427578616940656770e-04
2.399429784409328088e-04
2.372193906957692955e-04
2.344602535212902798e-04
2.317690802852510727e-04
2.291115843132040999e-04
2.264645341649947942e-04
2.238733014048212972e-04
2.213196928619949773e-04
2.187929333350222124e-04
2.163133105871450196e-04
2.138660374739218353e-04
2.114098806104687902e-04
2.089727430523749779e-04
2.065878990034686932e-04
2.042232013508484695e-04
2.018814939866664599e-04
1.995455943654101890e-04
1.972601475027670724e-04
1.950155129854570259e-04
1.927697416992592175e-04
1.905804350474546124e-04
1.883851216108251762e-04
1.862264497210302475e-04
1.840932479083276019e-04
1.819728136712710925e-04
1.798808897502973572e-04
1.777946129338724656e-04
1.757537504495340131e-04
1.737287265275828875e-04
1.717272264506324606e-04
1.697581521436875376e-04
1.678018404111857942e-04
1.658598430639565083e-04
1.639326796092750401e-04
1.620273297785697396e-04
1.601522136202628303e-04
1.582927474619889592e-04
1.564593405092818638e-04
1.546604123593387458e-04
1.528722506878932644e-04
1.510893853801649033e-04
1.493228972715724356e-04
1.475621399267778005e-04
1.458320082718597688e-04
1.441240825052964903e-04
1.424377723831666805e-04
1.407559690453034223e-04
1.390964714244454447e-04
1.374388914435018417e-04
1.357690823490845494e-04
1.341508889511274524e-04
1.325325710286022625e-04
1.309600762838024693e-04
1.294030111639836043e-04
1.278502093605673930e-04
1.263173893870859468e-04
1.248113318520869966e-04
1.233214679827880948e-04
1.218447974532745650e-04
1.203829097360535930e-04
1.189415431051750482e-04
1.175065815722475500e-04
1.160934451461399211e-04
1.146768362918915428e-04
1.132920437850301658e-04
1.119334433252751180e-04
1.105846652292586518e-04
1.092411046291167785e-04
1.079158874536937832e-04
1.066069170168609402e-04
1.053045378603732714e-04
1.040206860902822807e-04
1.027474589644805268e-04
1.014842799927255035e-04
1.002432565022830322e-04
9.901609087880533760e-05
9.775565247134535983e-05
9.656026517727503292e-05
9.536190049162794385e-05
9.418631619943600153e-05
9.302574335469183172e-05
9.182422408005939236e-05
9.066454121849436244e-05
8.954617310810411752e-05
8.842856107467753730e-05
8.733580807653453621e-05
8.626337535979145053e-05
8.519780852657720977e-05
8.413310088268598284e-05
8.308868411477974647e-05
8.205469608041982335e-05
8.103976784032107777e-05
8.002716908261765598e-05
7.903989705859805817e-05
7.805424126847291448e-05
7.708812692632882688e-05
7.612524868402199070e-05
7.517826718391399504e-05
7.423774873053945607e-05
7.330966832162860117e-05
7.239697255569234140e-05
7.148907371204522225e-05
7.059879982133476350e-05
6.971683794261607280e-05
6.884268358456960811e-05
6.798476242776033509e-05
6.713897249871009438e-05
6.630075194807190917e-05
6.547596179599056692e-05
6.466125202905081005e-05
6.385967708003273294e-05
6.306560548063967265e-05
6.228546443189316199e-05
6.151464336967415330e-05
6.073973707945743512e-05
5.998634215287618600e-05
5.923892661071636985e-05
5.850115613674155787e-05
5.777418995956392023e-05
5.704778424036097660e-05
5.619972306296127989e-05
5.544993288734036531e-05
5.476022464127609839e-05
5.408387081528238168e-05
5.341375854077570182e-05
5.275342963668220285e-05
5.208505413034130246e-05
5.144808592069423093e-05
5.081333035179708835e-05
5.019411097529315804e-05
4.957927548901639955e-05
4.897329058901963726e-05
4.837695869418742360e-05
4.777732503378530077e-05
4.719682964429785545e-05
4.662511475419046567e-05
4.606425445384458274e-05
4.550744952684983595e-05
4.496398291065560029e-05
4.442660170582792868e-05
4.389450182699906021e-05
4.337602873285944778e-05
4.283867865084548687e-05
4.227620213079289071e-05
4.178053870120476145e-05
4.128881910285978014e-05
4.080589687041735595e-05
4.033176386119519358e-05
3.986374297136340185e-05
3.933721364931834963e-05
3.887548938409722787e-05
3.840186472342111676e-05
3.796074071565162518e-05
3.752859773156243120e-05
3.710630707556254200e-05
3.668953589690629875e-05
3.627135553625246937e-05
3.586349844037637404e-05
3.544886472249214826e-05
3.506000116487888239e-05
3.467079447902476230e-05
3.429955834975388114e-05
3.393679824833555682e-05
3.351712376341436385e-05
3.312470197249556996e-05
3.277899601746465534e-05
3.243508368661665440e-05
3.210483837854412862e-05
3.177518629909308198e-05
3.145355744013369700e-05
3.114519748658118654e-05
3.084157820299467752e-05
3.054640816755383500e-05
3.021980988221458560e-05
2.989614708193678874e-05
2.961497987271020837e-05
2.934442823984090916e-05
2.907155685232822888e-05
2.881026786307752056e-05
2.855917433644192182e-05
2.830929317738381125e-05
2.805642072775293004e-05
2.781855914358640224e-05
2.759179327181447521e-05
2.736649839552300457e-05
2.714931947893432220e-05
2.691785180855779821e-05
2.671234466825103332e-05
2.650828168313802455e-05
2.623709349787710382e-05
2.596619898302549644e-05
2.577918325969516414e-05
2.559305995322717054e-05
2.541663966436792378e-05
2.525136744624885578e-05
2.508039697024404063e-05
2.492558612018315933e-05
2.472847000841692922e-05
2.457818761298237098e-05
2.441873141686694851e-05
2.427150060397753384e-05
2.409418219147105021e-05
2.393544385545980923e-05
2.380105688217592529e-05
2.367920889707998764e-05
2.350687482326037711e-05
2.337011973766959648e-05
2.322859602340355986e-05
2.308302157595544123e-05
2.298135894428913982e-05
2.288035949822195711e-05
2.278616057297947519e-05
2.269360133543801868e-05
2.260840598799139875e-05
2.242640841380036317e-05
2.229461165754564105e-05
2.221360531373930340e-05
2.212527919367344875e-05
2.205181064422532644e-05
2.198255133097170146e-05
2.191896797260882524e-05
2.182593112354154293e-05
2.174357108500298209e-05
2.166296095449754162e-05
2.160408625863174289e-05
2.154410164354886236e-05
2.148307030776895954e-05
2.142965705629307601e-05
2.137995442088742848e-05
2.131060568858046155e-05
2.126745474136086073e-05
2.122872419183326179e-05
2.118933189390225029e-05
2.114633260814699833e-05
2.110117279807291205e-05
2.105430253602186451e-05
2.102157824367498234e-05
2.098952402476123811e-05
2.095747710551013824e-05
2.093000829457265118e-05
2.090189024988311172e-05
2.087400128806146153e-05
2.085151282144095264e-05
2.082625478562237246e-05
2.080431361032006161e-05
2.078083914000330708e-05
2.075969089335347569e-05
2.074105096515610334e-05
2.071248627853241261e-05
2.067710147042096545e-05
2.063850395718182040e-05
2.061723302536360878e-05
2.060252484486270011e-05
2.058630392430097790e-05
2.057094192492896548e-05
2.055983095914562639e-05
2.054634388407593530e-05
2.052890305231465297e-05
2.051782377181000599e-05
2.050812239121565947e-05
2.049754904494335359e-05
2.048962897168261162e-05
2.047888074188448286e-05
2.046789598003320409e-05
2.045816996782778588e-05
2.044979176556149046e-05
2.044393329026528172e-05
2.043444344403210934e-05
2.042920141326344836e-05
2.042541328134480036e-05
2.042116376661069158e-05
2.041785031118386508e-05
2.041613120849956965e-05
2.041108189635541470e-05
2.040738862906656641e-05
2.040037912398551281e-05
2.039684599016541904e-05
2.039183049819615550e-05
2.038848844679147217e-05
2.038774496521103319e-05
2.038657204588126314e-05
2.038616425514937276e-05
2.038260000308555160e-05
2.038202161755086768e-05
2.038176368681254602e-05
2.038165692669213503e-05
2.037849372090335713e-05
2.037801004943482595e-05
2.037683929841117215e-05
2.037631235052629223e-05
2.037493948865424617e-05
2.037453144306272887e-05
2.037389624138323169e-05
2.037295005832732858e-05
2.037270129966106807e-05
2.037149352717771474e-05
2.037119227723867496e-05
2.036765007758032503e-05
2.036550355527123727e-05
2.036530399987181403e-05
2.036418912033954005e-05
2.036141765327961317e-05
2.035937112977225861e-05
2.035886896305906464e-05
2.035535112592980883e-05
2.035210736065920587e-05
2.034922254339778367e-05
2.034798483665226565e-05
2.034764646348640390e-05
2.034571732388880451e-05
2.034421586576749510e-05
2.034397367806548663e-05
2.034389088689327705e-05
2.034364186615388764e-05
2.034336494909937107e-05
2.034310650432682001e-05
2.034225637871737844e-05
2.034140082884717843e-05
2.034065121844622520e-05
2.033844479737806186e-05
2.033510198675569794e-05
2.033468438892756461e-05
2.033055386357808541e-05
2.032824876784698553e-05
2.032607123847006024e-05
2.032534909959251177e-05
2.032511575928938426e-05
2.032232472776702797e-05
2.031859277253074173e-05
2.031693527737948960e-05
2.031441128003235846e-05
2.031378895450641449e-05
2.031339573110888953e-05
2.031229107691052117e-05
2.031190562469627331e-05
2.031175958547458272e-05
2.031162321412271918e-05
2.031119849399978683e-05
2.030968172745307879e-05
2.029634449489021533e-05
2.029106168094502906e-05
2.028654941818787443e-05
2.028503516836836304e-05
2.028110901875974280e-05
2.027708666625374219e-05
2.027504304528159106e-05
2.027405953878389593e-05
2.027262748441957253e-05
2.027001943341409364e-05
2.026905714123207252e-05
2.026532291052386792e-05
2.026107535613061485e-05
2.025990813842871500e-05
2.025579492513233980e-05
2.025281923240278002e-05
2.025226076037087847e-05
2.025218800836273207e-05
2.025189177071213493e-05
2.025148891437838678e-05
2.025145054769758951e-05
2.024923894052023095e-05
2.024558547468333897e-05
2.024255584971424888e-05
2.023735005116792572e-05
2.023350837762360229e-05
2.023259458690143163e-05
2.023051345712809394e-05
2.023012359262610103e-05
2.023119842478495449e-05
2.022729931539122634e-05
2.022218093669508413e-05
2.021833689854985467e-05
2.021694582859596322e-05
2.020608423290749326e-05
2.019765659078449232e-05
2.019216194620104010e-05
2.019056832755404283e-05
2.019083434403301221e-05
2.019307275184228849e-05
2.017493682363985971e-05
2.015952343779073242e-05
2.013698690189810256e-05
2.013589580493593267e-05
2.009085036109298561e-05
2.006596711655928269e-05
2.005145150204928444e-05
2.004822165073215340e-05
2.003185600528757952e-05
1.999582968826536119e-05
1.998355744963328979e-05
1.991073086881884916e-05
1.990353088508196760e-05
1.990514074429468764e-05
1.988911551418739675e-05
1.984671921169224232e-05
1.988127153137821449e-05
1.989231144798773255e-05
1.989277920139760720e-05
1.997021991466967934e-05
2.011101423239707823e-05
2.042842782679100413e-05
2.100910036363957414e-05
2.241018443962354770e-05
