4.014376414689482536e-06
4.255238999570856587e-04
8.470334234994770974e-04
1.268542947041877752e-03
1.690052470584279057e-03
2.111561994126663015e-03
2.533071517669044370e-03
2.954581041211425292e-03
3.376090564753806648e-03
3.797600088296214892e-03
4.219109611838636580e-03
4.640619135381059135e-03
5.062128658923480823e-03
5.483638182465902511e-03
5.905147706008325066e-03
6.326657229550746754e-03
6.748166753093168442e-03
7.169676276635589263e-03
7.591185800178011818e-03
8.012695323720434373e-03
8.434204847262856061e-03
8.855714370805277749e-03
9.277223894347699437e-03
9.698733417890121125e-03
1.012024294143254281e-02
1.054175246497496450e-02
1.096326198851738619e-02
1.138477151205980788e-02
1.180628103560222956e-02
1.222779055914465299e-02
1.264930008268707468e-02
1.307080960622949636e-02
1.349231912977191805e-02
1.391382865331433974e-02
1.433533817685675969e-02
1.475684770039918138e-02
1.517835722394160307e-02
1.559986674748402649e-02
1.602137627102644818e-02
1.644288579456886987e-02
1.686439531811129156e-02
1.728590484165371324e-02
1.770741436519613493e-02
1.812892388873855662e-02
1.855043341228097831e-02
1.897194293582339999e-02
1.939345245936582515e-02
1.981496198290824684e-02
2.023647150645066853e-02
2.065798102999309022e-02
2.107949055353551190e-02
2.150100007707793012e-02
2.192250960062035181e-02
2.234401912416277350e-02
2.276552864770519866e-02
2.318703817124762034e-02
2.360854769479004203e-02
2.403005721833246372e-02
2.445156674187488541e-02
2.487307626541730710e-02
2.529458578895972878e-02
2.571609531250215047e-02
2.613760483604457216e-02
2.655911435958699385e-02
2.698062388312941554e-02
2.740213340667183722e-02
2.782364293021426238e-02
2.824515245375668407e-02
2.866666197729910576e-02
2.908817150084152744e-02
2.950968102438394913e-02
2.993119054792637082e-02
3.035270007146879251e-02
3.077420959501121420e-02
3.119571911855363588e-02
3.161722864209606104e-02
3.203873816563847926e-02
3.246024768918090442e-02
3.288175721272332264e-02
3.330326673626574779e-02
3.372477625980816601e-02
3.414628578335059117e-02
3.456779530689300939e-02
3.498930483043543455e-02
3.541081435397785970e-02
3.583232387752027792e-02
3.625383340106270308e-02
3.667534292460512130e-02
3.709685244814754645e-02
3.751836197168996467e-02
3.793987149523238983e-02
3.836138101877480805e-02
3.878289054231723321e-02
3.920440006585965143e-02
3.962590958940207658e-02
4.004741911294450174e-02
4.046892863648691996e-02
4.089043816002934512e-02
4.131194768357176333e-02
4.173345720711418849e-02
4.215496673065660671e-02
4.257647625419903187e-02
4.299798577774145009e-02
4.341949530128386830e-02
4.384100482482629346e-02
4.426251434836871168e-02
4.468402387191113684e-02
4.510553339545355506e-02
4.552704291899598715e-02
4.594855244253839843e-02
4.637006196608083053e-02
4.679157148962324875e-02
4.721308101316567390e-02
4.763459053670809212e-02
4.805610006025051728e-02
4.847760958379293550e-02
4.889911910733536066e-02
4.932062863087777888e-02
4.974213815442020403e-02
5.016364767796262225e-02
5.058515720150504741e-02
5.100666672504746563e-02
5.142817624858989078e-02
5.184968577213230900e-02
5.227119529567473416e-02
5.269270481921715238e-02
5.311421434275957754e-02
5.353572386630199575e-02
5.395723338984442091e-02
5.437874291338683913e-02
5.480025243692927123e-02
5.522176196047168251e-02
5.564327148401411460e-02
5.606478100755652588e-02
5.648629053109854165e-02
5.690780005464030067e-02
5.732930957818206663e-02
5.775081910172383953e-02
5.817232862526560550e-02
5.859383814880736452e-02
5.901534767234913048e-02
5.943685719589090338e-02
5.985836671943266935e-02
6.027987624297442837e-02
6.070138576651620127e-02
6.112289529005796723e-02
6.154440481359973319e-02
6.196591433714150610e-02
6.238742386068326512e-02
6.280893338422503802e-02
6.323044290776680398e-02
6.365195243130856995e-02
6.407346195485033591e-02
6.449497147839210187e-02
6.491648100193386783e-02
6.533799052547563380e-02
6.575950004901739976e-02
6.618100957255916572e-02
6.660251909610093168e-02
6.702402861964269765e-02
6.744553814318446361e-02
6.786704766672622957e-02
6.828855719026799553e-02
6.871006671380977537e-02
6.913157623735152746e-02
6.955308576089329342e-02
6.997459528443507326e-02
7.039610480797683922e-02
7.081761433151859131e-02
7.123912385506037115e-02
7.166063337860213711e-02
7.208214290214390307e-02
7.250365242568566904e-02
7.292516194922743500e-02
7.334667147276920096e-02
7.376818099631096692e-02
7.418969051985273289e-02
7.461120004339449885e-02
7.503270956693626481e-02
7.545421909047803077e-02
7.587572861401979674e-02
7.629723813756156270e-02
7.671874766110332866e-02
7.714025718464509462e-02
7.756176670818686059e-02
7.798327623172864043e-02
7.840478575527039251e-02
7.882629527881215847e-02
7.924780480235393831e-02
7.966931432589570428e-02
8.009082384943745636e-02
8.051233337297923620e-02
8.093384289652100216e-02
8.135535242006276813e-02
8.177686194360453409e-02
8.219837146714630005e-02
8.261988099068806601e-02
8.304139051422983198e-02
8.346290003777159794e-02
8.388440956131336390e-02
8.430591908485512986e-02
8.472742860839689583e-02
8.514893813193866179e-02
8.557044765548042775e-02
8.599195717902219371e-02
8.641346670256397355e-02
8.683497622610573952e-02
8.725648574964750548e-02
8.767799527318927144e-02
8.809950479673102353e-02
8.852101432027278949e-02
8.894252384381455545e-02
8.936403336735633529e-02
8.978554289089810125e-02
9.020705241443986722e-02
9.062856193798163318e-02
9.105007146152339914e-02
9.147158098506515123e-02
9.189309050860694494e-02
9.231460003214869703e-02
9.273610955569046299e-02
9.315761907923222895e-02
9.357912860277399492e-02
9.400063812631576088e-02
9.442214764985754072e-02
9.484365717339930668e-02
9.526516669694107264e-02
9.568667622048282473e-02
9.610818574402459069e-02
9.652969526756635665e-02
9.695120479110812262e-02
9.737271431464990246e-02
9.779422383819166842e-02
9.821573336173343438e-02
9.863724288527520034e-02
9.905875240881695243e-02
9.948026193235871839e-02
9.990177145590049823e-02
1.003232809794422642e-01
1.007447905029840302e-01
1.011663000265257961e-01
1.015878095500675621e-01
1.020093190736093280e-01
1.024308285971511079e-01
1.028523381206928738e-01
1.032738476442346259e-01
1.036953571677763919e-01
1.041168666913181579e-01
1.045383762148599238e-01
1.049598857384016898e-01
1.053813952619434696e-01
1.058029047854852356e-01
1.062244143090270015e-01
1.066459238325687536e-01
1.070674333561105196e-01
1.074889428796522856e-01
1.079104524031940654e-01
1.083319619267358314e-01
1.087534714502775973e-01
1.091749809738193633e-01
1.095964904973611292e-01
1.100180000209028813e-01
1.104395095444446750e-01
1.108610190679864410e-01
1.112825285915281931e-01
1.117040381150699591e-01
1.121255476386117250e-01
1.125470571621534910e-01
1.129685666856952569e-01
1.133900762092370368e-01
1.138115857327788027e-01
1.142330952563205687e-01
1.146546047798623208e-01
1.150761143034040868e-01
1.154976238269458527e-01
1.159191333504876326e-01
1.163406428740293985e-01
1.167621523975711645e-01
1.171836619211129304e-01
1.176051714446546964e-01
1.180266809681964485e-01
1.184481904917382422e-01
1.188697000152799943e-01
1.192912095388217603e-01
1.197127190623635262e-01
1.201342285859052922e-01
1.205557381094470581e-01
1.209772476329888241e-01
1.213987571565306040e-01
1.218202666800723699e-01
1.222417762036141220e-01
1.226632857271558880e-01
1.230847952506976539e-01
1.235063047742394199e-01
1.239278142977811997e-01
1.243493238213229657e-01
1.247708333448647317e-01
1.251923428684064976e-01
1.256138523919482497e-01
1.260353619154900295e-01
1.264568714390318094e-01
1.268783809625735615e-01
1.272998904861153413e-01
1.277214000096570934e-01
1.281429095331988455e-01
1.285644190567406253e-01
1.289859285802823774e-01
1.294074381038241572e-01
1.298289476273659371e-01
1.302504571509076892e-01
1.306719666744494690e-01
1.310934761979912211e-01
1.315149857215329732e-01
1.319364952450747530e-01
1.323580047686165329e-01
1.327795142921582849e-01
1.332010238157000648e-01
1.336225333392418169e-01
1.340440428627835967e-01
1.344655523863253765e-01
1.348870619098671286e-01
1.353085714334089085e-01
1.357300809569506606e-01
1.361515904804924126e-01
1.365731000040341925e-01
1.369946095275759446e-01
1.374161190511177244e-01
1.378376285746595042e-01
1.382591380982012563e-01
1.386806476217430362e-01
1.391021571452847883e-01
1.395236666688265403e-01
1.399451761923683202e-01
1.403666857159101000e-01
1.407881952394518521e-01
1.412097047629936319e-01
1.416312142865353840e-01
1.420527238100771639e-01
1.424742333336189437e-01
1.428957428571606958e-01
1.433172523807024479e-01
1.437387619042442277e-01
1.441602714277859798e-01
1.445817809513277596e-01
1.450032904748695117e-01
1.454247999984112916e-01
1.458463095219530714e-01
1.462678190454948235e-01
1.466893285690365756e-01
1.471108380925783554e-01
1.475323476161201075e-01
1.479538571396618873e-01
1.483753666632036672e-01
1.487968761867454193e-01
1.492183857102871991e-01
1.496398952338289512e-01
1.500614047573707033e-01
1.504829142809125109e-01
1.509044238044542630e-01
1.513259333279960150e-01
1.517474428515377949e-01
1.521689523750795470e-01
1.525904618986213268e-01
1.530119714221630789e-01
1.534334809457048587e-01
1.538549904692466386e-01
1.542764999927883907e-01
1.546980095163301427e-01
1.551195190398719226e-01
1.555410285634136747e-01
1.559625380869554545e-01
1.563840476104972343e-01
1.568055571340389864e-01
1.572270666575807663e-01
1.576485761811225184e-01
1.580700857046642704e-01
1.584915952282060780e-01
1.589131047517478301e-01
1.593346142752895822e-01
1.597561237988313620e-01
1.601776333223731141e-01
1.605991428459148940e-01
1.610206523694566461e-01
1.614421618929984259e-01
1.618636714165402057e-01
1.622851809400819578e-01
1.627066904636237099e-01
1.631281999871654897e-01
1.635497095107072418e-01
1.639712190342490217e-01
1.643927285577908015e-01
1.648142380813325536e-01
1.652357476048743334e-01
1.656572571284160855e-01
1.660787666519578376e-01
1.665002761754996174e-01
1.669217856990413973e-01
1.673432952225831494e-01
1.677648047461249292e-01
1.681863142696666813e-01
1.686078237932084611e-01
1.690293333167502132e-01
1.694508428402919931e-01
1.698723523638337451e-01
1.702938618873755250e-01
1.707153714109173048e-01
1.711368809344590569e-01
1.715583904580008368e-01
1.719798999815425888e-01
1.724014095050843687e-01
1.728229190286261208e-01
1.732444285521678728e-01
1.736659380757096527e-01
1.740874475992514048e-01
1.745089571227931846e-01
1.749304666463349367e-01
1.753519761698767165e-01
1.757734856934184686e-01
1.761949952169602762e-01
1.766165047405020283e-01
1.770380142640438081e-01
1.774595237875855602e-01
1.778810333111273123e-01
1.783025428346690922e-01
1.787240523582108442e-01
1.791455618817526241e-01
1.795670714052943762e-01
1.799885809288361282e-01
1.804100904523779081e-01
1.808315999759196602e-01
1.812531094994614678e-01
1.816746190230032199e-01
1.820961285465449997e-01
1.825176380700867518e-01
1.829391475936285316e-01
1.833606571171702837e-01
1.837821666407120635e-01
1.842036761642538156e-01
1.846251856877955677e-01
1.850466952113373476e-01
1.854682047348790996e-01
1.858897142584208795e-01
1.863112237819626316e-01
1.867327333055044392e-01
1.871542428290461912e-01
1.875757523525879711e-01
1.879972618761297232e-01
1.884187713996715030e-01
1.888402809232132551e-01
1.892617904467550072e-01
1.896832999702967870e-01
1.901048094938385391e-01
1.905263190173803189e-01
1.909478285409220710e-01
1.913693380644638231e-01
1.917908475880056030e-01
1.922123571115474105e-01
1.926338666350891626e-01
1.930553761586309147e-01
1.934768856821726946e-01
1.938983952057144466e-01
1.943199047292562265e-01
1.947414142527979786e-01
1.951629237763397584e-01
1.955844332998815105e-01
1.960059428234232626e-01
1.964274523469650424e-01
1.968489618705067945e-01
1.972704713940486021e-01
1.976919809175903542e-01
1.981134904411321340e-01
1.985349999646738861e-01
1.989565094882156659e-01
1.993780190117574180e-01
1.997995285352991701e-01
2.002210380588409500e-01
2.006425475823827020e-01
2.010640571059244819e-01
2.014855666294662340e-01
2.019070761530080138e-01
2.023285856765497659e-01
2.027500952000915735e-01
2.031716047236333256e-01
2.035931142471751054e-01
2.040146237707168575e-01
2.044361332942586096e-01
2.048576428178003894e-01
2.052791523413421415e-01
2.057006618648839213e-01
2.061221713884256734e-01
2.065436809119674255e-01
2.069651904355092054e-01
2.073866999590509574e-01
2.078082094825927373e-01
2.082297190061345449e-01
2.086512285296762970e-01
2.090727380532180490e-01
2.094942475767598289e-01
2.099157571003015810e-01
2.103372666238433608e-01
2.107547617709704391e-01
