7.962775241841061127e-03
6.840683417923442561e-03
6.177706230077009350e-03
5.674264157332445727e-03
5.261305339223696850e-03
4.910560686256119217e-03
4.607981766455167272e-03
4.341172502467624712e-03
4.100237915243057189e-03
3.878758978747772878e-03
3.673827468303386690e-03
3.484474718360169084e-03
3.309352420926286661e-03
3.146144325284557126e-03
2.994038949148435276e-03
2.851803002445993471e-03
2.718703808016919698e-03
2.594151667770797694e-03
2.477721492829664234e-03
2.368714977916754148e-03
2.266317772411178752e-03
2.169910485965780358e-03
2.079002100635717575e-03
1.993243226340861863e-03
1.912010083858335652e-03
1.835080879740742495e-03
1.762094228909893935e-03
1.692931789978916000e-03
1.627324001543346485e-03
1.565078313322448194e-03
1.505935290122695312e-03
1.449754970293518856e-03
1.396295326847065343e-03
1.345477737923654561e-03
1.297045324757248146e-03
1.250867505492852779e-03
1.206886977801837658e-03
1.164918734130967852e-03
1.124804890699639126e-03
1.086479774555438454e-03
1.049837207220689038e-03
1.014782289403648712e-03
9.811968345803502925e-04
9.490617296711873624e-04
9.183110182243891173e-04
8.888308455530880090e-04
8.605409875513688302e-04
8.334460601645827908e-04
8.074865815482569790e-04
7.826043832987856184e-04
7.587849241049924838e-04
7.359442989820247794e-04
7.141106499426084185e-04
6.932336277610323064e-04
6.732530696985971133e-04
6.541555742692329841e-04
6.359256560630506408e-04
6.185161057956958244e-04
6.019091157272423234e-04
5.860759554308421103e-04
5.709746483643200494e-04
5.565983843587076754e-04
5.429361989372244891e-04
5.299529881023389748e-04
5.176172117765465500e-04
5.059273295095675091e-04
4.948325803509495430e-04
4.843229572110877121e-04
4.743407574867676080e-04
4.648996576806245962e-04
4.559756092099732233e-04
4.475395326276233204e-04
4.395472340674911227e-04
4.320002316721723696e-04
4.248509561815855154e-04
4.180687732260565431e-04
4.116286443622673569e-04
4.055103111695262746e-04
3.997097395277327708e-04
3.941732582198608534e-04
3.888866199413418766e-04
3.838260872166817739e-04
3.789715265980764247e-04
3.742963827174869700e-04
3.697929608550720205e-04
3.654366500642792777e-04
3.612293494579143951e-04
3.571594294490634011e-04
3.532204172104958699e-04
3.494048083673294996e-04
3.456985419726946109e-04
3.420933495329487196e-04
3.385898739944608765e-04
3.351721528661991459e-04
3.318440981446813768e-04
3.285976650296019421e-04
3.254263648093706166e-04
3.223272617179956021e-04
3.192977909080288641e-04
3.163350786855689649e-04
3.134383792007758990e-04
3.106012198495723339e-04
3.078273649671549057e-04
3.051076364686773406e-04
3.024439627332408428e-04
2.998279624611506684e-04
2.972542135874547400e-04
2.947253327512923621e-04
2.922464359964546178e-04
2.898083452817255346e-04
2.874118076148332482e-04
2.850532886584554925e-04
2.827396064479295850e-04
2.804665819182953373e-04
2.782283718925148775e-04
2.760180790930369691e-04
2.738477541147363368e-04
2.717095446984817641e-04
2.696013567746896621e-04
2.675240266939091227e-04
2.654726940286579440e-04
2.634524207122426157e-04
2.614605140143735256e-04
2.594915277450926213e-04
2.575459521151808335e-04
2.556252902686197343e-04
2.537276270857079371e-04
2.518536580951919097e-04
2.500024225119554721e-04
2.481778525192494009e-04
2.463750813703566994e-04
2.445933061012207942e-04
2.428377623216207654e-04
2.411014174610627016e-04
2.393866268661818623e-04
2.376871667628300969e-04
2.360065191015920641e-04
2.343472960545204826e-04
2.327051728536778388e-04
2.310755604023264785e-04
2.294659991351693335e-04
2.278805560590059357e-04
2.263104197887755656e-04
2.247602396043370861e-04
2.232241839139791550e-04
2.217047792142980427e-04
2.202019872860849997e-04
2.187174137543926723e-04
2.172447937939131783e-04
2.157856433515769766e-04
2.143427489287071520e-04
2.129137648623837008e-04
2.115000619520638313e-04
2.100970132971485566e-04
2.087081858359403537e-04
2.073314329391354128e-04
2.059690389560837399e-04
2.046188154992066544e-04
2.032818631696596979e-04
2.019615447055129673e-04
2.006513971328605192e-04
1.993540775671678335e-04
1.980673826170523122e-04
1.967969734193639989e-04
1.955374209964754958e-04
1.942924477885773929e-04
1.930575775344080518e-04
1.918355399953091919e-04
1.906234803955623135e-04
1.894248000478779845e-04
1.882399844409935244e-04
1.870669422662121328e-04
1.859048613346914788e-04
1.847538194559502104e-04
1.836084111209852451e-04
1.824762888647246130e-04
1.813557790344880562e-04
1.802444450203775678e-04
1.791455618758030393e-04
1.780545146583849736e-04
1.769740008344530206e-04
1.759084319387684817e-04
1.748513362606750224e-04
1.738079797701674476e-04
1.727761823917692502e-04
1.717557720023579803e-04
1.707436048457600943e-04
1.697402115321287115e-04
1.687501660010405863e-04
1.677681404114491476e-04
1.667975111512119289e-04
1.658380796559468439e-04
1.648870717943405281e-04
1.639479535636801462e-04
1.630216028434653970e-04
1.621011291183190083e-04
1.611928005950493455e-04
1.602947683030982054e-04
1.594078205204758371e-04
1.585295106933187152e-04
1.576645327266837978e-04
1.568089653003527061e-04
1.559625420137439680e-04
1.551253099026590255e-04
1.542990853986456960e-04
1.534836283277458383e-04
1.526769444224780202e-04
1.518822740846821899e-04
1.510928209584899869e-04
1.503155000790976385e-04
1.495472469404830729e-04
1.487867647441162670e-04
1.480342940509899775e-04
1.472938633797846316e-04
1.465610321332155440e-04
1.458397166833131026e-04
1.451277931772169082e-04
1.444234225977843991e-04
1.437268972191553616e-04
1.430377738926667667e-04
1.423602317997520671e-04
1.416904817526239385e-04
1.410299133565706675e-04
1.403776334606082559e-04
1.397362034825550025e-04
1.391024022303824351e-04
1.384773721716052160e-04
1.378624087161782138e-04
1.372539327627597130e-04
1.366552557191385306e-04
1.360444928641027073e-04
1.354586071206390844e-04
1.348834208864250258e-04
1.343153974926794005e-04
1.337567529028942299e-04
1.331961578901457582e-04
1.326503034960245617e-04
1.321164594592352999e-04
1.315898640406666686e-04
1.310732804003981284e-04
1.305640731647706343e-04
1.300555320209579560e-04
1.295597243075794739e-04
1.290714567378030398e-04
1.285929067878995068e-04
1.281246747296962366e-04
1.276639299622889798e-04
1.272121007894464785e-04
1.267620684222949196e-04
1.263221017556715440e-04
1.258895112869405067e-04
1.254677680573172466e-04
1.250538331141363773e-04
1.246485957282048203e-04
1.242497018526750947e-04
1.238553583682219241e-04
1.234710847780681351e-04
1.230948987952224904e-04
1.227234969737372387e-04
1.223592347070206630e-04
1.220054978515074508e-04
1.216592488042877822e-04
1.213185377915857794e-04
1.209751374631183889e-04
1.206476048168098064e-04
1.203258316473496028e-04
1.200117499495363367e-04
1.197069919766932471e-04
1.194084443525385487e-04
1.191148604932748859e-04
1.188251506057308232e-04
1.185452480675517814e-04
1.182679277707846341e-04
1.179982366582331079e-04
1.177356650470212613e-04
1.174809710425023544e-04
1.172321384803916825e-04
1.169876296215902804e-04
1.167500248447501775e-04
1.165149604784431473e-04
1.162854841518417615e-04
1.160579500787683473e-04
1.158382028722486747e-04
1.156239111272784972e-04
1.154164042825158245e-04
1.152135143366249495e-04
1.150166885172034133e-04
1.148236662791754493e-04
1.146340504122220184e-04
1.144503942506030743e-04
1.142715194481039466e-04
1.140925006815919618e-04
1.139214729338723577e-04
1.137519162369900487e-04
1.135899515531128883e-04
1.134313865526690568e-04
1.132696966254497921e-04
1.131180081669735775e-04
1.129703922316221385e-04
1.128249894430832139e-04
1.126830184703803275e-04
1.125449239408679450e-04
1.124080488784456145e-04
1.122767547290975444e-04
1.121486200843713530e-04
1.120250717650911017e-04
1.119026039331536768e-04
1.117851578234456248e-04
1.116687471450823093e-04
1.115563002405964776e-04
1.114431588760144055e-04
1.113365060509945446e-04
1.112318966486182614e-04
1.111322590333824640e-04
1.110341231504094743e-04
1.109391526013130179e-04
1.108461370633970927e-04
1.107524005594834495e-04
1.106643853602105079e-04
1.105759526832625372e-04
1.104893600857738124e-04
1.104080574641668383e-04
1.103283605324993541e-04
1.102506043798441549e-04
1.101761993859345039e-04
1.101030530353157354e-04
1.100322226402175612e-04
1.099610999235162926e-04
1.098943789119182418e-04
1.098281293425584256e-04
1.097576287174374053e-04
1.096963365594046011e-04
1.096355891716235467e-04
1.095678735594410005e-04
1.095081789249949738e-04
1.094536638108405347e-04
1.094005102712617436e-04
1.093467518153971347e-04
1.092966915181901817e-04
1.092457218929645564e-04
1.091970659885816558e-04
1.091495616111983911e-04
1.091030527718294703e-04
1.090589060603876182e-04
1.090163160321414975e-04
1.089681667792673214e-04
1.089281820041367352e-04
1.088875099271895879e-04
1.088496068432296798e-04
1.088129137820611819e-04
1.087760109951377464e-04
1.087416271161890507e-04
1.087072037722517590e-04
1.086740716230290374e-04
1.086413209586808081e-04
1.086098689094079292e-04
1.085795424985875208e-04
1.085500743539562560e-04
1.085215706659564249e-04
1.084914938204373296e-04
1.084632922439476100e-04
1.084376930886787535e-04
1.084125025730141751e-04
1.083871564389988308e-04
1.083603101751281621e-04
1.083351108996392426e-04
1.083124350313817159e-04
1.082914010257589164e-04
1.082702713569206628e-04
1.082493657681015298e-04
1.082277434774078317e-04
1.082089432880648509e-04
1.081908357205320495e-04
1.081730123977104989e-04
1.081515896189212889e-04
1.081342434358965139e-04
1.081178024409009395e-04
1.081022494264046092e-04
1.080846850324154675e-04
1.080704909597169462e-04
1.080519641080000581e-04
1.080382393028552938e-04
1.080247273862787536e-04
1.080118055319576043e-04
1.079997362243097410e-04
1.079872017465365990e-04
1.079747101226786435e-04
1.079626588238726074e-04
1.079503593140052477e-04
1.079395800348217525e-04
1.079292221442798485e-04
1.079195073013390063e-04
1.079069384336187975e-04
1.078964005630487252e-04
1.078853315032356707e-04
1.078723569291282618e-04
1.078633408687261019e-04
1.078552008429616905e-04
1.078466751238577487e-04
1.078380431349751042e-04
1.078303066834631870e-04
1.078191731249367961e-04
1.078115863509947913e-04
1.078046480787774785e-04
1.077972996730541377e-04
1.077907718068247189e-04
1.077842632394022645e-04
1.077781963326925323e-04
1.077722256667945205e-04
1.077659794059928532e-04
1.077595232053999672e-04
1.077526798534731133e-04
1.077475611891913731e-04
1.077413089503104817e-04
1.077364661122234710e-04
1.077317390626339705e-04
1.077270037602932044e-04
1.077208016484554678e-04
1.077166886053870499e-04
1.077083927771894006e-04
1.077031871752157652e-04
1.076986842354065317e-04
1.076949173271870734e-04
1.076905004340350525e-04
1.076865960197084126e-04
1.076832558691908715e-04
1.076794072507421187e-04
1.076759820163241760e-04
1.076728213916009033e-04
1.076697814530548283e-04
1.076669627257687158e-04
1.076639602372397273e-04
1.076565351601042745e-04
1.076538713138416550e-04
1.076515432199603637e-04
1.076490975483585633e-04
1.076459030051740977e-04
1.076420754506925522e-04
1.076385215128783482e-04
1.076364698861495729e-04
1.076333575490880654e-04
1.076304927902139064e-04
1.076284436947531458e-04
1.076269076776021770e-04
1.076255966497550206e-04
1.076223443971358171e-04
1.076210005156460434e-04
1.076198027362133445e-04
1.076185874354008179e-04
1.076173727416420458e-04
1.076164753094183645e-04
1.076147603463627520e-04
1.076131355618718826e-04
1.076119851330989945e-04
1.076115271512044665e-04
1.076106123758614400e-04
1.076098676948100111e-04
1.076084134152998002e-04
1.076075990296794180e-04
1.076064721828643816e-04
1.076059643897478934e-04
1.076053093626796900e-04
1.076047575645391983e-04
1.076043943774224377e-04
1.076037005007285288e-04
1.076031776672281716e-04
1.076028212328478969e-04
1.076024546628618885e-04
1.076021621951841947e-04
1.076019357997521709e-04
1.076003802982649927e-04
1.075984839924968054e-04
1.075977705811655610e-04
1.075973329173202239e-04
1.075969334767669041e-04
1.075963044849612832e-04
1.075957270858738377e-04
1.075951626120948395e-04
1.075945106630743812e-04
1.075932696442220555e-04
1.075923108693431621e-04
1.075917111129515033e-04
1.075910391311899947e-04
1.075899672223928655e-04
1.075891689683338207e-04
1.075874375577734731e-04
1.075861411077010679e-04
1.075845770464518191e-04
1.075834037648855428e-04
1.075817521661229502e-04
1.075792210210398028e-04
1.075773636264508665e-04
1.075750680908109429e-04
1.075715655624441303e-04
1.075676890972132328e-04
1.075638332858906877e-04
1.075585310288597763e-04
1.075518495157466622e-04
1.075412946423911391e-04
1.075294196672145470e-04
1.075165026326717495e-04
