4.505790155189733914e-01
4.508387357307094279e-01
4.513593017154070575e-01
4.521429560163576777e-01
4.531930404932628109e-01
4.545139685895278614e-01
4.561111861454063554e-01
4.579911190594515014e-01
4.601611059113422941e-01
4.626293136099558501e-01
4.654046342338818976e-01
4.684965614921956512e-01
4.719150456476675082e-01
4.756703263010423344e-01
4.797727431136123988e-01
4.842325253185418288e-01
4.890595617053877242e-01
4.942631536179380447e-01
4.998517543407822727e-01
5.058326990221023722e-01
5.122119299479137577e-01
5.189937225098492091e-01
5.261804175649723581e-01
5.337721660517268374e-01
5.417666916912646791e-01
5.501590773699411852e-01
5.589415803795457771e-01
5.681034811097909198e-01
5.776309690732003288e-01
5.875070693314936587e-01
5.977116115222319559e-01
6.082212427911590780e-01
6.190094850514490377e-01
6.300468361420517027e-01
6.413009136618869066e-01
6.527366395254656783e-01
6.643164626217010760e-01
6.760006163584668659e-01
6.877474073340994476e-01
6.995135308853314138e-01
7.112544088121747210e-01
7.229245441708292974e-01
7.344778876585866811e-01
7.458682097997990645e-01
7.570494728970996734e-01
7.679761965617493136e-01
7.786038106111791146e-01
7.888889892524251213e-01
7.987899607876729480e-01
8.082667876069916657e-01
8.172816119875324636e-01
8.257988641977804800e-01
8.337854305921887921e-01
8.412107807392522618e-01
8.480470540996373208e-01
8.542691082890390142e-01
8.598545324392120603e-01
8.647836305202586393e-01
8.690393806181129221e-01
8.726073769919490131e-01
8.754757622007089957e-01
8.776351566416221717e-01
8.790785924682942287e-01
8.798014580625127534e-01
