1.429905072246752809e-05
4.204959567834832298e-04
8.351279056641316501e-04
1.262412418774230003e-03
1.721750094598936513e-03
2.158313154810633742e-03
2.619337839199267163e-03
3.067709959358450381e-03
3.518612592363524073e-03
3.975419755342337290e-03
4.422104866937591645e-03
4.883973055608185378e-03
5.334032184331291386e-03
5.782404304490468966e-03
6.240898476033209311e-03
6.723010767470918164e-03
7.169695879066171652e-03
7.604571930713944355e-03
8.063909606538657154e-03
8.516499248107661443e-03
9.008733590928937399e-03
9.458792719652050346e-03
9.924878429732469920e-03
1.039180764409484807e-02
1.085789335417526418e-02
1.132819658566549918e-02
1.179090827861806190e-02
1.226205501439026069e-02
1.274838482723779365e-02
1.321025301590838912e-02
1.367633872598880349e-02
1.414917247032492290e-02
1.462622373607086641e-02
1.510411850609876330e-02
1.557189122474310697e-02
1.605569052474475206e-02
1.654455085043817983e-02
1.703425468041355750e-02
1.750455791190378557e-02
1.798920071618739791e-02
1.848902659754634789e-02
1.897619991467583769e-02
1.946590374465123272e-02
1.998428672021337893e-02
2.044446790032005551e-02
2.094007626026919006e-02
2.147026829577882573e-02
2.194731956152476057e-02
2.239990920309375966e-02
2.289130004163306836e-02
2.340209147865754402e-02
2.389432582147882345e-02
2.438571666001813215e-02
2.488638604565903897e-02
2.539633397840155432e-02
2.591218644111780572e-02
2.642213437386031413e-02
2.696919649500921154e-02
2.747577041062387523e-02
2.796463073631729607e-02
2.851928439600384668e-02
2.906803352571668900e-02
2.961678265542953825e-02
3.014950520378504792e-02
3.063667852091453078e-02
3.118795816347326097e-02
3.174345532744180659e-02
3.224328120880072535e-02
3.276756871433665619e-02
3.325221151862021995e-02
3.376722047705453533e-02
3.431006507679362078e-02
3.481242147099842393e-02
3.531056034379347064e-02
3.585256143925055761e-02
3.636925740624880748e-02
3.689270140750273985e-02
3.739252728886165861e-02
3.792693684578113400e-02
3.843604127424165434e-02
3.894430219842025948e-02
3.939520483142534835e-02
3.991780532839730999e-02
4.042606625257591513e-02
4.092251811680701346e-02
4.142993553670366869e-02
4.194072697372815822e-02
4.241440422234622754e-02
4.293784822360016684e-02
4.342249102788377224e-02
4.386074109665944604e-02
4.439599415786084358e-02
4.488738499640016616e-02
4.533491361227740685e-02
4.587354069060666645e-02
4.633456537499532762e-02
4.684451330773781869e-02
4.728866790648723201e-02
4.779945934351165909e-02
4.834399095181469291e-02
4.880079811479350743e-02
4.931749408179175731e-02
4.985106013442921341e-02
5.033654644299482422e-02
5.084480736717340160e-02
5.138343444550268202e-02
5.189253887396322318e-02
5.238477321678450954e-02
5.291327824373024541e-02
5.343419173213825174e-02
5.394160915203490003e-02
5.450132383741321945e-02
5.501633279584752095e-02
5.556761243840625808e-02
5.607165584117498186e-02
5.658497779104539049e-02
5.707889914243059054e-02
5.762090023788771220e-02
5.817471039329234067e-02
5.871080695877574362e-02
5.921738087439035181e-02
5.974419889277217399e-02
6.026848639830809096e-02
6.083916663935192565e-02
6.134827106781255701e-02
6.187761959904016645e-02
6.241962069449732975e-02
6.289835896880717481e-02
6.339312382447435945e-02
6.393765543277739327e-02
6.447290849397874224e-02
6.500478753805245813e-02
6.554172760781772078e-02
6.605842357481597760e-02
6.659873766170917864e-02
6.714073875716625173e-02
6.764056463852524681e-02
6.817834821257250100e-02
6.871444477805592477e-02
6.924548031784746871e-02
6.976217628484568389e-02
7.029489883320119703e-02
7.080231625309782451e-02
7.132576025435180544e-02
7.183739519565814080e-02
7.237939629111525552e-02
7.287922217247416734e-02
7.342881480646896997e-02
7.391683162788043049e-02
7.447485930469481541e-02
7.499999031451269615e-02
7.552933884574031254e-02
7.605953088125000372e-02
7.656273077973672903e-02
7.709039230240044560e-02
7.761974083362814525e-02
7.812884526208861702e-02
7.864722823765073201e-02
7.914874112757362690e-02
7.967893316308320706e-02
8.018382007013394319e-02
8.070726407138781311e-02
8.126023072251042922e-02
8.178704874089214039e-02
8.230037069076251433e-02
8.283815426480983790e-02
8.335316322324405613e-02
8.387576372021604554e-02
8.440595575572561182e-02
8.493614779123515035e-02
8.543091264690236275e-02
8.597122673379548052e-02
8.651491483781648117e-02
8.703751533478853997e-02
8.756433335317025113e-02
8.808018581588644702e-02
8.859772528716661211e-02
8.909586415996167963e-02
8.966738790528745728e-02
9.017058780377419647e-02
9.067969223223477926e-02
9.122338033625579379e-02
9.175104185891951036e-02
9.229051244153071987e-02
9.282660900701408813e-02
9.333740044403851521e-02
9.384734837678102015e-02
9.437585340372664500e-02
9.489507988357082091e-02
9.542189790195260146e-02
9.596558600597358824e-02
9.644095026315563368e-02
9.696523776869146738e-02
9.750892587271256517e-02
9.802477833542880270e-02
9.857268396085951123e-02
9.908684941501189058e-02
9.956811820216761311e-02
1.000485434850413996e-01
1.005745179991412580e-01
1.010709698633723980e-01
1.015741697618590816e-01
1.021035182930867813e-01
1.025974396444719605e-01
1.031284751842635877e-01
1.036097439714193796e-01
1.040867952371653526e-01
1.046186742812387771e-01
1.050957255469847640e-01
1.056250740782124220e-01
1.061156214124697461e-01
1.066129167809828637e-01
1.071312997565450759e-01
1.075965419623435559e-01
1.081031158779581225e-01
1.085675145794745555e-01
1.090614359308598180e-01
1.095553572822450389e-01
1.100281910265811514e-01
1.105136773351467899e-01
1.108878210784931956e-01
1.113859599512882770e-01
1.119448311323845840e-01
1.124800841935859747e-01
1.129562919550498590e-01
1.134206906565664308e-01
1.139222035464891869e-01
1.144296209663858421e-01
1.149522214633577760e-01
1.153693839250843345e-01
1.158936714306202098e-01
1.163158949180385648e-01
1.167996942180401648e-01
1.172725279623762634e-01
1.176829423898470006e-01
1.181979513482813299e-01
1.186741591097452975e-01
1.191714544782583596e-01
1.195962084785225921e-01
1.199998748717376468e-01
1.205351279329390929e-01
1.209109586848494261e-01
1.212530492654811526e-01
1.217376920697647996e-01
1.222324569254319843e-01
1.226993861397942392e-01
1.231941509954614239e-01
1.235851648244471468e-01
1.239280989093608648e-01
1.244237072693099994e-01
1.248526787909839952e-01
1.252824938169398439e-01
1.257030302957943546e-01
1.260797045519864712e-01
1.265053020565327091e-01
1.269815098179966073e-01
1.274214468953362434e-01
1.278622274769576905e-01
1.282692678873005865e-01
1.286493161606208357e-01
1.290647916137833695e-01
1.295249727938901085e-01
1.298763419216234505e-01
1.303103744689892429e-01
1.306811441952079322e-01
1.311851875979766213e-01
1.315745144183982918e-01
1.319149179904661462e-01
1.323312369479108519e-01
1.326876671013358655e-01
1.330955510159607946e-01
1.334933128792022416e-01
1.339889212391512652e-01
1.343613779739337710e-01
1.346722588961330458e-01
1.350852038364497854e-01
1.355124883495598398e-01
1.360215927780203671e-01
1.363215081445542654e-01
1.366720337680056019e-01
1.370841352040404471e-01
1.374684009987705569e-01
1.378155526050941493e-01
1.381888528441586050e-01
1.385773361602985199e-01
1.388679729797305251e-01
1.392792309114831983e-01
1.397284465359244499e-01
1.400637890823004661e-01
1.405197527409973168e-01
1.409959605024613816e-01
1.413026239032505460e-01
1.415561465342761449e-01
1.418746189950130521e-01
1.422816594053560590e-01
1.426473681058827991e-01
1.429759626180031329e-01
1.432615384117433555e-01
1.435412096755099842e-01
1.439001703417808753e-01
1.441773110927015433e-01
1.444746959463894254e-01
1.448682402882211229e-01
1.452997423227409823e-01
1.456679815361137942e-01
1.460708044250469684e-01
1.464904973996193072e-01
1.468865722542968266e-01
1.474471304439572139e-01
1.478583883757098871e-01
1.483759278469901632e-01
1.488352655228147581e-01
1.493435264469932799e-01
1.497876810457426655e-01
1.502638888072067580e-01
1.507662452014115473e-01
1.513175248439703469e-01
1.519927996159777528e-01
1.525575753270479451e-01
1.531105419781704502e-01
1.537849732458958230e-01
1.543649320340413078e-01
1.549077766337804418e-01
1.554025414894475987e-01
1.560086489103339191e-01
1.564890741932077056e-01
1.569872130660025511e-01
1.576363392052690104e-01
1.584330785938790898e-01
1.592272874696430973e-01
1.599008752330866034e-01
1.606107336806543995e-01
1.612286501614881018e-01
1.618406621123480715e-01
1.624223079090573174e-01
1.630866171253991248e-01
1.637348997603837175e-01
1.643924609424698424e-01
1.649580801578218459e-01
1.655751531343739313e-01
1.663912931214690527e-01
1.670800639619878236e-01
1.677460601868934198e-01
1.684677276944087920e-01
1.692189178517929660e-01
1.699633599749211244e-01
1.705871809857286703e-01
1.713206575531915909e-01
1.719647226667661843e-01
1.725674560705247051e-01
1.732520093896335878e-01
1.739458412558441969e-01
1.745561661981404056e-01
1.752795207142195943e-01
1.759927531789152177e-01
1.767751529947318989e-01
1.774074090483592492e-01
1.779974898878881884e-01
1.784990027778109167e-01
1.792097047296607182e-01
1.798512393303895174e-01
1.804784343583250295e-01
1.811587701560241903e-01
1.818087397995725163e-01
1.824578659388388091e-01
1.832512313103210611e-01
1.840403791603933414e-01
1.848523016260788798e-01
1.856549455446626362e-01
1.863673345050764485e-01
1.869439192760939950e-01
1.876444991765602588e-01
1.882396410417809529e-01
1.889326294037095844e-01
1.894881265676779947e-01
1.901532792883016965e-01
1.908277105560271802e-01
1.915333514821852268e-01
1.922330878783694297e-01
1.929378853002453598e-01
1.936688313548623752e-01
1.943947163837874692e-01
1.951374714983518943e-01
1.958388949030999415e-01
1.964078881355798556e-01
1.969726638466499924e-01
1.975155084463891819e-01
1.982413934753143037e-01
1.989276338029870306e-01
1.997083466102397287e-01
2.004477277076763264e-01
2.011407160696048746e-01
2.017746591317959304e-01
2.023563049285052595e-01
2.030265186748209938e-01
2.036815493440611302e-01
2.043981558258846365e-01
2.051071707691704826e-01
2.056980951129814550e-01
2.063033590295858255e-01
2.070014084172061009e-01
2.077331979761051217e-01
2.084852316377711068e-01
2.091731589740079833e-01
2.098155370790186769e-01
2.104545411669015986e-01
2.111365639731645205e-01
2.117544804539984726e-01
2.124373467645434554e-01
2.130915339295015865e-01
2.137938008385318056e-01
2.144834151833325264e-01
2.152270138021788182e-01
2.159419332754383136e-01
2.166205820645734914e-01
2.172848912809152711e-01
2.179028077617491399e-01
2.186050746707793035e-01
2.193208376483208322e-01
2.200020169503017764e-01
2.206688566794893502e-01
2.212597810233002948e-01
2.218717929741603756e-01
2.225386327033482547e-01
2.231852283297688921e-01
2.239516015642282476e-01
2.246327808662092473e-01
2.253940930749766536e-01
2.261073255396723047e-01
2.268391150985713534e-01
2.274266654252546094e-01
2.280682000259835196e-01
2.287367267637349932e-01
2.293850093987191696e-01
2.299683422039928427e-01
2.306444604802820042e-01
2.312893690981387140e-01
2.320009145542704376e-01
2.327369216345789305e-01
2.333725517053341914e-01
2.340486699816237692e-01
2.346328462911789758e-01
2.352406407206290018e-01
2.359235070311736515e-01
2.365473280419815028e-01
2.372512819595758993e-01
2.379046256202521359e-01
2.385993009907445839e-01
2.392661407199319079e-01
2.399321369448376429e-01
2.405854806055142403e-01
2.412059275991938201e-01
2.418398706613849591e-01
2.424712832107297766e-01
2.430697990930787422e-01
2.437661614721353676e-01
2.443967305171986515e-01
2.450601962292584812e-01
2.457582456168784790e-01
2.463938756876340452e-01
2.469738344757793636e-01
2.476145255722259353e-01
2.482493121386991075e-01
2.488790376794801917e-01
2.495652780071534738e-01
2.502211521806754213e-01
2.509040184912204596e-01
2.515497706133590361e-01
2.522292629067760528e-01
2.528707975075051850e-01
2.534752179198271893e-01
2.540796383321498042e-01
2.546975548129837286e-01
2.553163147980991865e-01
2.559494143560086532e-01
2.565631133154330779e-01
2.571759687705749142e-01
2.578124423456119030e-01
2.583991491680126540e-01
2.589622378705193073e-01
2.595497881972027021e-01
2.601297469853477429e-01
2.607139232949031160e-01
2.613217177243531975e-01
2.618628753155280986e-01
2.624015023938576219e-01
2.629645910963639421e-01
2.635394888588176721e-01
2.641236651683728232e-01
2.647095284864919296e-01
2.652641821461788618e-01
2.658137747801732065e-01
2.663498713456568523e-01
2.669298301338024482e-01
2.674827967849250365e-01
2.680475724959950345e-01
2.686359663269599074e-01
2.692201426365151695e-01
2.698051624503522428e-01
2.703716251699864737e-01
2.708875181547734656e-01
