4.931982451184987321e-02
4.568400696096079627e-02
4.301825744722190953e-02
4.070015967711449606e-02
3.862856007290306481e-02
3.672246956529092582e-02
3.494038206489694098e-02
3.327340049520564197e-02
3.171635709413822557e-02
3.026236452650616846e-02
2.889695894099497675e-02
2.760650025871172822e-02
2.638351463874455058e-02
2.522488410962793817e-02
2.413551288607165141e-02
2.308803603129053889e-02
2.210361475478070381e-02
2.116499443014560611e-02
2.027962140363344032e-02
1.943955035386292496e-02
1.864304089772316972e-02
1.788697648402944040e-02
1.716760671443107872e-02
1.648524530036948182e-02
1.583303383665895722e-02
1.521616021267383628e-02
1.463216636280916839e-02
1.407339052138141533e-02
1.354135991307067917e-02
1.303546996078998148e-02
1.255363940540298040e-02
1.209485148183725434e-02
1.165790300385069131e-02
1.124366993281540258e-02
1.084738616846349195e-02
1.046906090100978640e-02
1.010946412102374514e-02
9.767468653907323758e-03
9.440296788142836515e-03
9.130708111145824715e-03
8.836627693297020164e-03
8.555526145123351633e-03
8.288853360674884596e-03
8.035592962252549598e-03
7.793964035073113264e-03
7.552997392500848325e-03
7.334866713543664041e-03
7.127823530121284688e-03
6.930284399131954147e-03
6.746442118853759363e-03
6.572182449379822614e-03
6.405128417139407601e-03
6.249640164566289298e-03
6.102474195391634389e-03
5.963310232178296866e-03
5.833850333064392706e-03
5.710563417963605663e-03
5.594475912057784127e-03
5.485597057825464945e-03
5.382568016400581315e-03
5.284891488776941558e-03
5.190840505680117956e-03
5.101500512545921635e-03
5.017751709735552429e-03
4.938902957364476980e-03
4.862758143605977815e-03
4.791189973965700143e-03
4.723411664295253630e-03
4.659393427871454801e-03
4.596923660439189603e-03
4.540839139151803434e-03
4.487918436291203281e-03
4.437873531070474220e-03
4.387578170411107585e-03
4.343177220404768370e-03
4.301278995804138326e-03
4.260935305982953801e-03
4.224162866678148574e-03
4.189663233514205956e-03
4.157986239737765898e-03
4.128702350990034499e-03
4.099650945944216009e-03
4.073200689388002324e-03
4.048825874390802639e-03
4.025712769657689011e-03
4.004680276299155475e-03
3.985162311472596405e-03
3.964636722253261220e-03
3.947115370180293709e-03
3.930629387344082744e-03
3.915362467701179357e-03
3.900985683797003004e-03
3.887647101638072242e-03
3.874886508091045928e-03
3.862795944982757874e-03
3.851453219819161045e-03
3.840587928004089713e-03
3.828590386511113684e-03
3.818839547791749549e-03
3.808809877059496449e-03
3.799780409661371663e-03
3.791207504565582889e-03
3.782663212205630583e-03
3.774522610614736932e-03
3.766752803238166466e-03
3.759144926885013473e-03
3.751770043037151291e-03
3.744618867065620596e-03
3.737551693163475384e-03
3.730681152746259232e-03
3.723957430340019224e-03
3.717310539522497136e-03
3.710648484661578650e-03
3.704145258371554887e-03
3.697865138012806311e-03
3.691717823673786470e-03
3.685752050871872292e-03
3.678693235799009031e-03
3.672796092161680070e-03
3.666915941907311020e-03
3.661305085639380685e-03
3.655815939599827823e-03
3.650420909481769116e-03
3.644945290655292932e-03
3.639730173959254862e-03
3.634583027225782217e-03
3.629386599056833290e-03
3.624391357302136039e-03
3.619452767381672528e-03
3.614620520389487390e-03
3.609936896784614671e-03
3.604318230679473371e-03
3.599565985902434661e-03
3.594980752831049026e-03
3.590477297853004318e-03
3.585999604533501688e-03
3.581678370449306679e-03
3.577325045712780472e-03
3.573094558440485877e-03
3.568791674047325745e-03
3.564655871263038185e-03
3.560531636539009896e-03
3.556643536789501694e-03
3.552818857466047940e-03
3.549074294388712778e-03
3.545401870181349828e-03
3.541733138343669453e-03
3.538219743580037820e-03
3.534788768652865829e-03
3.531322809212229710e-03
3.527967973809876829e-03
3.524665796478474496e-03
3.521398059382144403e-03
3.518269029918958887e-03
3.515138486306330825e-03
3.512087421965235864e-03
3.509095227442601047e-03
3.506158953305023567e-03
3.502992977764462189e-03
3.499973609728172005e-03
3.497173447385891042e-03
3.494251427484494285e-03
3.491512314854781137e-03
3.488848521789975499e-03
3.486114054125840755e-03
3.483538702178071329e-03
3.481008309525741255e-03
3.478610754632381358e-03
3.476253645672015315e-03
3.473959235615647206e-03
3.471701658396221871e-03
3.469472643620386942e-03
3.467274459603938031e-03
3.465171088175302526e-03
3.463072004698813152e-03
3.461055209044348446e-03
3.459097756141172632e-03
3.457059280063167275e-03
3.455150184377618790e-03
3.453321935354490124e-03
3.451476533975202793e-03
3.449471833010404973e-03
3.447754665206606735e-03
3.445986175266399325e-03
3.444327554836540926e-03
3.442727094062949730e-03
3.441185645959874816e-03
3.439694525589710294e-03
3.438128616754315518e-03
3.436680978487853793e-03
3.435319076702079196e-03
3.433776251997209053e-03
3.432454905438689450e-03
3.430828324131432981e-03
3.429483823333545102e-03
3.428095229652307948e-03
3.426903219824291389e-03
3.425285326203974558e-03
3.424108116511695617e-03
3.423024841307418902e-03
3.421940419095657968e-03
3.420901529105216735e-03
3.419868225521536294e-03
3.418888479908108180e-03
3.417893043818350830e-03
3.416974255853486107e-03
3.416096273587815139e-03
3.415250299342594432e-03
3.414422773055551721e-03
3.413440616244694820e-03
3.412619208573415899e-03
3.411840990973596336e-03
3.411152490904447929e-03
3.410399895474646413e-03
3.409732831893283814e-03
3.409105820945044531e-03
3.408401068454618849e-03
3.407651719777467485e-03
3.407025459308675886e-03
3.406469459425214095e-03
3.405945049626639236e-03
3.405423572374178306e-03
3.404603199956590751e-03
3.404086455781457025e-03
3.403634965545812140e-03
3.403223650566598781e-03
3.402783833981369577e-03
3.402204584573853118e-03
3.401833596293901349e-03
3.401464604154432088e-03
3.400968013114090849e-03
3.400608577499474733e-03
3.400289714212500689e-03
3.399962103032211531e-03
3.399699421546966121e-03
3.399011189993971470e-03
3.398724078036255945e-03
3.398485106469136159e-03
3.398217465879484981e-03
3.398010557763968178e-03
3.397811993656556923e-03
3.397619401275058480e-03
3.397439584905118191e-03
3.397154670054157877e-03
3.396834163255430059e-03
3.396665743149231923e-03
3.396483525006367861e-03
3.396338339699973927e-03
3.396213109367490681e-03
3.395995083148336917e-03
3.395842391777838080e-03
3.395705205454232784e-03
3.395580836582160790e-03
3.395480352470293603e-03
3.395372713135314056e-03
3.395274251404154647e-03
3.395195919688022944e-03
3.395086290538915259e-03
3.395007446549467341e-03
3.394935845000278049e-03
3.394855256341674458e-03
3.394762266997477466e-03
3.394701630437887193e-03
3.394627806500542019e-03
3.394567518432398817e-03
3.394499882184213307e-03
3.394451844874596218e-03
3.394407478479018886e-03
3.394354608718106771e-03
3.394318202399420909e-03
3.394271295618798024e-03
3.394229184609427914e-03
3.394185659705094889e-03
3.394151075701592329e-03
3.394124563817464604e-03
3.394098228566458635e-03
3.394066220542596175e-03
3.394028195189323360e-03
3.394004000909025404e-03
3.393982591870741035e-03
3.393949784977351187e-03
3.393925206655611787e-03
3.393908230133535660e-03
3.393890626100891719e-03
3.393874741846064896e-03
3.393864162864209440e-03
3.393836681088933851e-03
3.393784381219588833e-03
3.393774345559695451e-03
3.393754560179613328e-03
3.393738914766450399e-03
3.393732043588215067e-03
3.393726729260596476e-03
3.393716049794568389e-03
3.393695244557204307e-03
3.393684495703549499e-03
3.393679571274970178e-03
3.393673194907880896e-03
3.393668350796935195e-03
3.393661693822087096e-03
3.393658152289031997e-03
3.393653853894584328e-03
3.393646495892756708e-03
3.393639102940670255e-03
3.393635762852727049e-03
3.393635097554816536e-03
3.393631782808232550e-03
3.393629407304857813e-03
3.393624328800366307e-03
3.393621408358706536e-03
3.393544483522352440e-03
3.393530494852608180e-03
3.393523239505017233e-03
3.393498637642476581e-03
3.393495255969773000e-03
3.393491700972198905e-03
3.393488128437381016e-03
3.393479334416623326e-03
3.393475004270537880e-03
3.393473055225790670e-03
3.393471966826508077e-03
3.393470890305651244e-03
3.393467111150439385e-03
3.393461033667555249e-03
3.393454624311943463e-03
3.393432754031565964e-03
3.393427176157533948e-03
3.393418354978069550e-03
3.393418225998682050e-03
3.393418135173268020e-03
3.393415953252856745e-03
3.393410538433622257e-03
3.393396801579148456e-03
3.393387042465832379e-03
3.393370455464629707e-03
3.393369059296296418e-03
3.393365388403125384e-03
3.393362328203982682e-03
3.393335263009617485e-03
3.393329033725731025e-03
3.393328839720487732e-03
3.393325898674352803e-03
3.393321791507826219e-03
3.393320610935897375e-03
3.393319618591526636e-03
3.393318562531024134e-03
3.393309013025363509e-03
3.393308263908103532e-03
3.393227443634911755e-03
3.393219317689486966e-03
3.393217862611673085e-03
3.393214073933174986e-03
3.393211089630180591e-03
3.393209759600953647e-03
3.393208399347629172e-03
3.393207652408613759e-03
3.393206009454369319e-03
3.393204156138637535e-03
3.393199889403786251e-03
3.393197542829246537e-03
3.393191859374077805e-03
3.393188580695050745e-03
3.393186486027381828e-03
3.393184693332676038e-03
3.393183712967993374e-03
3.393183810502438738e-03
3.393182983939174290e-03
3.393182340429604007e-03
3.393182678328580167e-03
3.393180414681691310e-03
3.393169443901423998e-03
3.393167029197759980e-03
3.393163524511488317e-03
3.393161904432757427e-03
3.393153906662789432e-03
3.393149504005260522e-03
3.393144033712238578e-03
3.393142249059873453e-03
3.393139252696513765e-03
3.393138337276133207e-03
3.393138139663788317e-03
3.393137596354412963e-03
3.393136112222038241e-03
3.393133081134119822e-03
3.393128007873952821e-03
3.393118702427600983e-03
3.393101096152427096e-03
3.393097912313266466e-03
3.393093593433386870e-03
3.393092957871904954e-03
3.393091638684466848e-03
3.393085212998136601e-03
3.393080313177919069e-03
3.393075976990146941e-03
3.393070662439602939e-03
3.393065300411691413e-03
3.393062169643692831e-03
3.393060415344381110e-03
3.393054206552841619e-03
3.393024325287269036e-03
3.393022613705712863e-03
3.393021320005902824e-03
3.393019131964931327e-03
3.393015538443056728e-03
3.393008564434525469e-03
3.392979030299963453e-03
3.392973182135401028e-03
3.392952992750685338e-03
3.392945549365740474e-03
3.392913195321853748e-03
3.392905976891305575e-03
3.392743042671395211e-03
3.392742263094454015e-03
3.392737050164552470e-03
3.392734012767010653e-03
3.392724862784312050e-03
3.392684102416072562e-03
3.392668236046398732e-03
3.392658313180591488e-03
3.392649816262376453e-03
3.392642861857822056e-03
3.392618192140863572e-03
3.392615839529984894e-03
3.392566637156435756e-03
3.392552219918036106e-03
3.392546046404487214e-03
3.392492594719444688e-03
3.392498299818557436e-03
3.392498985562960104e-03
3.392497158832092404e-03
3.392467775961444977e-03
3.392460001282227716e-03
3.392439250769187665e-03
3.392397838622125857e-03
3.392325668980810272e-03
3.392303286452222344e-03
3.392278556654541779e-03
3.392266098013586948e-03
3.392241253894466048e-03
3.392145631886112934e-03
3.392086853291881917e-03
3.391968149510229697e-03
3.391806713808690355e-03
3.391721238364031957e-03
3.391599197302030966e-03
3.391543195881175331e-03
3.391449331175371354e-03
3.391298514982563159e-03
3.391065044417850873e-03
3.390926585920809970e-03
3.390869225267420951e-03
3.390709697809163314e-03
3.390556163959963093e-03
3.390374928418388428e-03
3.390229774690853379e-03
3.390153967144003688e-03
3.390144450206347346e-03
3.390103528553717500e-03
3.390044478456578220e-03
3.390376904284613836e-03
3.390526166869610621e-03
3.390218909455668724e-03
3.391067975103505532e-03
3.392277559666636352e-03
3.391821785615966971e-03
3.392830935572093646e-03
3.393706067854807516e-03
3.396202990764244159e-03
3.401605580263797335e-03
3.404206341312305574e-03
3.413697991662375739e-03
3.422227874014388115e-03
3.435129189737891504e-03
3.456932383971890108e-03
3.480831996263598297e-03
3.505163119231664848e-03
3.537558585460694356e-03
3.573474674366318524e-03
3.640030209070222334e-03
3.729283351782397820e-03
3.855208581165156089e-03
3.986771990642394570e-03
4.193596039971790590e-03
4.299277815627468996e-03
4.534532446925601534e-03
4.865659230644139681e-03
5.220766739583494222e-03
5.627519517833178345e-03
5.971035171377499402e-03
6.399832002780920723e-03
7.059411170888521894e-03
7.908797974065032155e-03
8.946880382152239478e-03
1.015365720275600812e-02
1.179011746875893892e-02
1.364932133278727415e-02
1.589575630438185699e-02
1.819879278235693801e-02
2.125412455849531521e-02
2.502476928772578296e-02
2.968518269594073306e-02
