7.413551023027180609e-01
7.416798842125684743e-01
7.423279437010029680e-01
7.432968828960410113e-01
7.445844225357919344e-01
7.461894684487043738e-01
7.481128670484922250e-01
7.503575923547942672e-01
7.529283043769934292e-01
7.558304377494012849e-01
7.590691445920838554e-01
7.626484692764805562e-01
7.665710557995283336e-01
7.708385062608343885e-01
7.754522830590151461e-01
7.804148548221629955e-01
7.857306931643410763e-01
7.914067672978043477e-01
7.974523444375195558e-01
8.038781321643766464e-01
8.106950169574992371e-01
8.179127861759074580e-01
8.255392227543539851e-01
8.335798314481367433e-01
8.420382367459370299e-01
8.509170603499187635e-01
8.602189206309726055e-01
8.699471560611721221e-01
8.801059752798222613e-01
8.906999451418795566e-01
9.017329729627350243e-01
9.132071336279213858e-01
9.251217650090235445e-01
9.374731755953479295e-01
9.502550980350199517e-01
9.634597490276534115e-01
9.770791114796455457e-01
9.911059244106381616e-01
1.005533899563975764e+00
1.020356876859824125e+00
1.035566924975613201e+00
1.051151693442696766e+00
1.067091529425295837e+00
1.083356916877047382e+00
1.099906664350480900e+00
1.116687007831722811e+00
1.133631499962436173e+00
1.150661334709267791e+00
1.167685691751428667e+00
1.184601808167921266e+00
1.201294758654292583e+00
1.217637252356843058e+00
1.233490008745197652e+00
1.248703345595564285e+00
1.263120443518969571e+00
1.276582367650866523e+00
1.288934430270220810e+00
1.300033020395294336e+00
1.309751763379899403e+00
1.317985912716000518e+00
1.324654236942543584e+00
1.329698263565106453e+00
1.333079412723712442e+00
1.334775095555425173e+00
