1.315541923690725802e-05
5.919284158138770659e-04
1.181337012520187546e-03
1.793653055658923521e-03
2.405969098797657111e-03
3.016648895762645728e-03
3.677234201026847657e-03
4.362363198897222655e-03
5.029493488856404473e-03
5.722803717595501515e-03
6.420204561768959144e-03
7.110242298160568408e-03
7.787190065162230904e-03
8.472319063032609371e-03
9.178719261161675733e-03
9.890028197811977229e-03
1.059642839594104706e-02
1.131264607111257502e-02
1.202640937702349581e-02
1.274262705219502551e-02
1.346866220440903587e-02
1.420369671057863589e-02
1.493136810896635719e-02
1.567703821526527860e-02
1.640389149056612622e-02
1.712092728882452092e-02
1.784941681029911936e-02
1.858281507029494947e-02
1.929412400694522842e-02
2.001852291298544806e-02
2.071265126481141444e-02
2.140514337046362306e-02
2.211645230711389506e-02
2.282367062832980562e-02
2.347362033346465579e-02
2.412684253094700415e-02
2.476942912830000856e-02
2.538829015613372139e-02
2.602024115335737492e-02
2.666119150453662504e-02
2.730050560954213126e-02
2.792018476046271430e-02
2.857340695794503838e-02
2.925035472494666097e-02
2.990766753786335344e-02
3.057234345856189514e-02
3.124765497938976344e-02
3.192214837713076847e-02
3.260727737500111745e-02
3.327522578804713305e-02
3.395299167813563279e-02
3.463812067600596789e-02
3.530279659670448877e-02
3.597974436370612178e-02
3.668614456183510314e-02
3.736554669809733636e-02
3.806458378844451013e-02
3.874644029396734357e-02
3.943402366109827195e-02
4.013060638218483855e-02
4.083537033414007950e-02
4.155486050165905360e-02
4.224408011496377791e-02
4.295620717470090971e-02
4.368878731160984186e-02
4.439109689430451727e-02
4.509831521552041395e-02
4.581944162921314928e-02
4.654302241216647790e-02
4.725024073338237457e-02
4.795500468533767796e-02
4.867449485285665206e-02
4.937844068172506790e-02
5.009138586454907338e-02
5.082232975528425817e-02
5.152954807650016178e-02
5.225721947488787267e-02
5.296525591919064302e-02
5.367901922510152218e-02
5.440096376188112426e-02
5.510081897531519945e-02
5.582030914283417355e-02
5.652670934096322430e-02
5.722247393896300049e-02
5.792396539857087856e-02
5.865572741239303417e-02
5.936458197978280310e-02
6.007425467025938326e-02
6.077901862221476992e-02
6.151159875912379921e-02
6.222454394194787408e-02
6.294157974020639368e-02
6.366516052315983332e-02
6.436910635202831854e-02
6.508859651954736203e-02
6.581790416410894518e-02
6.652757685458556003e-02
6.726752009927641773e-02
6.796655718962375803e-02
6.868359298788222211e-02
6.938835693983759489e-02
7.010702898426980634e-02
7.079706672066148065e-02
7.152719248830990972e-02
7.224995514817644793e-02
7.295553722321874990e-02
7.369957108334397600e-02
7.440597128147308226e-02
7.513200643368712905e-02
7.585804158590124524e-02
7.655544243007471328e-02
7.728638632081000215e-02
7.801651208845841734e-02
7.870491357867633042e-02
7.941704063841356631e-02
8.014553015988822027e-02
8.087565592753662158e-02
8.159105547962135219e-02
8.231136377022725548e-02
8.303085393774632672e-02
8.375198035143914532e-02
8.447392488821882373e-02
8.518850631721663902e-02
8.590717836164885046e-02
8.661439668286484428e-02
8.732815998877577202e-02
8.804765015629482938e-02
8.875486847751080932e-02
8.946372304490056437e-02
9.016603262759531612e-02
9.086752408720320806e-02
9.157801490076665496e-02
9.227868823728764547e-02
9.300063277406732387e-02
9.370948734145709280e-02
9.442570501662868321e-02
9.513946832253963870e-02
9.583277855127879385e-02
9.652854314927857005e-02
9.724639707062392169e-02
9.795443351492680306e-02
9.867392368244587431e-02
9.936232517266380126e-02
1.000924509403122581e-01
1.007865792921382592e-01
1.015052513365704567e-01
1.022026521807439942e-01
1.029008711480043914e-01
1.036293606694790453e-01
1.043333064983475444e-01
1.050429791888241593e-01
1.057231994481733495e-01
1.064443258618662097e-01
1.071409085829528457e-01
1.078473087810819936e-01
1.085373465174736818e-01
1.092494735772109454e-01
1.099591462676875186e-01
1.106753639428590952e-01
1.113629473099901207e-01
1.120718018773798480e-01
1.127749295831615151e-01
1.134747847965956458e-01
1.141934568410280376e-01
1.148949483006357491e-01
1.155784410523324618e-01
1.163044762045466612e-01
1.169994226794596193e-01
1.176910966620250687e-01
1.183860431369379712e-01
1.191186232738470629e-01
1.198119335025861903e-01
1.204995168697174379e-01
1.212091895601940250e-01
1.219000454196727673e-01
1.226031731254543233e-01
1.233046645850622708e-01
1.240094285370176436e-01
1.247011025195832595e-01
1.253952308714092467e-01
1.260934498386698244e-01
1.267867600674089656e-01
1.274833427884957127e-01
1.281627449247580430e-01
1.288576913996709872e-01
1.295485472591497433e-01
1.302467662264100989e-01
1.309278046088462044e-01
1.316022980065873205e-01
1.322710645427203346e-01
1.329619204021989243e-01
1.336470494000694120e-01
1.343289059055924606e-01
1.350050355495073517e-01
1.357277982093738899e-01
1.363973828685939582e-01
1.370743306355956259e-01
1.377700952335954854e-01
1.384593148469002444e-01
1.391411713524232652e-01
1.398328453349887146e-01
1.405130655943380713e-01
1.411867408689922720e-01
1.418587798974728642e-01
1.425749975726444407e-01
1.432527634627332180e-01
1.439477099376460789e-01
1.446140221045185692e-01
1.453056960870839909e-01
1.459728263770433965e-01
1.466538647594794187e-01
1.473234494186993759e-01
1.480085784165698637e-01
1.486740724603554387e-01
1.493739276737895416e-01
1.500508754407913203e-01
1.507270050847061282e-01
1.513671373127986608e-01
1.520588112953640547e-01
1.527783014628832370e-01
1.534748841839699007e-01
1.541608313049272483e-01
1.548426878104502136e-01
1.555098181004095081e-01
1.561605859286313014e-01
1.568399880648935485e-01
1.575619326016732824e-01
1.582192454145899263e-01
1.588978294277654524e-01
1.595706865793327378e-01
1.602394531154657797e-01
1.608926753129481801e-01
1.615696230799499866e-01
1.622465708469516543e-01
1.629227004908666288e-01
1.636184650888663217e-01
1.642986853482156229e-01
1.650140849003003118e-01
1.656828514364331595e-01
1.663589810803480784e-01
1.669884777083111282e-01
1.676711523369210088e-01
1.683366463807065005e-01
1.690569546713124871e-01
1.696995412686656546e-01
1.703723984202330788e-01
1.710329837254972452e-01
1.716927509076745517e-01
1.723173387971163872e-01
1.729836509639890163e-01
1.736303281767763718e-01
1.743023672052567141e-01
1.749760424799109704e-01
1.756276284312197344e-01
1.762923043519183663e-01
1.769308003338371793e-01
1.776003849930568868e-01
1.782707877753635373e-01
1.789387361884098027e-01
1.795993214936739413e-01
1.801944569519884909e-01
1.808304985646466412e-01
1.814804482697815746e-01
1.821402154519587979e-01
1.827541677412714283e-01
1.834049355694933603e-01
1.840524309053675756e-01
1.847081074721106664e-01
1.853637840388538405e-01
1.860636392522879434e-01
1.867299514191601839e-01
1.873897186013376570e-01
1.880732113530341754e-01
1.886732555498699948e-01
1.893739288863909576e-01
1.900042436374408950e-01
1.906730101735739369e-01
1.913524123098364615e-01
1.920375413077066162e-01
1.927054897207527706e-01
1.933955274571443617e-01
1.940282965774551283e-01
1.947093349598910950e-01
1.953666477728079331e-01
1.959953262776842620e-01
1.968039918616724671e-01
1.974523053206336531e-01
1.981513424109807853e-01
1.987636584541195295e-01
1.994029725591252022e-01
2.000406504179569889e-01
2.007094169540900030e-01
2.013691841362674761e-01
2.020551312572248237e-01
2.026666291772767081e-01
2.033018526668479153e-01
2.039869816647182366e-01
2.047424692480598052e-01
2.054112357841928194e-01
2.060431867814165319e-01
2.067602225796751070e-01
2.074592596700223501e-01
2.080953012826803894e-01
2.087648859419002911e-01
2.094401974627283225e-01
2.100860565524288737e-01
2.107826392735153709e-01
2.114759495022547342e-01
2.120890836684803105e-01
2.126981272192715322e-01
2.133930736941844486e-01
2.141060188770086692e-01
2.148345083984833370e-01
2.154991843191818579e-01
2.161851314401392610e-01
2.168972584998763720e-01
2.176224755290034341e-01
2.182912420651364760e-01
2.189403736471846051e-01
2.196860437534836896e-01
2.203711727513540386e-01
2.210522111337902273e-01
2.217856093937861373e-01
2.224633752838746648e-01
2.232499515445172111e-01
2.240062572509456396e-01
2.246553888329936299e-01
2.253372453385163454e-01
2.261205491068111195e-01
2.269283965677120762e-01
2.277575152288715266e-01
2.285645445666855125e-01
2.291686793789553533e-01
2.300247961019817600e-01
2.308866396866162130e-01
2.316167654542643228e-01
2.324074323303407241e-01
2.332561859455854203e-01
2.341393007304785057e-01
2.349152413909915693e-01
2.358998034386569076e-01
2.367182864996868752e-01
2.375989469153194367e-01
2.384918791772550062e-01
2.393234522076750637e-01
2.400854847757110111e-01
2.408499717130077045e-01
2.417568120674201404e-01
2.426914686067860039e-01
2.436236707768912879e-01
2.446475027327262297e-01
2.454913476094496283e-01
2.463867342406459993e-01
2.472363059789769724e-01
2.482184136573813704e-01
2.490949834575794664e-01
2.499142846416965713e-01
2.509561153054426508e-01
2.518645919060292226e-01
2.528532445691286101e-01
2.537469949541511505e-01
2.547634638022044373e-01
2.558282019123829798e-01
2.567669490671831700e-01
2.577801454228889622e-01
2.587336187932530729e-01
2.596977277637466663e-01
2.607403765505797444e-01
2.617511185370245408e-01
2.626366876911785941e-01
2.634257183210814146e-01
2.644200978457886819e-01
2.654643828787955906e-01
2.664023119105090043e-01
2.673443315576569668e-01
2.682446269273744410e-01
2.690279306956692706e-01
2.699274079422998018e-01
2.707499816187640684e-01
2.716748206810877253e-01
2.727019251292704394e-01
2.736758515768064060e-01
2.746415967934734970e-01
2.756220682257045640e-01
2.765665422421130781e-01
2.774921994275235670e-01
2.784718527366676355e-01
2.794007824144253971e-01
2.802495360296697324e-01
2.812103725078159422e-01
2.821245759700100608e-01
2.831295910948469219e-01
2.841198800041204175e-01
2.849637248808437051e-01
2.860333717295434619e-01
2.871234716554154631e-01
2.880900349951696082e-01
2.889518785798042555e-01
2.898963525962128251e-01
2.907050181802005584e-01
2.916519465658694577e-01
2.925105176581565547e-01
2.935024428136038255e-01
2.944927317228770991e-01
2.955312898942759614e-01
2.965232150497228436e-01
2.975339570361679731e-01
2.984915210219667436e-01
2.995251704548446692e-01
3.005367305643769082e-01
3.015122932580869830e-01
3.025189446290979522e-01
3.035411403387597296e-01
3.045175211555563033e-01
3.052828262159397732e-01
3.062035746628287702e-01
3.071545936639321628e-01
3.081105214035570472e-01
3.092088025602978130e-01
3.101516403305328851e-01
3.111738360401943293e-01
3.120364977479159752e-01
3.130726015500543413e-01
3.139516257195131832e-01
3.148821916434449419e-01
3.158667536911101137e-01
3.169110387241166893e-01
3.179667774803399682e-01
3.190241524827369668e-01
3.198475442822883985e-01
3.206627548509712877e-01
3.215344159126478640e-01
3.224805261752303753e-01
3.234945406540231660e-01
3.244987376557733061e-01
3.253769437021452604e-01
3.263320533186831462e-01
3.273689752439086220e-01
3.283224486142726772e-01
3.293290999852838685e-01
3.303275701254260177e-01
3.313301308810024937e-01
3.323506903444898852e-01
3.334260640547980215e-01
3.345357989347547689e-01
3.355923558140649354e-01
3.366538214318961497e-01
3.375704792633507090e-01
3.385918568499251546e-01
3.395903269900674148e-01
3.405462547296922438e-01
3.414653669304078543e-01
3.424098409468166460e-01
3.434451266258680135e-01
3.443437857494117127e-01
3.453422558895536953e-01
3.463529978759986028e-01
3.473244699542739067e-01
3.483499381562825681e-01
3.494048587894190150e-01
3.504605975456421829e-01
3.513568022999249973e-01
3.523053669317680603e-01
3.533521063340357427e-01
3.543685751820891960e-01
3.554202233228779262e-01
3.563786054317633623e-01
3.573337150483010261e-01
3.583109139881845984e-01
3.593478359134096300e-01
3.603520329151599366e-01
3.613766829940822101e-01
3.624307855041313253e-01
3.633507158279337124e-01
3.643246422754692349e-01
3.652871149997891087e-01
3.663134013248850462e-01
3.672742378030310340e-01
3.681589888340979777e-01
3.691795482975857023e-01
3.701583834836425502e-01
3.710734050689240560e-01
3.720497858857205742e-01
3.730261667025172034e-01
3.738495585020689127e-01
3.748603004885138201e-01
3.757622321044049585e-01
3.766126219658231800e-01
3.775284616741914623e-01
3.785179324603781259e-01
3.794321359225724666e-01
3.803921542776316223e-01
3.812261816773124812e-01
3.821551113550700207e-01
3.830570429709613811e-01
3.840129707105863210e-01
3.849582628500817227e-01
3.858667394506677395e-01
3.866917674963931129e-01
3.875356123731165114e-01
3.883892092770348525e-01
