7.909851651073234249e-03
6.274246477481648654e-03
5.379439206192344197e-03
4.731593929798680841e-03
4.220728112065134929e-03
3.805463436579585666e-03
3.454031907124859371e-03
3.144563091327046145e-03
2.870495543020278734e-03
2.627011237093396841e-03
2.408258838944903925e-03
2.211077535610016936e-03
2.034571867984642270e-03
1.876699069781516405e-03
1.734451404080795869e-03
1.605905615822263112e-03
1.489196516840541641e-03
1.383225426947218761e-03
1.287363647812372457e-03
1.199772060835787571e-03
1.120351177414426365e-03
1.048074992892344699e-03
9.821910050624182466e-04
9.220422752283211239e-04
8.672220720046178296e-04
8.171043969187130954e-04
7.711957819969402026e-04
7.293781618883959537e-04
6.911033539459709345e-04
6.561121831895476604e-04
6.241001443799777454e-04
5.947103190506171193e-04
5.679450620065880535e-04
5.436839902577626088e-04
5.216292555516796603e-04
5.012626490133324829e-04
4.826495887598341054e-04
4.656345062147849143e-04
4.501097855249604771e-04
4.358154654794357450e-04
4.227830533651467547e-04
4.109385275708281847e-04
4.002604937533574205e-04
3.902988934478465450e-04
3.811359149941130858e-04
3.726227343651749234e-04
3.646163393054903954e-04
3.570366951195589472e-04
3.497469652470143247e-04
3.429355963990009270e-04
3.364910554193573230e-04
3.303321391269130282e-04
3.245328679154848043e-04
3.188917628597241413e-04
3.134081733004111226e-04
3.082264505864526841e-04
3.032611803903523771e-04
2.983615265919672141e-04
2.936708380884091090e-04
2.891186654084098966e-04
2.846743828484512434e-04
2.802564370842368000e-04
2.760517268200132768e-04
2.719688743764438438e-04
2.679411683396682700e-04
2.640682656763923509e-04
2.603143859859021370e-04
2.566682940268773792e-04
2.530567294285879362e-04
2.495515064119256687e-04
2.461338143084744880e-04
2.427542994521522028e-04
2.394832680944890431e-04
2.362196324380027614e-04
2.329972179079292552e-04
2.298840821315639433e-04
2.268224641766499751e-04
2.237726870898809064e-04
2.208039712911900486e-04
2.179168215234926172e-04
2.150588555845791097e-04
2.122303346716069618e-04
2.093896926365085699e-04
2.066869819548885286e-04
2.040106652781833931e-04
2.013626703929496367e-04
1.986896716258366460e-04
1.961114492021039872e-04
1.935517079234704994e-04
1.910224040292550680e-04
1.885141882301638822e-04
1.860514707557006002e-04
1.836350239229585842e-04
1.812544512576901197e-04
1.788724408645280754e-04
1.765106485592532340e-04
1.741671430406581769e-04
1.718599992949692917e-04
1.695988960371408319e-04
1.673879548602836306e-04
1.652039745559358936e-04
1.630601100052492410e-04
1.609635628565506170e-04
1.588266234254737206e-04
1.567398655217289453e-04
1.546394613832955908e-04
1.525775613508979886e-04
1.505608372672539226e-04
1.485798788013408087e-04
1.466077937854491967e-04
1.446483382786373489e-04
1.427248321332595942e-04
1.408177294521212959e-04
1.389259926453504951e-04
1.370725729266967987e-04
1.352303862323217239e-04
1.334126249565945749e-04
1.316273009089126336e-04
1.298689523229311772e-04
1.280818526633924702e-04
1.263314630313411139e-04
1.246042050290167695e-04
1.229237561632143076e-04
1.212425971413055756e-04
1.195961716981424776e-04
1.179780326266154810e-04
1.163881156057755740e-04
1.147993370473718473e-04
1.132309873130181780e-04
1.116726499179807313e-04
1.101303091014216952e-04
1.086198886582971884e-04
1.071228079775684726e-04
1.056471393999356052e-04
1.041858562911247100e-04
1.027359435473819481e-04
1.013065721958396689e-04
9.988856766389274259e-05
9.850472019394139380e-05
9.710625081246800484e-05
9.573359057384240624e-05
9.433629513782014779e-05
9.299616730958873857e-05
9.167591924218118648e-05
9.037490755432232847e-05
8.907742934599328878e-05
8.779502593457360303e-05
8.654665633691089428e-05
8.530332629920088158e-05
8.408835515188619713e-05
8.287579630375757449e-05
8.167125810155374495e-05
8.044839267416805631e-05
7.927862803760864923e-05
7.813677870562160330e-05
7.700102606627639245e-05
7.588524856813613577e-05
7.477960738367167505e-05
7.368336345104616123e-05
7.261222821760787249e-05
7.153808449021357746e-05
7.048727199663988325e-05
6.945520909101867411e-05
6.842477844876923869e-05
6.741490860384786955e-05
6.642690778223126597e-05
6.544309103998486687e-05
6.447318363924261066e-05
6.351821208311677215e-05
6.256353411685182506e-05
6.147892479047002928e-05
6.055644822228300718e-05
5.965262537382649919e-05
5.876448812198173318e-05
5.787475170918395553e-05
5.700597329410761563e-05
5.615005940368992344e-05
5.530955535979016673e-05
5.448150773620482121e-05
5.366510444301317290e-05
5.285603387659546139e-05
5.205949925658118324e-05
5.128130599824890119e-05
5.051872371362224016e-05
4.976346014203744661e-05
4.901794266317578458e-05
4.828349473819914384e-05
4.756030552640053063e-05
4.684392956325487338e-05
4.612154190462391094e-05
4.543200387770940715e-05
4.475222539137421258e-05
4.408283502755617041e-05
4.343001794926368715e-05
4.275702533621275977e-05
4.212081859178456360e-05
4.146288089932562843e-05
4.084303188869220269e-05
4.022622971057074597e-05
3.962539509173677318e-05
3.903543180299882189e-05
3.844949789015932165e-05
3.787864282490575147e-05
3.727561226545850496e-05
3.666569912084990490e-05
3.611977332176935013e-05
3.559047935182221590e-05
3.507282267059009666e-05
3.455875729186296349e-05
3.405037996857863562e-05
3.353492044710040294e-05
3.304893056604065989e-05
3.257229914761320804e-05
3.210539463682414668e-05
3.164819096919671348e-05
3.119709989256791769e-05
3.075308866898408323e-05
3.022339806947541487e-05
2.978261695515159590e-05
2.929704712895619506e-05
2.888144984207328307e-05
2.847829599558735522e-05
2.808916090907142510e-05
2.768123929199485089e-05
2.729714081824655898e-05
2.692644614592476201e-05
2.655635642158249245e-05
2.620061061120128380e-05
2.585489032776413696e-05
2.551002860379523711e-05
2.517808741310869502e-05
2.485737506667333972e-05
2.451079341172103166e-05
2.420037586846757798e-05
2.390109608490183210e-05
2.360582121130930697e-05
2.331958239019799920e-05
2.303225566066849386e-05
2.275615581350796018e-05
2.243449023215090339e-05
2.214029800083921310e-05
2.186997112295729112e-05
2.161592983071042602e-05
2.130054147544379383e-05
2.105546583868472555e-05
2.082016249126887085e-05
2.059249938977912123e-05
2.036012173047403346e-05
2.011223490165301982e-05
1.990319558679866838e-05
1.969462689743886209e-05
1.949721006125204338e-05
1.930993667919215381e-05
1.912639688393229717e-05
1.894636642797608081e-05
1.877688683559409404e-05
1.860963071705936094e-05
1.843285603602416958e-05
1.828025686318811334e-05
1.813175988943091304e-05
1.786008940365472523e-05
1.771657387709884782e-05
1.754852779085283004e-05
1.741697686733059813e-05
1.724418048414857460e-05
1.712215883432237281e-05
1.700686688069061973e-05
1.689631726514188116e-05
1.679134120678604683e-05
1.668733779637551488e-05
1.656330835334821991e-05
1.647316114029070950e-05
1.638846840657384602e-05
1.625732147675348552e-05
1.617960931437748253e-05
1.607705249879718510e-05
1.599956053905183777e-05
1.592123052545764577e-05
1.584216484830548930e-05
1.578244637414955611e-05
1.572476072365972148e-05
1.565564488241732514e-05
1.560058142778107687e-05
1.554295575176021989e-05
1.548724106126988620e-05
1.542201017511535071e-05
1.537734518219931355e-05
1.533236491332558849e-05
1.528342774069705847e-05
1.524562739069823872e-05
1.521028752745340154e-05
1.516042956530610684e-05
1.511892623436637592e-05
1.508937982766990024e-05
1.504466313576608871e-05
1.501463608323222247e-05
1.499160505774088171e-05
1.496864059461403770e-05
1.494823219972384969e-05
1.492329360794106812e-05
1.490499029437627847e-05
1.488867680646425812e-05
1.487225733211917639e-05
1.485687521219773336e-05
1.482487863216022700e-05
1.481293789535086563e-05
1.479958784828990095e-05
1.478550010802651394e-05
1.477329322169656808e-05
1.475727751089199693e-05
1.474680846557605662e-05
1.471459760674774174e-05
1.469411705234784093e-05
1.468391031957157612e-05
1.467533802929036259e-05
1.466401493191229829e-05
1.465272420719695946e-05
1.464516879055083787e-05
1.463243147203025739e-05
1.462341118372461387e-05
1.461238936688288597e-05
1.460609345492502942e-05
1.460130627961145263e-05
1.459543525791234887e-05
1.459021513200364640e-05
1.458550460312772179e-05
1.458034556676027845e-05
1.457518909497933468e-05
1.457077510671285744e-05
1.456618206798253264e-05
1.456209068312280545e-05
1.455896771067760078e-05
1.454833419133249193e-05
1.454693397437331898e-05
1.454248620651926194e-05
1.453742053363271220e-05
1.453452643412062204e-05
1.453255383805170971e-05
1.453146188478603549e-05
1.452995278540091588e-05
1.452993858490516799e-05
1.452836551940367183e-05
1.452675246157794308e-05
1.452428783469681560e-05
1.452281980834179978e-05
1.452049810681890197e-05
1.451780836406649590e-05
1.451567472382691220e-05
1.451542692634278960e-05
1.451503456409728889e-05
1.451477792177489135e-05
1.451432964611236682e-05
1.451258202559085047e-05
1.450979151488531450e-05
1.450958636417056961e-05
1.450852025533474274e-05
1.450513160380255166e-05
1.450488649027730222e-05
1.450391130588849859e-05
1.450358317705524751e-05
1.450153486808961846e-05
1.449995822687007898e-05
1.449986165709569694e-05
1.449972406640916531e-05
1.449893866086502758e-05
1.449748000988901985e-05
1.449689915144961870e-05
1.449662793169784592e-05
1.449624603166112533e-05
1.449257837241882545e-05
1.449161389570947860e-05
1.449113030835673670e-05
1.448811221543323891e-05
1.448616686462170225e-05
1.448172227487129101e-05
1.447974027507232235e-05
1.447791397992949574e-05
1.447724683992974766e-05
1.447345401582967402e-05
1.447069056055962944e-05
1.447045719606417708e-05
1.446754276633238112e-05
1.446327357448659686e-05
1.446034156479130989e-05
1.445768198915890282e-05
1.445726585189229453e-05
1.445664534941056520e-05
1.445605225983381849e-05
1.445469236367008290e-05
1.445392077006930124e-05
1.445121674612362720e-05
1.445101880054719494e-05
1.444900613763992808e-05
1.444816979379282878e-05
1.444808513340976485e-05
1.444782419729425456e-05
1.444687826172494790e-05
1.444108425774607728e-05
1.443667796004682301e-05
1.443332242508508518e-05
1.442956839372634589e-05
1.442448738945075326e-05
1.442046856171415384e-05
1.441758899483453447e-05
1.441724255016872916e-05
1.441678211552617793e-05
1.441583536366416252e-05
1.441341315698967818e-05
1.441328834793392826e-05
1.441250979092081355e-05
1.441157816969615532e-05
1.441127636896654699e-05
1.441102232678719140e-05
1.441094664485992200e-05
1.440891508373981127e-05
1.440739610503256594e-05
1.440333683408596730e-05
1.440162943255713627e-05
1.440151563578968814e-05
1.439921491885306831e-05
1.439867266428528052e-05
1.439772369691981913e-05
1.439746242227914486e-05
1.439624974556468028e-05
1.439465957517101173e-05
1.439457801818566103e-05
1.439279300310549859e-05
1.438902307581319627e-05
1.438737736478842434e-05
1.438478128888953430e-05
1.437861187774414095e-05
1.437413577862811741e-05
1.437158742987461552e-05
1.436914052492502375e-05
1.436765048683191495e-05
1.436477978861993837e-05
1.435355344680055455e-05
1.435290168956348859e-05
1.435184718646231675e-05
1.434852606955837380e-05
1.434847075615406358e-05
1.434679402137810516e-05
1.434313665001171670e-05
1.434129884351367842e-05
1.433983201994249156e-05
1.433783873124275474e-05
1.433615113103513062e-05
1.433518299783662845e-05
1.433223934653836310e-05
1.433207269359224915e-05
1.432878013697028882e-05
1.432723858384126858e-05
1.432622762813908027e-05
1.432399824317119391e-05
1.432271623105364028e-05
1.432220271642261859e-05
1.432210253995423223e-05
1.432156558626161599e-05
1.431442676702434872e-05
1.431107041483329716e-05
1.430722226614086506e-05
1.424478204967667172e-05
1.424404949999824654e-05
1.424198364075995555e-05
1.423587977276491166e-05
1.423467545714968138e-05
1.423153039338057239e-05
1.423217554727364606e-05
1.422986068160762915e-05
1.422737917399860196e-05
1.422729183941247865e-05
1.422502200676786307e-05
1.422593139373227977e-05
1.422149880425865974e-05
1.421752852157121557e-05
1.418308393510458703e-05
1.418250651786392784e-05
1.417064867613433548e-05
1.411119512053698392e-05
1.410294917378920651e-05
1.410171575598527603e-05
1.407150593852199847e-05
1.406959754741483231e-05
1.406336855557851616e-05
1.390106499486152955e-05
1.390132593474395460e-05
1.391238248186114649e-05
1.390543412866908405e-05
1.388540628753223793e-05
1.390189165223405515e-05
1.386555300702166558e-05
1.385472834816419523e-05
1.387017328215839183e-05
1.386826601670970289e-05
1.384874602119351573e-05
1.391489525459933796e-05
1.405925921406273960e-05
1.432351029015740076e-05
1.447298146287610402e-05
1.473765826974656094e-05
1.570022430022045525e-05
