1.126447538531542669e+00
1.127096839053324695e+00
1.128398254000044565e+00
1.130357389730113793e+00
1.132982600893063241e+00
1.136284921097770573e+00
1.140277964945326294e+00
1.144977797182657797e+00
1.150402764259593091e+00
1.156573283449036538e+00
1.163511584948254018e+00
1.171241403030798267e+00
1.179787613354522868e+00
1.189175814922277086e+00
1.199431856888322656e+00
1.210581312336635573e+00
1.222648903242197216e+00
1.235657882965569998e+00
1.249629384719311398e+00
1.264581746374935145e+00
1.280529823648494325e+00
1.297484305020029094e+00
1.315451042633078993e+00
1.334430413834545526e+00
1.354416727927997721e+00
1.375397692129898930e+00
1.397353949670173012e+00
1.420258701523420708e+00
1.444077421471135825e+00
1.468767672167665461e+00
1.494279027706825413e+00
1.520553105952751283e+00
1.547523711688030934e+00
1.575117089509568746e+00
1.603252283414081658e+00
1.631841598187164344e+00
1.660791156050325013e+00
1.690001540522395151e+00
1.719368518098296494e+00
1.748783827118886247e+00
1.778136022083177892e+00
1.807311360630626584e+00
1.836194719503395412e+00
1.864670525011294933e+00
1.892623682909836846e+00
1.919940492226118511e+00
1.946509527502682024e+00
1.972222474256110969e+00
1.996974903240899213e+00
2.020666970431290732e+00
2.043204031519283426e+00
2.064497162175259248e+00
2.084463578284577956e+00
2.103026953767757945e+00
2.120117637275809486e+00
2.135672772847372780e+00
2.149636333311299552e+00
2.161959078592372130e+00
2.172598453905011606e+00
2.181518444896803910e+00
2.188689407964811817e+00
2.194087894101877989e+00
2.197696483691842673e+00
2.199503647689059704e+00
