1.429905072246752809e-05
4.491751023702367533e-04
8.983907268113825589e-04
1.302057120026507307e-03
1.726811120290716161e-03
2.170122214758121032e-03
2.623555360609084765e-03
3.085423549279681099e-03
3.532108660874938490e-03
3.978793772470189810e-03
4.431383414039188028e-03
4.899156132683526489e-03
5.347528252842704069e-03
5.805178920103478898e-03
6.276325655875667278e-03
6.727228288880737934e-03
7.172226391912064729e-03
7.632407572018737839e-03
8.099336786381118591e-03
8.570483522153313910e-03
9.025603676568204337e-03
9.495063403776472094e-03
9.958618601010998592e-03
1.043482636247497486e-02
1.088994651688986702e-02
1.134844068843261604e-02
1.180356084284750300e-02
1.228145561287540856e-02
1.273573226300834214e-02
1.318747840029537398e-02
1.366874718745113466e-02
1.411964982045620966e-02
1.456211741064164858e-02
1.501808106933851146e-02
1.549597583936640488e-02
1.596712257513860020e-02
1.642224272955350103e-02
1.686302331117500719e-02
1.734429209833076788e-02
1.783062191117830431e-02
1.831020368977014090e-02
1.878219392982428612e-02
1.926008869985219515e-02
1.972786141849652494e-02
2.021081721421620625e-02
2.066171984722127430e-02
2.113792760868525578e-02
2.161666588299511124e-02
2.208949962733123412e-02
2.256908140592304990e-02
2.304107164597721594e-02
2.350125282608388558e-02
2.397071255329214987e-02
2.444607681047415715e-02
2.492144106765616443e-02
2.539511831627424762e-02
2.586879556489233775e-02
2.635512537773986724e-02
2.682205459210225407e-02
2.729657534500229757e-02
2.775760002939094140e-02
2.824814736364831061e-02
2.873025965508597263e-02
2.921996348506139887e-02
2.968183167373197873e-02
3.015635242663203611e-02
3.067557890647614610e-02
3.111889000094351238e-02
3.159678477097145610e-02
3.206877501102557010e-02
3.251714713118478844e-02
3.297479779844557368e-02
3.346281461985699951e-02
3.394998793698654482e-02
3.441776065563088155e-02
3.490071645135053857e-02
3.537186318712278593e-02
3.584216641861300012e-02
3.631078264153928675e-02
3.679289493297706326e-02
3.727922474582454071e-02
3.780266874707847308e-02
3.828984206420801145e-02
3.877448486849158216e-02
3.924310109141790348e-02
3.973617893852119526e-02
4.023516131559813636e-02
4.072064762416371247e-02
4.120529042844735257e-02
4.167728066850152208e-02
4.215854945565724460e-02
4.265584482417035528e-02
4.313627010704416953e-02
4.363103496271130560e-02
4.413760887832596236e-02
4.462393869117351614e-02
4.511111200830301288e-02
4.557298019697358232e-02
4.605593599269331567e-02
4.651696067708195603e-02
4.702775211410638312e-02
4.752082996120966102e-02
4.801559481687683872e-02
4.853144727959309707e-02
4.903380367379790716e-02
4.949988938387835796e-02
4.994826150403754161e-02
5.041687772696384906e-02
5.088633745417207865e-02
5.135579718138036376e-02
5.182778742143453327e-02
5.230821270430833364e-02
5.275489781590356198e-02
5.325388019298055164e-02
5.376635863856898262e-02
5.422147879298385570e-02
5.469009501591015621e-02
5.515111970029881738e-02
5.560286583758584922e-02
5.603099385497794377e-02
5.653503725774661898e-02
5.697075681367643613e-02
5.746552166934366934e-02
5.792570284945027653e-02
5.837576197817331836e-02
5.882835161974244581e-02
5.931889895399980461e-02
5.976052303990324333e-02
6.025275738272447418e-02
6.070366001572967407e-02
6.118914632429522937e-02
6.164510998299203154e-02
6.211794372732812319e-02
6.258655995025452778e-02
6.304252360895144791e-02
6.347233863490729655e-02
6.397216451626622225e-02
6.443487620921886649e-02
6.493976311626969977e-02
6.540584882634996322e-02
6.585759496363696730e-02
6.630343657095028043e-02
6.680241894802735336e-02
6.726850465810772783e-02
6.773796438531598518e-02
6.822682471100935397e-02
6.869122341252588415e-02
6.913706501983923891e-02
6.959808970422784458e-02
7.006839293571805183e-02
7.055556625284752081e-02
7.101152991154449645e-02
7.151894733144111005e-02
7.197575449441984130e-02
7.249919849567380836e-02
7.297878027426563108e-02
7.347944965990660382e-02
7.395397041280664385e-02
7.441921261860508230e-02
7.487264576445595843e-02
7.535813207302165251e-02
7.584024436445944983e-02
7.635862734002145380e-02
7.686688826420000342e-02
7.731526038435923565e-02
7.785388746268859239e-02
7.835118283120152960e-02
7.881305101987215456e-02
7.929769382415578771e-02
7.980595474833439285e-02
8.032518122817845774e-02
8.082585061381940272e-02
8.131724145235864898e-02
8.182297186369134889e-02
8.230677116369307378e-02
8.279647499366836472e-02
8.331232745638457449e-02
8.383830197048439126e-02
8.428836109920753716e-02
8.477806492918302239e-02
8.527198628056813223e-02
8.578699523900239210e-02
8.626235949618440979e-02
8.672928871054690070e-02
8.725020219895493478e-02
8.770363534480583867e-02
8.821273977326639371e-02
8.869822608183194901e-02
8.921492204883026134e-02
8.971980895588095584e-02
9.018505116167938040e-02
9.068150302591042322e-02
9.112059659896808161e-02
9.162042248032711833e-02
9.205023750628309187e-02
9.248427005364891207e-02
9.302795815766987109e-02
9.345692967934396411e-02
9.398712171485368305e-02
9.444730289496025555e-02
9.494206775062744019e-02
9.540646645214390098e-02
9.591304036775864794e-02
9.634032488086875790e-02
9.681062811235895127e-02
9.725900023251818349e-02
9.779678380656543768e-02
9.828395712369501769e-02
9.877450445795235567e-02
9.925746025367208902e-02
9.971848493806068081e-02
1.001567350068363477e-01
1.006472823410937412e-01
1.011167420683019430e-01
1.015904193169199915e-01
1.020548180184364800e-01
1.025166862071071328e-01
1.029979549942629524e-01
1.034674147214711820e-01
1.039166303459122948e-01
1.044307958000646464e-01
1.049390567242432376e-01
1.054279170499367868e-01
1.058923157514532337e-01
1.063550274444057808e-01
1.068337657187156536e-01
1.073538357028417517e-01
1.078342609857156631e-01
1.083467394313039900e-01
1.088178861670762304e-01
1.092721628172091397e-01
1.098074158784106136e-01
1.102321698786749293e-01
1.107513963585189803e-01
1.112461612141861372e-01
1.117147774371123892e-01
1.122593090454154924e-01
1.127549174053647379e-01
1.132311251668285529e-01
1.137292640396236620e-01
1.142240288952906940e-01
1.147643429821839783e-01
1.152498292907494781e-01
1.157479681635443791e-01
1.161887487451659928e-01
1.166995401821903366e-01
1.171732174308083435e-01
1.176224330552497060e-01
1.181112933809429499e-01
1.185756920824593136e-01
1.190384037754119162e-01
1.195129245283119562e-01
1.199545486142153811e-01
1.204088252643484014e-01
1.208850330258121747e-01
1.213114740346404319e-01
1.217927428217960989e-01
1.222368974205456371e-01
1.227223837291111508e-01
1.231327981565818047e-01
1.236165974565833769e-01
1.240978662437393493e-01
1.245808220394588745e-01
1.250224461253624797e-01
1.254404520913709464e-01
1.259124423314249008e-01
1.263633449644300522e-01
1.268370222130481006e-01
1.273528746757643382e-01
1.277717241460548381e-01
1.282546799417746131e-01
1.286836514634485396e-01
1.291581722163484824e-01
1.296040138236618233e-01
1.300793780808440492e-01
1.304965405425705383e-01
1.309913053982378617e-01
1.313587011073284738e-01
1.318180387831529576e-01
1.322284532106239308e-01
1.326759818265011437e-01
1.331454415537094704e-01
1.336511719650421981e-01
1.340944830595096338e-01
1.346027439836880724e-01
1.350873867879718027e-01
1.355576900194619405e-01
1.360364282937719937e-01
1.364746783625475635e-01
1.369340160383724636e-01
1.373731096114299000e-01
1.378602829285591747e-01
1.382572012875188106e-01
1.387038863991139070e-01
1.391657545877846569e-01
1.396571454263239032e-01
1.400490027595917009e-01
1.404880963326491095e-01
1.409195983671688857e-01
1.413097686918726170e-01
1.417446447435203316e-01
1.422512186591351757e-01
1.427265829163171518e-01
1.431192837538667328e-01
1.435710298911536953e-01
1.439806008143424965e-01
1.444104158402983729e-01
1.448174562506413798e-01
1.452725764050562529e-01
1.457344445937267807e-01
1.461996867995252747e-01
1.465628649872062483e-01
1.470087065945194227e-01
1.474680442703439343e-01
1.479181033990671079e-01
1.483934676562491672e-01
1.489135376403751543e-01
1.494378251459110574e-01
1.499224679501946211e-01
1.504467554557303854e-01
1.509524858670631409e-01
1.514894259368285145e-01
1.520204614766200724e-01
1.525734281277427440e-01
1.530994026418424359e-01
1.536236901473782002e-01
1.541614737214255793e-01
1.546925092612172759e-01
1.552522239465954357e-01
1.558127821362558507e-01
1.563800883601717262e-01
1.569507686012156789e-01
1.574944567052366240e-01
1.580440493392314405e-01
1.586037640246098224e-01
1.591575741800143884e-01
1.596835486941139692e-01
1.602483244051842171e-01
1.607936995177692008e-01
1.613525706988655495e-01
1.619569911111879423e-01
1.625200798136941238e-01
1.631160651831968234e-01
1.636833714071127821e-01
1.642624866909763170e-01
1.648550980433514668e-01
1.654350568314968406e-01
1.660327292095635787e-01
1.666413671432956656e-01
1.672424135384900090e-01
1.678375554037108142e-01
1.684360712860595577e-01
1.690016905014116444e-01
1.695968323666323663e-01
1.702164358560301627e-01
1.708107342169689069e-01
1.713974410393699077e-01
1.719900523917448354e-01
1.725936292997855281e-01
1.732174503105929630e-01
1.738286187571712049e-01
1.744389436994671361e-01
1.750678257359662982e-01
1.756874292253639835e-01
1.763188417747093006e-01
1.769114531270842006e-01
1.775470831978392394e-01
1.781683736958007691e-01
1.787803856466606001e-01
1.794143287088517946e-01
1.800482717710430169e-01
1.806771538075422345e-01
1.813068793483236518e-01
1.819188912991836493e-01
1.825351207714533686e-01
1.831656898165167913e-01
1.838021633915536968e-01
1.844318889323349198e-01
1.850531794302966160e-01
1.856989315524352202e-01
1.863278135889344933e-01
1.869853747710207015e-01
1.876100392861100863e-01
1.882422953397373533e-01
1.888973260089774897e-01
1.895439216353981271e-01
1.901913607661006311e-01
1.908177122897542488e-01
1.914870825317878944e-01
1.921471742267198413e-01
1.928089529302157434e-01
1.934631400951739855e-01
1.941215447815418105e-01
1.947782624593460132e-01
1.954164230429469573e-01
1.960967588406460071e-01
1.967686595955254747e-01
1.974506824017885631e-01
1.981149916181303150e-01
1.987750833130623729e-01
1.994233659480469656e-01
2.000902056772347615e-01
2.007890985691370422e-01
2.014888349653212174e-01
2.021480831559711311e-01
2.028478195521554450e-01
2.035332163755462775e-01
2.042742844815467196e-01
2.049849864333964933e-01
2.056821923167347910e-01
2.064063903370960407e-01
2.071373363917130006e-01
2.078564733863824676e-01
2.085832019195896780e-01
2.093040259228229061e-01
2.100248499260563562e-01
2.107389258950337907e-01
2.114656544282408623e-01
2.121839479186283794e-01
2.129427296145498527e-01
2.136837977205503503e-01
2.144299268522426583e-01
2.151752124796529608e-01
2.159466467398041822e-01
2.166708447601652099e-01
2.174093823533198022e-01
2.181445459293465117e-01
2.188780224968092658e-01
2.196216211156556131e-01
2.203955858886525732e-01
2.211585851059841568e-01
2.219325498789811724e-01
2.227090451648240932e-01
2.234981930148964846e-01
2.242628792407918292e-01
2.250672101679397907e-01
2.257905646840189240e-01
2.265594684313238516e-01
2.273401812385769938e-01
2.281386076357508064e-01
2.289226944601313041e-01
2.297287123958424992e-01
2.304773720403811565e-01
2.312673633947352203e-01
2.320759118432926538e-01
2.328549376419813133e-01
2.336272154064145401e-01
2.343809360766448691e-01
2.351279087126187661e-01
2.358976559642059212e-01
2.366437850958984235e-01
2.374067843132298128e-01
2.381486959235123158e-01
2.388872335166668526e-01
2.396392671783325601e-01
2.403879268228711896e-01
2.411154988603602667e-01
2.418945246590489540e-01
2.426153486622822930e-01
2.433505122383092245e-01
2.440949543614373829e-01
2.448562665702048446e-01
2.455619074963630855e-01
2.462608003882651719e-01
2.469765633658073389e-01
2.477193184803714587e-01
2.484258029108115939e-01
2.491854281110148506e-01
2.499357747641172689e-01
2.506667208187344231e-01
2.513487436249974283e-01
2.520940292524078141e-01
2.527887046228999846e-01
2.534732579420094778e-01
2.542075780137541541e-01
2.549081579142202791e-01
2.556036767889947048e-01
2.563236572879463160e-01
2.570360462483600728e-01
2.577400001659539974e-01
2.584481716049578104e-01
2.591369424454764703e-01
2.598029386703825661e-01
2.604562823310589414e-01
2.611399921458856799e-01
2.617503170881818053e-01
2.623673900647335300e-01
2.629794020155935552e-01
2.636057535392475337e-01
2.642295745500549131e-01
2.648247164152756072e-01
2.654468504175193089e-01
2.660571753598151012e-01
2.666455691907806402e-01
2.672297455003360134e-01
2.678265743741203853e-01
2.683761670081154516e-01
2.689797439161558112e-01
2.695816338156318825e-01
2.701514705523941351e-01
2.707061647341519328e-01
