3.078674452369640768e-01
2.776278113761517785e-01
2.648982897862703911e-01
2.569152017176192793e-01
2.500124977197116793e-01
2.437393382041931067e-01
2.379613094170517917e-01
2.325157765523316322e-01
2.273140820935591611e-01
2.224119270580501850e-01
2.176903062346719209e-01
2.132317852452159657e-01
2.089597476055705672e-01
2.045427260623660370e-01
2.005243707999673775e-01
1.967340412677010819e-01
1.926489266629594632e-01
1.891494943294656783e-01
1.857889014633630764e-01
1.825485512625313056e-01
1.794370629490453783e-01
1.764445343951276113e-01
1.735454296386628459e-01
1.707499353969242351e-01
1.680261856127318876e-01
1.653969363273505300e-01
1.628341309694819328e-01
1.603451770362923634e-01
1.579251543705103566e-01
1.555621406640813331e-01
1.532456641561475152e-01
1.509950978148300038e-01
1.488037918419802541e-01
1.466574479911933182e-01
1.445561371216527446e-01
1.425015058234776477e-01
1.404949064362736033e-01
1.385313098100250939e-01
1.366066360775467781e-01
1.347267741483743064e-01
1.328850005295893477e-01
1.310804343544735573e-01
1.293134374731438052e-01
1.275823535418368349e-01
1.258817648238611808e-01
1.242183869678945007e-01
1.225864657937373869e-01
1.209862688894031701e-01
1.193521321684024861e-01
1.178174811080143769e-01
1.163036474817121246e-01
1.148249528713749523e-01
1.133739272458433728e-01
1.119504722580368233e-01
1.105563951695903296e-01
1.091869091521805307e-01
1.078433624917110589e-01
1.065215394905248136e-01
1.052286358641106173e-01
1.039587528006314515e-01
1.027122254561198544e-01
1.014913678787703472e-01
1.002886740427766654e-01
9.910971049041468472e-02
9.795563036990152794e-02
9.682230165786505360e-02
9.569818382740948037e-02
9.460079692067671631e-02
9.352140283033008594e-02
9.246476750417696733e-02
9.141239254657922142e-02
9.039262192956468156e-02
8.939124114951053912e-02
8.840646280684068270e-02
8.743179062304187732e-02
8.647974621654276606e-02
8.554472034553081694e-02
8.462681664416588090e-02
8.372472374041176058e-02
8.283767708034311950e-02
8.196478978779817015e-02
8.109187184249838642e-02
8.024400039030711584e-02
7.941049723931116466e-02
7.858911524720900432e-02
7.777750975144770429e-02
7.698326109169216502e-02
7.620299046289856493e-02
7.543577734794429390e-02
7.468149852267098876e-02
7.393878223461207433e-02
7.320496388959495115e-02
7.248457341570770096e-02
7.177577572537867379e-02
7.107856874767821964e-02
7.039299369847208665e-02
6.971829570212258187e-02
6.905396749609353513e-02
6.839868708186486179e-02
6.775405187717725708e-02
6.711772909720487013e-02
6.649185704228059712e-02
6.587577658184903817e-02
6.526760796951019961e-02
6.466763516667251022e-02
6.407857036118583260e-02
6.349889138474872075e-02
6.292834904452590528e-02
6.236622206023725162e-02
6.181285351372436954e-02
6.126736422044209290e-02
6.073141908486321544e-02
6.020464042870709437e-02
5.968652036013723239e-02
5.917467222429754342e-02
5.867147868388103427e-02
5.817593581820508508e-02
5.768757044229815695e-02
5.720625268038312394e-02
5.673253497248739036e-02
5.626390654727639329e-02
5.580390777829080662e-02
5.534768162625092192e-02
5.490121259117430874e-02
5.446107839375348425e-02
5.402769825022218225e-02
5.359705434978923044e-02
5.317565831621450662e-02
5.271225775657691764e-02
5.230251335688043679e-02
5.189832755536528952e-02
5.149857794114283405e-02
5.110638262731662801e-02
5.072021095122955514e-02
5.033743272299357613e-02
4.996282972247665516e-02
4.959336789416456809e-02
4.922957615118695590e-02
4.886965046419677883e-02
4.851635749871977682e-02
4.816821841837345963e-02
4.782589487373131720e-02
4.748699376664654304e-02
4.715439798836350282e-02
4.682666432536181089e-02
4.650323756903616129e-02
4.618497396179364889e-02
4.587054905984008779e-02
4.556132036512346162e-02
4.525672621162160625e-02
4.495767130536328787e-02
4.466155141891296060e-02
4.437077627451389839e-02
4.408379919885353770e-02
4.379927976679500595e-02
4.352032094335676893e-02
4.324603282175645130e-02
4.297558909093671109e-02
4.270921503635317223e-02
4.244674078628430519e-02
4.218753171728058943e-02
4.193246388582932277e-02
4.168031685676917147e-02
4.143157293936821500e-02
4.118715323588823668e-02
4.094498084290697226e-02
4.070508330038338785e-02
4.046992162471668708e-02
4.023858768929276797e-02
3.996874064336100596e-02
3.974199692167247611e-02
3.951695466735506007e-02
3.929596561455286907e-02
3.907703591515643282e-02
3.886220362542981699e-02
3.865006917342580367e-02
3.844115423434623507e-02
3.823577773339608549e-02
3.803350352778310517e-02
3.783337758446035648e-02
3.763690510532595457e-02
3.744225343957551660e-02
3.725040693282472004e-02
3.706234711347127647e-02
3.687696472226445477e-02
3.669374241334755204e-02
3.651325001876079557e-02
3.633549583582819376e-02
3.615992741763504603e-02
3.598694395702688176e-02
3.581651003094141889e-02
3.564838903339858506e-02
3.548264124009255227e-02
3.531963021041354539e-02
3.515915757348378468e-02
3.500118204828858021e-02
3.484401351334921043e-02
3.468951946376982315e-02
3.453700969946655458e-02
3.438696467734887741e-02
3.423922400610012601e-02
3.409359630817101333e-02
3.394985994724405293e-02
3.380840071565031912e-02
3.366892564758521694e-02
3.353156325263044468e-02
3.339501125500431850e-02
3.326088310735498405e-02
3.312878882374373224e-02
3.299878803597513371e-02
3.287077388721435650e-02
3.274500323734350071e-02
3.262054381490536031e-02
3.249793513165667030e-02
3.237736666736246854e-02
3.225861820474668767e-02
3.214185847707722726e-02
3.202699811051548662e-02
3.191391124769074605e-02
3.180259161431222420e-02
3.169275355894538709e-02
3.158482271403312974e-02
3.147788588230746726e-02
3.137319379919151219e-02
3.127041855527087910e-02
3.116954458243190174e-02
3.106982280456844700e-02
3.096961375192086238e-02
3.087309458925717454e-02
3.077827481727189729e-02
3.068506744400916267e-02
3.059316405482468207e-02
3.050302407281565292e-02
3.041432303589384697e-02
3.032706131290844806e-02
3.024092663837349426e-02
3.015539809715414576e-02
3.007182017484472114e-02
2.998991121011419098e-02
2.979318671792885800e-02
2.971359822116644359e-02
2.963463962971914223e-02
2.955763017636136095e-02
2.948222258824730047e-02
2.940815935413737536e-02
2.933531544756927054e-02
2.926373489964695027e-02
2.919262691901462758e-02
2.912171195677982702e-02
2.905327925291129390e-02
2.898601108786506494e-02
2.891979040518184718e-02
2.885486025040781555e-02
2.879105224644005687e-02
2.872758261254605705e-02
2.866563244639831060e-02
2.860475755041434406e-02
2.854508833597786330e-02
2.848587082739200554e-02
2.842792788827709291e-02
2.837102713434575332e-02
2.831514584919945024e-02
2.826029492313816144e-02
2.820631738388795079e-02
2.815313961049770511e-02
2.809994309643989302e-02
2.804834537210299308e-02
2.799005071978428322e-02
2.793850437622618157e-02
2.788898745001891846e-02
2.784049761570537088e-02
2.779298214887576321e-02
2.774615519422012760e-02
2.770016066929040927e-02
2.765445371094695307e-02
2.761001491984007780e-02
2.756602270978270042e-02
2.752303425242349361e-02
2.748052776619356458e-02
2.743884481032046740e-02
2.739789784987108762e-02
2.735769140225130167e-02
2.731497432208453494e-02
2.727621210651034328e-02
2.723827591499852763e-02
2.720119151806784513e-02
2.716489393210427469e-02
2.712862712736084300e-02
2.709359917618829258e-02
2.705938071185081881e-02
2.702608027034130583e-02
2.699343978981893696e-02
2.696145808520204745e-02
2.693008701478163611e-02
2.689909217742313119e-02
2.686848949019327720e-02
2.683881330214780286e-02
2.680954355255215499e-02
2.678091753969197297e-02
2.675295305388634276e-02
2.672562809107601606e-02
2.669857696664427668e-02
2.667176176700497212e-02
2.664584676507221125e-02
2.662050770206225367e-02
2.659580473447633459e-02
2.657161414863876830e-02
2.654803705791574514e-02
2.652499964063669349e-02
2.650239474303811571e-02
2.648010611422401892e-02
2.645850170273799859e-02
2.643724381974683554e-02
2.641655786010451562e-02
2.639641490575005481e-02
2.637685870780285061e-02
2.635771991388218688e-02
2.633912160946100603e-02
2.632109056709272532e-02
2.630345808444787062e-02
2.628650055654910972e-02
2.627014871301370721e-02
2.625427433043786563e-02
2.623606954647951170e-02
2.622116594574241261e-02
2.620684959113776802e-02
2.619306454396467046e-02
2.617994093225671851e-02
2.616693909401140647e-02
2.615417758396910639e-02
2.614226153923309218e-02
2.613000802535294861e-02
2.611929184854234337e-02
2.610908170323658975e-02
2.609932077725208091e-02
2.609003405946169751e-02
2.608127702815769833e-02
2.607289555292016670e-02
2.606503944427621122e-02
2.605757697453982280e-02
2.605034156317873051e-02
2.604334781150537473e-02
2.603683705554795877e-02
2.603057732525106485e-02
2.602454209649423741e-02
2.601879079766260261e-02
2.601331919544854626e-02
2.600815705270218339e-02
2.600307431984689305e-02
2.599824561234082704e-02
2.599363009059132285e-02
2.598915585237972919e-02
2.598498124978231016e-02
2.598099950402268585e-02
2.597709717656321998e-02
2.597339593919503406e-02
2.597000822400779771e-02
2.596660319520691443e-02
2.596316662975658995e-02
2.596012860991185958e-02
2.595717513245271099e-02
2.595429421270444015e-02
2.595144906805507690e-02
2.594877940801746177e-02
2.594639368747461358e-02
2.594390993664534920e-02
2.594164588387107631e-02
2.593956770936842182e-02
2.593757326523827081e-02
2.593551751607499345e-02
2.593362587486846768e-02
2.593184130539143845e-02
2.593020761646891437e-02
2.592856684755351707e-02
2.592701856978018790e-02
2.592557009173497573e-02
2.592421349512040452e-02
2.592272494494356205e-02
2.592148455280567435e-02
2.592032744944335054e-02
2.591917868847317188e-02
2.591797712359690531e-02
2.591691954147574625e-02
2.591597342125088327e-02
2.591504453808548061e-02
2.591419470461448979e-02
2.591338252585563551e-02
2.591254013531658559e-02
2.591180012613995831e-02
2.591104542832922686e-02
2.591036740462126370e-02
2.590956455073513756e-02
2.590895104342994318e-02
2.590832496346426664e-02
2.590769741708826360e-02
2.590719372878237670e-02
2.590665903746047077e-02
2.590587636435074184e-02
2.590546568016692183e-02
2.590506626474005716e-02
2.590470935789923601e-02
2.590435805585442411e-02
2.590403545432523255e-02
2.590373036098129328e-02
2.590338012671692183e-02
2.590312011437324174e-02
2.590273225798300077e-02
2.590250204667340905e-02
2.590220107550133058e-02
2.590201299661539294e-02
2.590180747533402800e-02
2.590162864730417847e-02
2.590124514470795378e-02
2.590109397253984730e-02
2.590095306666294686e-02
2.590081584507197138e-02
2.590069437108207667e-02
2.590058793798286074e-02
2.590049028298153921e-02
2.590037746906854663e-02
2.590028386926705728e-02
2.590018232027581357e-02
2.590010799993810661e-02
2.590002955665616363e-02
2.589994193364118791e-02
2.589984187393913964e-02
2.589976425788603764e-02
2.589969983378943158e-02
2.589964285376207195e-02
2.589959629883277492e-02
2.589953205477317499e-02
2.589946459642232870e-02
2.589942553057878252e-02
2.589937860044134316e-02
2.589935003999938382e-02
2.589934233084759119e-02
2.589926924654113033e-02
2.589922860939438548e-02
2.589921317391564309e-02
2.589920727598827091e-02
2.589920439351521206e-02
2.589919979133713246e-02
2.589918387416660292e-02
2.589916591034127288e-02
2.589916130045731221e-02
2.589912676208281153e-02
2.589911139415847219e-02
2.589910636103023162e-02
2.589910060348344853e-02
2.589908982479149219e-02
2.589906964083934365e-02
2.589904841432203245e-02
2.589902336019702864e-02
2.589901052661966810e-02
2.589897968885266841e-02
2.589896597852133289e-02
2.589894309745293527e-02
2.589893032160876449e-02
2.589884809751173689e-02
2.589883107368260579e-02
2.589882253355580560e-02
2.589878529043726160e-02
2.589873611906370193e-02
2.589870803736041283e-02
2.589870178688638211e-02
2.589867567279791408e-02
2.589865337274657384e-02
2.589858806415867160e-02
2.589852169088809053e-02
2.589847058236995417e-02
2.589826357829403888e-02
2.589821995441732652e-02
2.589800932128526884e-02
2.589789533496862292e-02
2.589783843745044334e-02
2.589764709212907801e-02
2.589748639946059042e-02
2.589732839009079718e-02
2.589716224812579556e-02
2.589709503866494816e-02
2.589739288539626497e-02
2.590193361019652724e-02
2.591324798121893980e-02
2.593424296561401207e-02
2.596314331890984400e-02
2.603120848078805880e-02
2.612050259975065569e-02
2.622714074076311006e-02
2.640733796626360680e-02
2.662167359520567836e-02
2.687833309534734538e-02
2.735729625898367101e-02
2.768849490015925716e-02
2.835010501918907785e-02
2.915258100278094247e-02
3.020550545863146322e-02
3.165871341186864141e-02
3.331328402781544296e-02
3.528140871466253770e-02
3.771018624731189983e-02
4.109119972836499518e-02
