9.186651897359259245e-01
9.190291342009393460e-01
9.197587703691063599e-01
9.208575037038938538e-01
9.223302244647038073e-01
9.241830588797615986e-01
9.264230580136387783e-01
9.290578409687206829e-01
9.320952119059532359e-01
9.355427723473179746e-01
9.394075511830838332e-01
9.436956746356600645e-01
9.484120970593383770e-01
9.535604108720046046e-01
9.591427501804630218e-01
9.651597979059240995e-01
9.716109006417031901e-01
9.784942893397243768e-01
9.858073975280475798e-01
9.935472624353409721e-01
1.001710988469619368e+00
1.010296247283294147e+00
1.019301784442665948e+00
1.028727899752242214e+00
1.038576866767580320e+00
1.048853257112181359e+00
1.059564136997955597e+00
1.070719106873669446e+00
1.082330160372774408e+00
1.094411345603558239e+00
1.106978220140609759e+00
1.120047100554198760e+00
1.133634117570395894e+00
1.147754098496636566e+00
1.162419308798541273e+00
1.177638094036625116e+00
1.193413471120099878e+00
1.209741723415266756e+00
1.226611057178799813e+00
1.244000376771924765e+00
1.261878233075252709e+00
1.280201993633695023e+00
1.298917274718872195e+00
1.317957665295734104e+00
1.337244761536046322e+00
1.356688518792394049e+00
1.376187916549872714e+00
1.395631921418901245e+00
1.414900724173096647e+00
1.433867219451266717e+00
1.452398691137744446e+00
1.470358662574698272e+00
1.487608868498222936e+00
1.504011304718814612e+00
1.519430311849113480e+00
1.533734650587514237e+00
1.546799527987882783e+00
1.558508536615278217e+00
1.568755471374152499e+00
1.577445992004226971e+00
1.584499102705233087e+00
1.589848424028411200e+00
1.593443236028732501e+00
1.595249275678794154e+00
