1.514704919121898536e-05
5.167238483197596731e-04
1.022588404120297612e-03
1.508729279229648404e-03
2.013736283695786826e-03
2.522173493499524615e-03
3.030610703303263272e-03
3.533045053766204445e-03
4.032906750225945768e-03
4.523335382007292842e-03
5.011191359785440932e-03
5.518771018254780072e-03
6.014344958042524246e-03
6.519351962508663535e-03
7.010638145624412294e-03
7.500209226071361153e-03
7.998355819862306912e-03
8.502505272994046251e-03
8.998079212781786088e-03
9.505658871251111350e-03
9.999517708370035673e-03
1.049766430216096495e-02
1.099323824194869265e-02
1.149996034908360928e-02
1.200496735354972949e-02
1.250654415267825163e-02
1.300640584913798081e-02
1.350884019960090290e-02
1.401727740940461944e-02
1.453772033788993182e-02
1.504358489369044850e-02
1.555116455215977030e-02
1.605188379995389422e-02
1.656203611242642107e-02
1.708676679758373146e-02
1.758662849404346237e-02
1.810878652519758159e-02
1.862665679967969237e-02
1.914366952282740841e-02
1.965725204063753159e-02
2.018455537979804010e-02
2.070499830828335247e-02
2.122715633943746821e-02
2.174245395991638435e-02
2.224660341304810982e-02
2.274989531484543359e-02
2.328148641067793664e-02
2.380535954450085229e-02
2.431208165163577586e-02
2.482394906677709220e-02
2.534610709793120448e-02
2.586998023175412012e-02
2.639642601958023041e-02
2.691000853739035012e-02
2.743731187655085169e-02
2.795346704836416604e-02
2.846790711750869091e-02
2.900550107268198841e-02
2.951479583382011357e-02
3.004295672431502723e-02
3.056254210146595179e-02
3.108641523528886397e-02
3.161371857444936900e-02
3.213073129759708851e-02
3.265460443142000069e-02
3.317418980857092525e-02
3.369291763438744119e-02
3.421336056287276051e-02
3.472951573468607833e-02
3.525424641984339913e-02
3.576525628365038317e-02
3.629684737948295215e-02
3.681214499996194461e-02
3.733687568511930011e-02
3.785817616493909743e-02
3.838462195276525629e-02
3.890935263792261872e-02
3.942379270706719563e-02
3.994852339222457194e-02
4.046296346136913497e-02
4.099112435186410414e-02
4.151242483168387370e-02
4.202943755483165567e-02
4.256188620199860551e-02
4.308404423315279064e-02
4.360105695630055872e-02
4.413950846280831342e-02
4.466252404529688635e-02
4.518210942244784561e-02
4.569226173492040716e-02
4.621870752274657296e-02
4.672885983521915532e-02
4.724758766103572677e-02
4.776031262751148643e-02
4.829018862067524509e-02
4.880377113848538562e-02
4.931563855362675747e-02
4.984122679011849383e-02
5.034537624325025051e-02
5.085467100438840343e-02
5.137511393287376438e-02
5.189469931002471670e-02
5.241428468717568984e-02
5.293558516699542471e-02
5.344745258213680350e-02
5.396875306195653144e-02
5.448233557976669972e-02
5.499763320024567831e-02
5.550692796138383123e-02
5.602394068453161319e-02
5.653152034300094192e-02
5.705110572015192894e-02
5.755525517328367174e-02
5.806540748575623329e-02
5.856698428488481267e-02
5.905569781399737372e-02
5.956842278047312644e-02
6.007085713093610058e-02
6.058015189207430207e-02
6.107229562652442822e-02
6.157987528499378471e-02
6.210289086748235071e-02
6.261818848796130155e-02
6.311805018442107063e-02
6.362648739422480104e-02
6.414950297671338786e-02
6.466737325119555069e-02
6.510892145691613009e-02
6.559763498602867726e-02
6.609663913115407241e-02
6.659564327627943980e-02
6.708264170272323912e-02
6.757135523183575854e-02
6.805149324760435825e-02
6.853849167404814369e-02
6.902291744648872407e-02
6.951591873227327967e-02
6.998833878603222258e-02
7.048048252048237650e-02
7.094861481756931099e-02
7.141331690931872200e-02
7.186429817971762279e-02
7.234529374682063807e-02
7.279799011988848101e-02
7.333301142105858039e-02
7.377798983211675266e-02
7.422468334584374217e-02
7.466794665423308330e-02
7.511035241128806439e-02
7.552102876897029415e-02
7.596429207735962141e-02
7.642127620709941727e-02
7.688169054217684761e-02
7.733524446657893958e-02
7.781538248234751154e-02
7.826379109874330442e-02
7.870533930446392545e-02
7.912716382949325222e-02
7.958071775389545521e-02
8.004970760231687466e-02
8.048439539736215731e-02
8.091651053840430430e-02
8.135891629545932702e-02
8.177988326915430761e-02
8.220685310219012776e-02
8.262953517855396723e-02
8.306250787093052979e-02
8.349719566597589571e-02
8.394303162836849741e-02
8.434513247270675196e-02
8.474894841971372661e-02
8.524023460282940945e-02
8.567663750054360650e-02
8.610532243624824389e-02
8.654601309063436609e-02
8.695754699965099754e-02
8.740252541070926695e-02
8.779605074170342138e-02
8.822988098541448276e-02
8.869972838517023450e-02
8.915070965556920468e-02
8.957081907792976971e-02
8.999693135963116042e-02
9.042990405200780624e-02
9.083200489634600527e-02
9.129156168008897843e-02
9.178456296587350627e-02
9.220724504223731799e-02
9.261449119458192714e-02
9.307662063232813310e-02
9.347872147666638765e-02
9.390226110436453166e-02
9.434552441275394219e-02
9.474333750042013280e-02
9.515572896077117981e-02
9.558355634514129062e-02
9.597107881679474428e-02
9.640662416317455352e-02
9.687218380625840786e-02
9.727085444525898628e-02
9.768410345694443497e-02
9.813679983001216689e-02
9.853718557168154868e-02
9.893585621068218261e-02
9.934824767103316023e-02
9.976235423405301062e-02
1.002330591851431224e-01
1.006583139155101114e-01
1.011170131479186413e-01
1.015954360610184237e-01
1.020292663047294157e-01
1.024133585710452626e-01
1.027871602213483310e-01
1.032192753623904780e-01
1.036282366174039182e-01
1.040440582830925720e-01
1.044564497434435635e-01
1.048765591658042257e-01
1.053018138961711869e-01
1.057227808698661675e-01
1.061386025355547658e-01
1.066204556539921272e-01
1.070628614110470944e-01
1.074460961260284841e-01
1.079348096551411007e-01
1.084372440056041026e-01
1.089190971240414918e-01
1.094018077938131994e-01
1.098193445621706427e-01
1.102849042052543721e-01
1.107676148750261769e-01
1.112271716587691223e-01
1.116687198644897711e-01
1.121625787016086173e-01
1.127036028621195562e-01
1.132832168326784877e-01
1.137624972971126580e-01
1.143541169863531715e-01
1.148479758234721704e-01
1.153658460979543054e-01
1.159789045705546806e-01
1.166194046858559652e-01
1.171449929223477016e-01
1.177777750756393849e-01
1.183642494568734743e-01
1.189215670927379898e-01
1.194711667665929455e-01
1.200602138018302262e-01
1.206809902364402859e-01
1.213172025950696176e-01
1.218762353336029364e-01
1.224549917528275772e-01
1.231074975868103605e-01
1.237685789341371606e-01
1.243610561747120757e-01
1.249509607612837719e-01
1.254388167390619313e-01
1.259343906788497891e-01
1.265997597828486532e-01
1.272231088714618763e-01
1.279296404395117992e-01
1.285538470794595212e-01
1.291840565787480133e-01
1.298760097741132324e-01
1.305748233801536651e-01
1.312479104461620472e-01
1.319038464854825066e-01
1.325186200607517129e-01
1.331436842520337394e-01
1.338021929453573622e-01
1.344932885893880825e-01
1.351080621646573166e-01
1.356825308272098796e-01
1.362209823337176273e-01
1.368863514377163804e-01
1.374668229596096580e-01
1.381030353182390036e-01
1.387341023688618280e-01
1.393214343014303191e-01
1.399464984927123457e-01
1.406058647373704673e-01
1.412943877273982185e-01
1.419571841773938636e-01
1.426765790154597147e-01
1.433702473134939592e-01
1.440733486762064974e-01
1.447661594229061321e-01
1.453869358575160531e-01
1.460197180108078474e-01
1.466439246507555971e-01
1.472698463933720392e-01
1.479583693833995128e-01
1.484796698632195044e-01
1.490644291417848599e-01
1.497160774244333803e-01
1.503771587717601943e-01
1.510545335944407375e-01
1.517121847364299447e-01
1.524049954831297182e-01
1.530429229444277006e-01
1.536894259190697276e-01
1.543522223690653450e-01
1.548872436702355970e-01
1.554771482568073071e-01
1.560782010107260309e-01
1.567221313313650888e-01
1.574089392187238701e-01
1.580700205660508784e-01
1.587739794800976101e-01
1.594333457247553709e-01
1.600412588893495858e-01
1.606611777726253409e-01
1.613248317739554016e-01
1.618615681777944570e-01
1.624892050230795915e-01
1.631545741270785665e-01
1.637925015883767432e-01
1.644235686389998452e-01
1.650331969062627524e-01
1.657311529609686862e-01
1.663982371676362149e-01
1.670481703476161262e-01
1.677049639382709179e-01
1.684089228523176218e-01
1.690974458423451510e-01
1.697851112810385421e-01
1.704496228337029629e-01
1.711072739756919758e-01
1.717169022429551051e-01
1.723282456128868156e-01
1.729884694088793529e-01
1.736169638054989028e-01
1.743054867955265985e-01
1.749562775268407033e-01
1.755607604860972282e-01
1.761729614073634931e-01
1.767731566099480234e-01
1.774299502006027041e-01
1.780876013425922166e-01
1.787109504312054398e-01
1.793471627898348963e-01
1.799979535211489456e-01
1.806298781231059636e-01
1.812600876223945667e-01
1.818276958742718608e-01
1.825024980429492405e-01
1.831875908276393017e-01
1.838280909429403365e-01
1.844660184042385687e-01
1.850456323747975140e-01
1.857007108627835856e-01
1.863094815787120773e-01
1.869156796406373500e-01
1.875733307826265295e-01
1.882241215139407453e-01
1.888646216292419744e-01
1.895179850145591594e-01
1.901662030918699342e-01
1.908195664771871469e-01
1.914326249497875498e-01
1.920602617950730728e-01
1.926793231270143292e-01
1.933378318203378410e-01
1.940152066430182176e-01
1.946891512603610985e-01
1.953485175050192757e-01
1.960104564036804220e-01
1.966741104050106215e-01
1.973146105203118228e-01
1.979482502249376719e-01
1.985630238002070724e-01
1.991846577861517698e-01
1.998157248367745942e-01
2.004407890280568150e-01
2.011010128240493244e-01
2.017003504752990506e-01
2.023048334345557697e-01
2.029238947664971093e-01
2.035523891631167148e-01
2.041971770350900772e-01
2.048513979717417888e-01
2.054721744063515987e-01
2.060869479816210548e-01
2.067051517622281176e-01
2.072976290028028523e-01
2.079115450267378928e-01
2.085331790126823126e-01
2.091608158579676136e-01
2.097369996231888967e-01
2.103492005444549950e-01
2.109493957470394698e-01
2.115290097175986372e-01
2.121163416501669619e-01
2.127071037880727822e-01
2.132832875532942041e-01
2.138560411131780192e-01
2.144579514184310476e-01
2.150255596703084804e-01
2.155880226141795031e-01
2.161461978013784757e-01
2.166957974752333482e-01
2.172471122517571906e-01
2.178070025416249667e-01
2.183394511887919720e-01
2.188941961706530881e-01
2.194360778824985814e-01
2.199530906056465229e-01
2.205026902795012844e-01
2.210394266833403676e-01
2.215950292165359270e-01
2.221497741983973762e-01
2.226985163209180274e-01
2.232369678274258862e-01
2.237788495392709909e-01
2.243138708404413262e-01
2.248480345902772459e-01
2.253830558914475812e-01
2.259163620899487523e-01
2.263450651719524920e-01
2.263450651719524920e-01
2.263450651719524920e-01
2.263450651719524920e-01
2.263450651719524920e-01
2.263450651719524920e-01
2.263450651719524920e-01
2.263450651719524920e-01
2.263450651719524920e-01
2.263450651719524920e-01
2.263450651719524920e-01
2.263450651719524920e-01
2.263450651719524920e-01
2.263450651719524920e-01
2.263450651719524920e-01
2.263450651719524920e-01
2.263450651719524920e-01
2.263450651719524920e-01
2.263450651719524920e-01
2.263450651719524920e-01
2.263450651719524920e-01
2.263450651719524920e-01
2.263450651719524920e-01
2.263450651719524920e-01
2.263450651719524920e-01
2.263450651719524920e-01
2.263450651719524920e-01
2.263450651719524920e-01
2.263450651719524920e-01
2.263450651719524920e-01
2.263450651719524920e-01
2.263450651719524920e-01
2.263450651719524920e-01
2.263450651719524920e-01
2.263450651719524920e-01
2.263450651719524920e-01
2.263450651719524920e-01
2.263450651719524920e-01
2.263450651719524920e-01
2.263450651719524920e-01
2.263450651719524920e-01
2.263450651719524920e-01
2.263450651719524920e-01
2.263450651719524920e-01
2.263450651719524920e-01
2.263450651719524920e-01
2.263450651719524920e-01
2.263450651719524920e-01
2.263450651719524920e-01
2.263450651719524920e-01
2.263450651719524920e-01
2.263450651719524920e-01
2.263450651719524920e-01
2.263450651719524920e-01
2.263450651719524920e-01
2.263450651719524920e-01
2.263450651719524920e-01
2.263450651719524920e-01
2.263450651719524920e-01
2.263450651719524920e-01
2.263450651719524920e-01
2.263450651719524920e-01
2.263450651719524920e-01
2.263450651719524920e-01
2.263450651719524920e-01
2.263450651719524920e-01
2.263450651719524920e-01
2.263450651719524920e-01
2.263450651719524920e-01
2.263450651719524920e-01
2.263450651719524920e-01
2.263450651719524920e-01
2.263450651719524920e-01
2.263450651719524920e-01
2.263450651719524920e-01
2.263450651719524920e-01
2.263450651719524920e-01
2.263450651719524920e-01
2.263450651719524920e-01
2.263450651719524920e-01
2.263450651719524920e-01
2.263450651719524920e-01
2.263450651719524920e-01
