2.227014353467935553e-02
1.972821379469684791e-02
1.777619300156586465e-02
1.614364368833536706e-02
1.470782218457990752e-02
1.343214980733202328e-02
1.229583041413933459e-02
1.127915109348890874e-02
1.034976556571881937e-02
9.506310902207906061e-03
8.729412400333289718e-03
8.031370583462848697e-03
7.400196876466048554e-03
6.823374568707830067e-03
6.302700983608371457e-03
5.835215930575199730e-03
5.408718024949202285e-03
5.030291449852044607e-03
4.688563512239371338e-03
4.378641064328219791e-03
4.096755273587778835e-03
3.841645409911647897e-03
3.610130427393788352e-03
3.401428207807602466e-03
3.211383405005704701e-03
3.039771689461884425e-03
2.888535630482913941e-03
2.753757490121105066e-03
2.627039428149004381e-03
2.513378878555514503e-03
2.412655021868762972e-03
2.320786639631496236e-03
2.237231743368036513e-03
2.159587860185017538e-03
2.090444246210842842e-03
2.014931763244226254e-03
1.948209281743479900e-03
1.887700625677581111e-03
1.829801590624203665e-03
1.778154058430854662e-03
1.717592025080438367e-03
1.671129499655597643e-03
1.626079495619855812e-03
1.584743236120728224e-03
1.546173889188845680e-03
1.508786262993817504e-03
1.474108085801308131e-03
1.440245684285715918e-03
1.405340432698579589e-03
1.374211977761370749e-03
1.344229787509548845e-03
1.316180494001196197e-03
1.288732831426042929e-03
1.262254316606110883e-03
1.236815301998739217e-03
1.212326812378098284e-03
1.188842915921807866e-03
1.165508991376668904e-03
1.142429023736884998e-03
1.120698496853524302e-03
1.099455893235537886e-03
1.078597430359877875e-03
1.058630016348411848e-03
1.039198477070868995e-03
1.020215015694196908e-03
1.001699379990209863e-03
9.838150806255202292e-04
9.665999312465401198e-04
9.499788860298858306e-04
9.338735124638297214e-04
9.185141608329694960e-04
9.036267680772373757e-04
8.890117042032863849e-04
8.745879162992853829e-04
8.606240989147632536e-04
8.464502805728913110e-04
8.332736246594409698e-04
8.205438400842074605e-04
8.082671235505036952e-04
7.963380049235889392e-04
7.847679511509055581e-04
7.736966583445727998e-04
7.627840527554116592e-04
7.509433918656881288e-04
7.404203671162950346e-04
7.294961343723399116e-04
7.186697901196434455e-04
7.089253613583323694e-04
6.996512157343104344e-04
6.907376220424522395e-04
6.820082703268010981e-04
6.736738224090942345e-04
6.656589437722624505e-04
6.579750713093547847e-04
6.503320151797158761e-04
6.431385489568032130e-04
6.361954171455596208e-04
6.294523666029480484e-04
6.230327875501418889e-04
6.168583488073664219e-04
6.109714827672096471e-04
6.052506090687154866e-04
5.994450067879215612e-04
5.940372812525867088e-04
5.888621801016715330e-04
5.839533649436428079e-04
5.792322671612908655e-04
5.747640335996168645e-04
5.704988868117701886e-04
5.665232686679792318e-04
5.626954479925190501e-04
5.588733642934171422e-04
5.552497633239748386e-04
5.519012931129737122e-04
5.487187150048933055e-04
5.453354091316375135e-04
5.422301910373022874e-04
5.393294184715552182e-04
5.367453289006588087e-04
5.342995387340400328e-04
5.320158030519863942e-04
5.290577306575939848e-04
5.268042550827109960e-04
5.249254251840805227e-04
5.215868222300362169e-04
5.192116270617543007e-04
5.175910693952776899e-04
5.149262039316405319e-04
5.133800425833015980e-04
5.120429572578700725e-04
5.108249791606994617e-04
5.096576194841625921e-04
5.086311218547866263e-04
5.076975171074520066e-04
5.068223799638327297e-04
5.059804947233757138e-04
5.052601364361751805e-04
5.046132912286979515e-04
5.039995470993738173e-04
5.034037241628873480e-04
5.028821925526923923e-04
5.024334224168809258e-04
5.019829509720003576e-04
5.015852013058937509e-04
5.010590838620120491e-04
5.007322011458190114e-04
5.004457449382838799e-04
5.001776860375128008e-04
4.999365606223245837e-04
4.996991427232267248e-04
4.994698932123995501e-04
4.989756539680307960e-04
4.987303000443541259e-04
4.985380550195280805e-04
4.982548629191684703e-04
4.980841014065132697e-04
4.979347441737441184e-04
4.977942433142992350e-04
4.976619419773797154e-04
4.974973821813470729e-04
4.973843919556233603e-04
4.972717568493403373e-04
4.971645794892024179e-04
4.970670900922145212e-04
4.969823262956660301e-04
4.968991285723455605e-04
4.968103979964474124e-04
4.967293777647426717e-04
4.966559990135194051e-04
4.965872878317309372e-04
4.965060538797764740e-04
4.964169572186614976e-04
4.963497879462516358e-04
4.962887383274609127e-04
4.962242899610836517e-04
4.961799119930532546e-04
4.961337263916580339e-04
4.960941816907382847e-04
4.960333219832523425e-04
4.959786986613118559e-04
4.959265304935435653e-04
4.958859938288544440e-04
4.958509890887730608e-04
4.958159017369438313e-04
4.957840417519039991e-04
4.957081107089203074e-04
4.956585087027888265e-04
4.956288160245828859e-04
4.956035201414302031e-04
4.955653845741459689e-04
4.955377366186764247e-04
4.955143620628462428e-04
4.954953158275704614e-04
4.954772722874260316e-04
4.954586299755456323e-04
4.954393457958038540e-04
4.954261036527517290e-04
4.954095577842318205e-04
4.953891162960479292e-04
4.953774003979592245e-04
4.953659918944335570e-04
4.953355291097285380e-04
4.953250449943646981e-04
4.953153345571493149e-04
4.953066328909749155e-04
4.952992809847353052e-04
4.952793996143710527e-04
4.952651309507655805e-04
4.952557984795335783e-04
4.952482525581611240e-04
4.952355818685709151e-04
4.952306707467499583e-04
4.952264381701881532e-04
4.952214378231680272e-04
4.952155524276281862e-04
4.952116604577072546e-04
4.952074337356088480e-04
4.952032609009207088e-04
4.952011574465722907e-04
4.951982443023307231e-04
4.951962880366158736e-04
4.951886139629285959e-04
4.951840201781605418e-04
4.951805875886803069e-04
4.951759425744203585e-04
4.951722271233044252e-04
4.951698188934224205e-04
4.951682519633380380e-04
4.951668158644286508e-04
4.951632892654941149e-04
4.951610731068341016e-04
4.951575117688314983e-04
4.951562750151073267e-04
4.951556117747843129e-04
4.951536337061551718e-04
4.951519026377044792e-04
4.951486692425405593e-04
4.951473669971701019e-04
4.951457146548573227e-04
4.951373977598647448e-04
4.951331433538738334e-04
4.951318900661924073e-04
4.951295898328318505e-04
4.951276506625324706e-04
4.951255776993246979e-04
4.951250836921602038e-04
4.951209843452151907e-04
4.950921010383844013e-04
4.950903802174490016e-04
4.950894034491445245e-04
4.950875932008050578e-04
4.950845358570577469e-04
4.950830214901189323e-04
4.950811303305407106e-04
4.950799263744802125e-04
4.950781358063902548e-04
4.950730269695673754e-04
4.950700270554242140e-04
4.950689127578094227e-04
4.950664973956269170e-04
4.950655346429255711e-04
4.950623111161906419e-04
4.950586884780764588e-04
4.950584686804218809e-04
4.950572121359494591e-04
4.950551626405097798e-04
4.950528785470783514e-04
4.950495477783864624e-04
4.950479950759388353e-04
4.950465212873217564e-04
4.950463165200544866e-04
4.950448750083017487e-04
4.950436063057195215e-04
4.950352481775773450e-04
4.950340908790502609e-04
4.950330201710518695e-04
4.950304900797682529e-04
4.950254933683505797e-04
4.950245057298036794e-04
4.950240231372290533e-04
4.950218653639170286e-04
4.950186587036240447e-04
4.950175406118223920e-04
4.950170896706810849e-04
4.950122202141650149e-04
4.950115413820202221e-04
4.950113391550932862e-04
4.950102752670403278e-04
4.950007619005255231e-04
4.949985726169108848e-04
4.949965197607228938e-04
4.949949276102791817e-04
4.949899565712081355e-04
4.949860087952032747e-04
4.949831069242132450e-04
4.949736697179739006e-04
4.946799252285122251e-04
4.946633537409754261e-04
4.946598031106368533e-04
4.946562163679318197e-04
4.946530853948638779e-04
4.946520025846595304e-04
4.946507096994987290e-04
4.946476672878829042e-04
4.946463768266073056e-04
4.946445760030571299e-04
4.946414274382377818e-04
4.946357997736190726e-04
4.946348088398057688e-04
4.946338370691815128e-04
4.946298712269759897e-04
4.946294016548123933e-04
4.946268672690215355e-04
4.946159889650786736e-04
4.946085593520642377e-04
4.946025784013259857e-04
4.945973171477067998e-04
4.945947905262626162e-04
4.945881454713629442e-04
4.945848175702225206e-04
4.945823341399884941e-04
4.945800604319305080e-04
4.945778424219131027e-04
4.945768984533403063e-04
4.945749014283755320e-04
4.945730239972226079e-04
4.945690938043918131e-04
4.945644921816990053e-04
4.945572326097095583e-04
4.945496988470375827e-04
4.945438524183423581e-04
4.945407188419919178e-04
4.945337559252769265e-04
4.945294031728431549e-04
4.945196296615224796e-04
4.945015697315570174e-04
4.944925767721927452e-04
4.944849705689858621e-04
4.944809957063300452e-04
4.944771751917356869e-04
4.944581084524854106e-04
4.944498739102928678e-04
4.944380586212725887e-04
4.943992359356738512e-04
4.943931441759209658e-04
4.943880862482906381e-04
4.943833931115772934e-04
4.943717118280372292e-04
4.942980278696318440e-04
4.942895624356412158e-04
4.942703155395002318e-04
4.942670211475361447e-04
4.942660828256936105e-04
4.942550211188897081e-04
4.942440343416830547e-04
4.942276986816180641e-04
4.942239939343987757e-04
4.942201511601598775e-04
4.942074039961094406e-04
4.941921878811516775e-04
4.941817915367821947e-04
4.941588181543801490e-04
4.941496557338503990e-04
4.941448416642178851e-04
4.941417521655626062e-04
4.941326999800187093e-04
4.941042900250791322e-04
4.940772366118778699e-04
4.940535411809436400e-04
4.940404707357750735e-04
4.940173547130591878e-04
4.940058760178283161e-04
4.939956250582040916e-04
4.939135907859944653e-04
4.938956289311845303e-04
4.938759914788150209e-04
4.938348205397493891e-04
4.935726987087059748e-04
4.934499783880873149e-04
4.933446888230955119e-04
4.933629151854382940e-04
4.933422330763283323e-04
4.931680181125106151e-04
4.929786315403349292e-04
4.910980619195520931e-04
4.903322873276980999e-04
4.906345401581121328e-04
4.907596847196541399e-04
4.913246729745061056e-04
4.922402960657668632e-04
4.937112377821858446e-04
4.986612305914324113e-04
5.015555739402565317e-04
5.069459772068065414e-04
5.210101399792697397e-04
5.310070202151269967e-04
5.341791689312024374e-04
5.637299994552280070e-04
6.196212642372573957e-04
7.121182546181353606e-04
8.129731526053857226e-04
1.049982408211676136e-03
1.304432969825780348e-03
1.726782472495819870e-03
2.094471288597676666e-03
2.560651741817053691e-03
3.548451529487125795e-03
5.239951430968029997e-03
6.478949082055465193e-03
7.070503199224189780e-03
1.079235088744900407e-02
1.718087646096958659e-02
2.531632906417418880e-02
3.289376742738479159e-02
4.715978547210881999e-02
7.518137685168821416e-02
1.481160103864290756e-01
8.743861981180032217e-01
8.971119086089498997e+08
8.971119085150389671e+08
8.971119084211276770e+08
8.971119083272171021e+08
8.971119082333068848e+08
8.971119081393980980e+08
8.971119080454894304e+08
8.971119079515814781e+08
8.971119078576741219e+08
8.971119077637676001e+08
8.971119076698610783e+08
8.971119075759561062e+08
8.971119074820507765e+08
8.971119073881468773e+08
8.971119072942429781e+08
8.971119072003403902e+08
8.971119071064378023e+08
8.971119070125361681e+08
8.971119069186346531e+08
8.971119068247344494e+08
8.971119067308344841e+08
8.971119066369359493e+08
8.971119065430369377e+08
8.971119064491384029e+08
8.971119063552412987e+08
8.971119062613447905e+08
8.971119061674474478e+08
8.971119060735526085e+08
8.971119059796575308e+08
8.971119058857629299e+08
8.971119057918686867e+08
8.971119056979761124e+08
8.971119056040837765e+08
8.971119055101915598e+08
8.971119054163008928e+08
8.971119053224098682e+08
8.971119052285202742e+08
8.971119051346306801e+08
8.971119050407412052e+08
8.971119049468535185e+08
8.971119048529660702e+08
8.971119047590794563e+08
8.971119046651928425e+08
8.971119045713069439e+08
8.971119044774217606e+08
8.971119043835375309e+08
8.971119042896538973e+08
8.971119041957706213e+08
8.971119041018877029e+08
8.971119040080053806e+08
8.971119039141244888e+08
8.971119038202433586e+08
8.971119037263638973e+08
8.971119036324840784e+08
8.971119035386053324e+08
8.971119034447269440e+08
8.971119033508495092e+08
8.971119032569723129e+08
8.971119031630958319e+08
8.971119030692205429e+08
8.971119029753451347e+08
8.971119028814707994e+08
8.971119027875965834e+08
8.971119026937235594e+08
8.971119025998506546e+08
8.971119025059785843e+08
8.971119024121074677e+08
8.971119023182364702e+08
8.971119022243664265e+08
8.971119021304962635e+08
8.971119020366277695e+08
8.971119019427590370e+08
8.971119018488916159e+08
8.971119017550241947e+08
8.971119016611579657e+08
8.971119015672924519e+08
8.971119014734272957e+08
8.971119013795624971e+08
8.971119012856985331e+08
8.971119011918346882e+08
8.971119010979721546e+08
8.971119010041098595e+08
8.971119009133771658e+08
