8.229471650113440596e-06
7.817998067607785304e-04
1.555370141871445944e-03
2.328940476982112925e-03
3.102510812092780772e-03
3.876081147203447753e-03
4.649651482314115167e-03
5.423221817424783014e-03
6.196792152535449995e-03
6.970362487646117843e-03
7.743932822756717169e-03
8.517503157867312158e-03
9.291073492977905413e-03
1.006464382808850040e-02
1.083821416319909366e-02
1.161178449830968865e-02
1.238535483342028364e-02
1.315892516853087515e-02
1.393249550364147014e-02
1.470606583875219003e-02
1.547963617386292901e-02
1.625320650897367145e-02
1.702677684408441389e-02
1.780034717919515286e-02
1.857391751430589183e-02
1.934748784941663427e-02
2.012105818452737671e-02
2.089462851963811568e-02
2.166819885474885812e-02
2.244176918985959709e-02
2.321533952497033607e-02
2.398890986008108198e-02
2.476248019519182095e-02
2.553605053030255992e-02
2.630962086541330236e-02
2.708319120052404133e-02
2.785676153563478030e-02
2.863033187074532498e-02
2.940390220585577252e-02
3.017747254096621659e-02
3.095104287607666760e-02
3.172461321118711514e-02
3.249818354629756267e-02
3.327175388140801021e-02
3.404532421651845775e-02
3.481889455162890529e-02
3.559246488673935283e-02
3.636603522184980036e-02
3.713960555696024790e-02
3.791317589207069544e-02
3.868674622718114298e-02
3.946031656229158358e-02
4.023388689740203805e-02
4.100745723251248559e-02
4.178102756762293313e-02
4.255459790273338067e-02
4.332816823784382126e-02
4.410173857295427574e-02
4.487530890806472328e-02
4.564887924317516388e-02
4.642244957828561835e-02
4.719601991339606589e-02
4.796959024850651343e-02
4.874316058361695403e-02
4.951673091872740851e-02
5.029030125383785604e-02
5.106387158894829664e-02
5.183744192405875112e-02
5.261101225916919866e-02
5.338458259427964619e-02
5.415815292939008679e-02
5.493172326450054127e-02
5.570529359961098881e-02
5.647886393472143635e-02
5.725243426983189082e-02
5.802600460494233142e-02
5.879957494005277896e-02
5.957314527516323344e-02
6.034671561027368097e-02
6.112028594538412157e-02
6.189385628049456911e-02
6.266742661560502359e-02
6.344099695071546419e-02
6.421456728582591866e-02
6.498813762093635926e-02
6.576170795604681374e-02
6.653527829115725434e-02
6.730884862626770881e-02
6.808241896137814941e-02
6.885598929648859001e-02
6.962955963159904449e-02
7.040312996670949897e-02
7.117670030181993956e-02
7.195027063693039404e-02
7.272384097204083464e-02
7.349741130715128912e-02
7.427098164226172972e-02
7.504455197737218419e-02
7.581812231248262479e-02
7.659169264759307927e-02
7.735703351105341352e-02
