1.435852082547713722e-03
1.206754377205320784e-03
1.033601352551130094e-03
8.934706607443722434e-04
7.785160790606581241e-04
6.800823080908297968e-04
5.943575725449857074e-04
5.195934090898139419e-04
4.542199433465925282e-04
3.969029129225943751e-04
3.458306333982275179e-04
3.003522959188610164e-04
2.599300781018190794e-04
2.240821221591376641e-04
1.924334537660120077e-04
1.645010099104261337e-04
1.397740394606514420e-04
1.179601103234196593e-04
9.876640571263465358e-05
8.197139246063277706e-05
6.745509379682737138e-05
5.500639044298717429e-05
4.444567208257553146e-05
3.560482730109009451e-05
2.834637305923671689e-05
2.250203996556329121e-05
1.797359341856517406e-05
1.450016200273818975e-05
1.179482535038840185e-05
9.616763518112692643e-06
7.887071873315783393e-06
6.508215110549964699e-06
5.404413552930234782e-06
4.540406327301721131e-06
3.834486305451520299e-06
3.277340798324947594e-06
2.845474760866114942e-06
2.503413580301354587e-06
2.225466944920917581e-06
2.000752108628147659e-06
1.832418792801443733e-06
1.687388493423334583e-06
1.582713409438815100e-06
1.488885788333471320e-06
1.412405709277328835e-06
1.345295490955686106e-06
1.298133020680449136e-06
1.257871589327194025e-06
1.224928076081877917e-06
1.198771912665531185e-06
1.179851183467199839e-06
1.163820266774991326e-06
1.153094107061655667e-06
1.144444652608223426e-06
1.141253520600277151e-06
1.139652993863361541e-06
1.137856504580527500e-06
1.134781341371011331e-06
1.133475731813265537e-06
1.131246853065464941e-06
1.130897567831832316e-06
1.129851910331529135e-06
1.128374557581061636e-06
1.127614572158532313e-06
1.125272102864339384e-06
1.120902532620898032e-06
1.117307151196664195e-06
1.112799222058953806e-06
1.107566410181417634e-06
1.105260124299448393e-06
1.103298957731451293e-06
1.100971662115643964e-06
1.098531354638629350e-06
1.097152866152507827e-06
1.096922085818787149e-06
1.094527247162901496e-06
1.093768701719446789e-06
1.092996747764131621e-06
1.089683128716040273e-06
1.088316990064139909e-06
1.084394783705648296e-06
1.081351677394608378e-06
1.073650439693032497e-06
1.069818886312798695e-06
1.065636814277184056e-06
1.063446874177547899e-06
1.062196057996269101e-06
1.059697148138323468e-06
1.052115068950764073e-06
1.044781789059716293e-06
1.040785215592485674e-06
1.038747109735268434e-06
1.035523680641521796e-06
1.031066553359640737e-06
1.025215636515793636e-06
1.023517976013077566e-06
1.021425954631498210e-06
1.020182266245510840e-06
1.023287199953392813e-06
1.024007444191093559e-06
1.030813903761176073e-06
