1.959007888319248991e+00
1.959783981811103359e+00
1.961339894693438612e+00
1.963682888948103500e+00
1.966823392810599369e+00
1.970774470158627611e+00
1.975551157037508165e+00
1.981169700805043954e+00
1.987646743447264441e+00
1.994998494832690428e+00
2.003239943721187188e+00
2.012384153978238999e+00
2.022441690518767654e+00
2.033420213995924097e+00
2.045324275286894089e+00
2.058155330687597928e+00
2.071911986841053821e+00
2.086590471340350472e+00
2.102185311311730587e+00
2.118690188792583751e+00
2.136098929076847952e+00
2.154406567078881896e+00
2.173610427780991117e+00
2.193711150501185703e+00
2.214713583483486126e+00
2.236627475487594108e+00
2.259467894859036985e+00
2.283255314077509812e+00
2.308015308970157164e+00
2.333777836429634878e+00
2.360576072210501586e+00
2.388444810587903699e+00
2.417418449533481617e+00
2.447528607543394408e+00
2.478801440113413523e+00
2.511254743736424988e+00
2.544894951821127904e+00
2.579714138830482728e+00
2.615687155192436109e+00
2.652769015504964134e+00
2.690892656082978895e+00
2.729967165333554657e+00
2.769876572657222535e+00
2.810479259820505060e+00
2.851608034554202309e+00
2.893070881120464843e+00
2.934652378289232200e+00
2.976115752872580345e+00
3.017205517646532442e+00
3.057650626742047795e+00
3.097168069634875565e+00
3.135466816631385267e+00
3.172252023924333031e+00
3.207229404434668307e+00
3.240109671257430879e+00
3.270612963100967274e+00
3.298473165206448954e+00
3.323442044501136117e+00
3.345293123894262255e+00
3.363825227466912260e+00
3.378865635698280467e+00
3.390272797711125108e+00
3.397938555742066491e+00
3.401789845587094518e+00
