1.686215186001793038e-05
5.261569129981539215e-04
1.030306366129892610e-03
1.534455819261633250e-03
2.041177926396570922e-03
2.539324520187513212e-03
3.041758870650454818e-03
3.548480977785393575e-03
4.065493700933125662e-03
4.571358256733663167e-03
5.091801185218989417e-03
5.601095946357124988e-03
6.092382129472871145e-03
6.596531582604610484e-03
7.101538587070748906e-03
7.606545591536888196e-03
8.107264839331031203e-03
8.597693471112380012e-03
9.085549448890522031e-03
9.592271556025449078e-03
1.008012753380358416e-02
1.058084678159770635e-02
1.108156602939183027e-02
1.157199466117315827e-02
1.206756860096088249e-02
1.256142743807981375e-02
1.305700137786754145e-02
1.356972634434325774e-02
1.407816355414698642e-02
1.459603382862910068e-02
1.510875879510482217e-02
1.562062621024614371e-02
1.613335117672186694e-02
1.663407042451598913e-02
1.713393212097571658e-02
1.763722402277304036e-02
1.812851020588877524e-02
1.862322659434209604e-02
1.912223073946742180e-02
1.963495570594314676e-02
2.013910515907486876e-02
2.062781868818739858e-02
2.112081997397192989e-02
2.160438819507807390e-02
2.210510744287219609e-02
2.258353035597193345e-02
2.307310143641887190e-02
2.355666965752501243e-02
2.404281053263434068e-02
2.453924202375647526e-02
2.502881310420340677e-02
2.552181438998792767e-02
2.598737403307168140e-02
2.647523001084981301e-02
2.695708312928713282e-02
2.742778808037728625e-02
2.790792609614581657e-02
2.838634900924555740e-02
2.886820212768289456e-02
2.935177034878901775e-02
2.984820183991113846e-02
3.034977863903966927e-02
3.084020727082100247e-02
3.131519997858313309e-02
3.181420412370846579e-02
3.230977806349617787e-02
3.278734342526152395e-02
3.326919654369885071e-02
3.376048272681458212e-02
3.424062074258311938e-02
3.473705223370524009e-02
3.522833841682097844e-02
3.572734256194635971e-02
3.622120139906533087e-02
3.673221126287230798e-02
3.725951460203288240e-02
3.775251588781745882e-02
3.825923799495242750e-02
3.875052417806820748e-02
3.924867077185919401e-02
3.974338716031255991e-02
4.024839416477874604e-02
4.074568320723532394e-02
4.123182408234472157e-02
4.170424413610371306e-02
4.218695480587549007e-02
4.265851730830007987e-02
4.313951287540309515e-02
4.361879333983725848e-02
4.409635870160266008e-02
4.457478161470244254e-02
4.503948370645185356e-02
4.553677274890844534e-02
4.603491934269941105e-02
4.650476674245519748e-02
4.698147455288619045e-02
4.745303705531080107e-02
4.795289875177056321e-02
4.843646697287674191e-02
4.892946825866133220e-02
4.942761485245230485e-02
4.990175000888009277e-02
5.038103047331428386e-02
5.087317420776444471e-02
5.136274528821143520e-02
5.185574657399601162e-02
5.234017234643660588e-02
5.281688015686757109e-02
5.330044837797375673e-02
5.375914761038234901e-02
5.424700358816052920e-02
5.472885670659792534e-02
5.521928533837931752e-02
5.570285355948551009e-02
5.617956136991647531e-02
5.666484469369147126e-02
5.715098556880084113e-02
5.762169051989102231e-02
5.812412487035402420e-02
5.859654492411298793e-02
5.910326703124796355e-02
5.957568708500696197e-02
6.006440061411952303e-02
6.054711128389129310e-02
6.103839746700709390e-02
6.152539589345084464e-02
6.200296125521624624e-02
6.248652947632243881e-02
6.296066463275021285e-02
6.344594795652519492e-02
6.393208883163456480e-02
6.442080236074713973e-02
6.490179792785014112e-02
6.539394166230029504e-02
6.588008253740969267e-02
6.635250259116869109e-02
6.685150673629407236e-02
6.733764761140344224e-02
6.781950072984083144e-02
6.830306895094702402e-02
6.880378819874119478e-02
6.928306866317539281e-02
6.976663688428157151e-02
7.027250144008215238e-02
7.074492149384103978e-02
7.121991420160321551e-02
7.169061915269347995e-02
7.216389675778676904e-02
7.263974701688336033e-02
7.312931809733029531e-02
7.360431080509247104e-02
7.407415820484815339e-02
7.455000846394474467e-02
7.501728320969737462e-02
7.550170898213784398e-02
7.598356210057520543e-02
7.644912174365905977e-02
7.695927405613152417e-02
7.744541493124089404e-02
7.798300888641419848e-02
7.845800159417641584e-02
7.891670082658491792e-02
7.938226046966873062e-02
7.984782011275257108e-02
8.030308913982342478e-02
8.077636674491679714e-02
8.123249332332220518e-02
8.169033500439644435e-02
8.216018240415212670e-02
8.263603266324870411e-02
8.311274047367962770e-02
8.356114909007550384e-02
8.403957200317518916e-02
8.449569858158054170e-02
8.496640353267070900e-02
8.543539338109205905e-02
8.591210119152312141e-02
8.637766083460678146e-02
8.684064782368741686e-02
8.731049522344309921e-02
8.775976139117334929e-02
8.821674552091308963e-02
8.869431088267835939e-02
8.915301011508695861e-02
8.961942730950515912e-02
9.010642573594895843e-02
9.056512496835741888e-02
9.101953644409405131e-02
9.148681118984657024e-02
9.194979817892720564e-02
9.241964557868292962e-02
9.289206563244180315e-02
9.336277058353195657e-02
9.384205104796614072e-02
9.430160783170911387e-02
9.477145523146486561e-02
9.523701487454862280e-02
9.570857737697313627e-02
9.615098313402817287e-02
9.661825787978066404e-02
9.708724772820205573e-02
9.755023471728263562e-02
9.804666620840477020e-02
9.852851932684209002e-02
9.897521284056907953e-02
9.945449330500320817e-02
9.993120111543422890e-02
1.004113391312028147e-01
1.008511722342545214e-01
1.013115865693318823e-01
1.017822915204221329e-01
1.022375605474930560e-01
1.027065503959144616e-01
1.031652496283230469e-01
1.036205186553940116e-01
1.041092321845065310e-01
1.045670738655807563e-01
1.049940436986165487e-01
1.054664637523756165e-01
1.059268780874529359e-01
1.063804320118551389e-01
1.068305557309196935e-01
1.072926851686658162e-01
1.077436664390648557e-01
1.082057958768110895e-01
1.086696404172260433e-01
1.091360576116441605e-01
1.096110503194063918e-01
1.100671768978117582e-01
1.105601781835962999e-01
1.110463190587056975e-01
1.114912974697638420e-01
1.120203159115931713e-01
1.124910208626834218e-01
1.129685862244487471e-01
1.134418638295421472e-01
1.139365802179955894e-01
1.144235786444393194e-01
1.149182950328926783e-01
1.154155840753491730e-01
1.159060127071305096e-01
1.163990139929151485e-01
1.168920152786996347e-01
1.173858741158185642e-01
1.178840207096095577e-01
1.184027485354260251e-01
1.189017526805513647e-01
1.194256258143742699e-01
1.199692226288883862e-01
1.204922382113768897e-01
1.210392652312286127e-01
1.215820044944083272e-01
1.221135955902409309e-01
1.226194601460414008e-01
1.231750626792370851e-01
1.236912178510505139e-01
1.242442477302429377e-01
1.247115224759955815e-01
1.252362531611528884e-01
1.257532658843006912e-01
1.263105835201651095e-01
1.268696162586983867e-01
1.274337943052381850e-01
1.279696731577426860e-01
1.285132699722568717e-01
1.290457186194237382e-01
1.296116117686322566e-01
1.301586387884839657e-01
1.307228168350237363e-01
1.312844222275601769e-01
1.318631786467847622e-01
1.324213538339836238e-01
1.329975375992049069e-01
1.335522825810661895e-01
1.341310390002906916e-01
1.346943594954960188e-01
1.352653979527109751e-01
1.358501572312762473e-01
1.364477797798575032e-01
1.370531202904484158e-01
1.376293040556696989e-01
1.382329294635918637e-01
1.388271218068355128e-01
1.394135961880695884e-01
1.400197942499948611e-01
1.405925478098785930e-01
1.412073213851477993e-01
1.417980835230542025e-01
1.424171448549954033e-01
1.430430665976116511e-01
1.436329711841835277e-01
1.442288786300959802e-01
1.448419371026966607e-01
1.454447049592843821e-01
1.460792022152445913e-01
1.467119843685364133e-01
1.473319032518120575e-01
1.479406739677406879e-01
1.485854618397138560e-01
1.491908023503047132e-01
1.498175816442556818e-01
1.504615119648945731e-01
1.510942941181864785e-01
1.517253611688091919e-01
1.523624310787729530e-01
1.529754895513734669e-01
1.535996961913211889e-01
1.542376236526193933e-01
1.548506821252197407e-01
1.554877520351835574e-01
1.560999529564497112e-01
1.567318775584070900e-01
1.573886711490619372e-01
1.580394618803760143e-01
1.586988281250339694e-01
1.593444735483416919e-01
1.599918340743181899e-01
1.606580607296515528e-01
1.613182845256439790e-01
1.619776507703017399e-01
1.626550255929823663e-01
1.633075314269652745e-01
1.639660401202890361e-01
1.645962496195775282e-01
1.652513281075632667e-01
1.659209849682344029e-01
1.665820663155612724e-01
1.672397174575507850e-01
1.678836477781895098e-01
1.685567348441979196e-01
1.692323945642096317e-01
1.699011938735461025e-01
1.705708507342170999e-01
1.712465104542285621e-01
1.719376060982594767e-01
1.726149809209398533e-01
1.733017888082988567e-01
1.739945995549984359e-01
1.746796923396884138e-01
1.753484916490251067e-01
1.760370146390527746e-01
1.767083866023925476e-01
1.773969095924201600e-01
1.780734268637661766e-01
1.787816735344850416e-01
1.794873475512006322e-01
1.802007395299259351e-01
1.809098437519789937e-01
1.816086573580194541e-01
1.823066134127254989e-01
1.829942788514190011e-01
1.837145312408194897e-01
1.844073419875189301e-01
1.851138735555691306e-01
1.858452741123167162e-01
1.865766746690643574e-01
1.872729156211014323e-01
1.879905953564988130e-01
1.886894089625391624e-01
1.893650686825507912e-01
1.900312953378839598e-01
1.907352542519307748e-01
1.914272074472960217e-01
1.921243059506675677e-01
1.928196893513707266e-01
1.935305086760927828e-01
1.942121712554448765e-01
1.949109848614856144e-01
1.956132286728635428e-01
1.963060394195633440e-01
1.970108558849444358e-01
1.976667919242649230e-01
1.983295883742606236e-01
1.990155387102848505e-01
1.996851955709558757e-01
2.003505646749547953e-01
2.010347999083103021e-01
2.017207502443349176e-01
2.023715409756488837e-01
2.030249043609662629e-01
2.037074244916529664e-01
2.043873719683366730e-01
2.050664618936859362e-01
2.057386914083600138e-01
2.063972001016837476e-01
2.070394153196537246e-01
2.077193627963372091e-01
2.083658657709794304e-01
2.090140838482903995e-01
2.096614443742669254e-01
2.103113775542466424e-01
2.109655984908981596e-01
2.116095288115372730e-01
2.122431685161631776e-01
2.128725204641175039e-01
2.135018724120716638e-01
2.141329394626941551e-01
2.147528583459700213e-01
2.153564837538918808e-01
2.159498185458012809e-01
2.165457259917137889e-01
2.171399183349575490e-01
2.177169596515130812e-01
2.183042915840815446e-01
2.188504610525988381e-01
2.193880550077721425e-01
2.199187885522704833e-01
2.204778212908039270e-01
2.210445719913466667e-01
2.215967443192048969e-01
2.221360533770468382e-01
2.226813652942299659e-01
2.232258196600786782e-01
2.237788495392711019e-01
2.243190161484478196e-01
2.248411741796020602e-01
2.253813407887788334e-01
2.259163620899487523e-01
2.263506288663711397e-01
2.263506288663711397e-01
2.263506288663711397e-01
2.263506288663711397e-01
2.263506288663711397e-01
2.263506288663711397e-01
2.263506288663711397e-01
2.263506288663711397e-01
2.263506288663711397e-01
2.263506288663711397e-01
2.263506288663711397e-01
2.263506288663711397e-01
2.263506288663711397e-01
2.263506288663711397e-01
2.263506288663711397e-01
2.263506288663711397e-01
2.263506288663711397e-01
2.263506288663711397e-01
2.263506288663711397e-01
2.263506288663711397e-01
2.263506288663711397e-01
2.263506288663711397e-01
2.263506288663711397e-01
2.263506288663711397e-01
2.263506288663711397e-01
2.263506288663711397e-01
2.263506288663711397e-01
2.263506288663711397e-01
2.263506288663711397e-01
2.263506288663711397e-01
2.263506288663711397e-01
2.263506288663711397e-01
2.263506288663711397e-01
2.263506288663711397e-01
2.263506288663711397e-01
2.263506288663711397e-01
2.263506288663711397e-01
2.263506288663711397e-01
2.263506288663711397e-01
2.263506288663711397e-01
2.263506288663711397e-01
2.263506288663711397e-01
2.263506288663711397e-01
2.263506288663711397e-01
2.263506288663711397e-01
2.263506288663711397e-01
2.263506288663711397e-01
2.263506288663711397e-01
2.263506288663711397e-01
2.263506288663711397e-01
2.263506288663711397e-01
2.263506288663711397e-01
2.263506288663711397e-01
2.263506288663711397e-01
2.263506288663711397e-01
2.263506288663711397e-01
2.263506288663711397e-01
2.263506288663711397e-01
2.263506288663711397e-01
2.263506288663711397e-01
2.263506288663711397e-01
2.263506288663711397e-01
2.263506288663711397e-01
2.263506288663711397e-01
2.263506288663711397e-01
2.263506288663711397e-01
2.263506288663711397e-01
2.263506288663711397e-01
2.263506288663711397e-01
2.263506288663711397e-01
2.263506288663711397e-01
2.263506288663711397e-01
2.263506288663711397e-01
2.263506288663711397e-01
2.263506288663711397e-01
2.263506288663711397e-01
2.263506288663711397e-01
2.263506288663711397e-01
2.263506288663711397e-01
2.263506288663711397e-01
2.263506288663711397e-01
2.263506288663711397e-01
2.263506288663711397e-01
