1.013294832082574370e-01
9.363482193707432788e-02
8.854949680256404831e-02
8.415859539456195526e-02
8.026572121790977177e-02
7.666442353732823289e-02
7.339651539629127308e-02
7.034615847459703419e-02
6.751337545294405773e-02
6.485218665894817991e-02
6.239373750277252273e-02
6.009167886969610933e-02
5.792400427319577966e-02
5.587610773374929868e-02
5.394752904583653697e-02
5.210188809390206566e-02
5.035728888756325905e-02
4.870745965193572918e-02
4.715174379696800144e-02
4.568125238121802795e-02
4.425504528520932124e-02
4.291095048915840454e-02
4.162332388555119167e-02
4.040641692355190218e-02
3.925269822737498943e-02
3.815585822135505317e-02
3.711556134325973838e-02
3.613292645046083801e-02
3.519749606314341583e-02
3.430553558918664203e-02
3.345670565208103131e-02
3.264355674429183368e-02
3.186589907160872204e-02
3.111996812831618539e-02
3.040853943844430349e-02
2.972682000121733628e-02
2.907203032207824125e-02
2.844100236962602418e-02
2.783666906572353564e-02
2.725625043418944404e-02
2.669906932117219189e-02
2.616659700485344034e-02
2.564976794734099771e-02
2.515180219957214788e-02
2.466783120356140155e-02
2.420468403034388080e-02
2.375976826664081068e-02
2.333311917836249430e-02
2.292356641685426924e-02
2.252841434665194681e-02
2.214777263804652840e-02
2.177555870322278597e-02
2.142154010946755935e-02
2.107899811352047237e-02
2.074978534378474002e-02
2.043401458632264703e-02
2.012874556415115632e-02
1.983341174397422815e-02
1.954984196052035952e-02
1.927515795032065660e-02
1.900915236732032138e-02
1.874835354381391289e-02
1.850071878457279148e-02
1.826186522173090659e-02
1.803020962616736292e-02
1.780623861954435186e-02
1.759116132687840034e-02
1.738352593165914603e-02
1.718308345138045909e-02
1.698962206960750315e-02
1.680368685168848533e-02
1.662499644119917741e-02
1.645188759318918711e-02
1.628558080201530575e-02
1.612458923710770320e-02
1.596312130576833452e-02
1.581246174982522609e-02
1.566593229193619791e-02
1.552461535970014496e-02
1.538682325904755510e-02
1.525143031507831919e-02
1.512078380037499420e-02
1.499172656525388225e-02
1.486495843185069513e-02
1.474298348896351668e-02
1.462453449823832193e-02
1.450951885898859803e-02
1.439757404371005099e-02
1.428870886183371616e-02
1.418236448481432176e-02
1.407523462019217263e-02
1.397220034441365097e-02
1.386861472002674789e-02
1.377093509969124809e-02
1.367609474837802944e-02
1.358352961179820455e-02
1.349338916847249090e-02
1.340519337730329726e-02
1.331816240070400441e-02
1.323445004412919859e-02
1.315231527178912195e-02
1.307291600290232982e-02
1.299560562564080340e-02
1.292068276187165882e-02
1.284718653571134163e-02
1.277220257970864553e-02
1.270117894167688971e-02
1.263256240407717619e-02
1.256492368557432862e-02
1.249813070515940101e-02
1.243370600499140756e-02
1.237076340962263259e-02
1.230907748801002288e-02
1.224892132115621389e-02
1.219026113256125796e-02
1.213246052982712431e-02
1.207577352522133662e-02
1.202019101594070487e-02
1.196546628667230494e-02
1.191204859012145664e-02
1.185917325073230708e-02
1.180732884819679640e-02
1.175646220860965610e-02
1.170649972192392384e-02
1.165753426059883656e-02
1.160946990907945134e-02
1.156246473526371422e-02
1.151629204925410516e-02
1.147097859981450682e-02
1.142669299093030354e-02
1.138325254131390858e-02
1.134071255675115145e-02
1.129891370294289904e-02
1.125681665089083364e-02
1.121647103530435882e-02
1.117710374198159842e-02
1.113832382405559318e-02
1.110031429812144942e-02
1.106309061837548388e-02
1.102652555151132849e-02
1.098608465005469596e-02
1.095066978649637639e-02
1.091579382495835165e-02
1.088135829444148231e-02
1.084768891925227616e-02
1.081457678142367165e-02
1.078204487701523925e-02
1.075023885843588885e-02
1.071856506548266724e-02
1.068198945139690013e-02
1.065137747515321372e-02
1.062145014044165586e-02
1.059170376381685617e-02
1.056259864509807855e-02
1.053401802576908221e-02
1.050602238620849949e-02
1.047862229567966819e-02
1.045131741365064142e-02
1.041579139360128761e-02
1.038145242579405041e-02
1.035522196279222741e-02
1.032950796409577883e-02
1.030442797730219372e-02
1.027983471287235995e-02
1.025581025422651546e-02
1.023198627207389140e-02
1.020866356166917621e-02
1.018576154453639665e-02
1.016317622932544351e-02
1.014099429857239464e-02
1.011922436879878102e-02
1.009786290013667091e-02
1.007684814702425671e-02
1.005617822486169766e-02
1.003594331298746957e-02
1.001606511954460793e-02
9.996455486756910397e-03
9.977173132105348133e-03
9.958256107455983747e-03
9.939681952237129983e-03
9.921372163054402796e-03
9.903405829995231072e-03
9.885003244953305748e-03
9.867455290069743201e-03
9.850356293616082184e-03
9.832846514431364815e-03
9.816398608505359433e-03
9.800270307213929458e-03
9.784474827001309050e-03
9.769055067565981035e-03
9.753962459953156861e-03
9.739179324070167121e-03
9.724722431043598264e-03
9.710637759360101970e-03
9.696850869025728029e-03
9.683298926258430972e-03
9.669703721590769754e-03
9.656671327474082925e-03
9.643930127333387101e-03
9.631520975929955958e-03
9.619472236819599092e-03
9.607703752012234158e-03
9.596148703275724640e-03
9.584969948941484894e-03
9.574090639139748449e-03
9.563445698194578820e-03
9.552811912444360981e-03
9.542639980270333985e-03
9.532781548354591489e-03
9.523095299994715351e-03
9.513623586175454228e-03
9.504383343988618768e-03
9.495184370838573654e-03
9.486298398005769614e-03
9.473808415395551519e-03
9.464818789507630989e-03
9.456243340966693708e-03
9.447893059113357181e-03
9.439633623728379067e-03
9.431532596663549581e-03
9.423573615987348995e-03
9.415805900939737058e-03
9.408205562598928595e-03
9.400814662726421009e-03
9.393547266533262829e-03
9.386487254488913232e-03
9.379590004683106483e-03
9.372862994827283953e-03
9.366249206051899603e-03
9.359839959248295385e-03
9.353548925383490045e-03
9.347448133472366361e-03
9.340842385865145633e-03
9.334971871749543279e-03
9.329257096683253939e-03
9.323732980763003303e-03
9.317958928351232142e-03
9.312592616137670143e-03
9.307429766945801014e-03
9.302436334259336220e-03
9.297643566680030558e-03
9.293023033991102549e-03
9.288555888921972911e-03
9.284272719257895962e-03
9.280185731761069964e-03
9.276151303793458980e-03
9.272355775797795283e-03
9.268654949734502282e-03
9.264811353923860238e-03
9.261309866048186845e-03
9.257716279325022349e-03
9.254408336576426877e-03
9.251246598530545734e-03
9.248244798911954903e-03
9.245297445295468444e-03
9.242549362659984585e-03
9.239832248699000536e-03
9.235812889955062263e-03
9.233188865749569069e-03
9.230733119875008871e-03
9.228147342038554510e-03
9.225896434813422170e-03
9.223616600062725657e-03
9.221525366737610280e-03
9.219488689813388343e-03
9.217567602712114019e-03
9.215713614970734435e-03
9.213893115322979374e-03
9.212189143432521904e-03
9.210529240177827565e-03
9.208813647024447629e-03
9.207329124343556492e-03
9.205886423702749899e-03
9.204519233175110712e-03
9.203170109585620193e-03
9.201843616514351204e-03
9.200649202064049501e-03
9.199571177817989637e-03
9.198403098898182140e-03
9.197326130813348460e-03
9.196372038765100038e-03
9.195404523748566122e-03
9.194480621024412118e-03
9.193624361517310078e-03
9.192779157092162076e-03
9.191994303424282434e-03
9.191217863939669594e-03
9.190446716090721127e-03
9.189720125826266253e-03
9.189049037322535168e-03
9.188412245782545326e-03
9.187641748680091744e-03
9.187069748665798591e-03
9.186541024597710478e-03
9.185850108275798662e-03
9.185347053633136083e-03
9.184891248763317820e-03
9.184418174137556554e-03
9.183992413301523411e-03
9.183611541409217316e-03
9.183247031332207946e-03
9.182908197534575545e-03
9.182572057576039379e-03
9.182260734289409906e-03
9.181756918745405394e-03
9.181335551858519489e-03
9.180975039824474521e-03
9.180689221001278599e-03
9.180419770312375077e-03
9.180178918871689450e-03
9.179499166226793433e-03
9.179239290826934211e-03
9.179017589784954634e-03
9.178819308248783657e-03
9.178616793926161477e-03
9.178420740496680968e-03
9.178256213523538348e-03
9.178104507811561327e-03
9.177953944134448552e-03
9.177806848441215012e-03
9.177664613378553118e-03
9.177528361059882414e-03
9.177404107988430815e-03
9.177284451661774783e-03
9.177171305492497211e-03
9.177005292867289679e-03
9.176899830749245951e-03
9.176790422914969311e-03
9.176700962029967282e-03
9.176618183095494596e-03
9.176537845490072287e-03
9.176458552858346093e-03
9.176356609735081965e-03
9.176288856370022964e-03
9.176222148801769021e-03
9.176164196892664174e-03
9.176108425978615757e-03
9.176053979974525127e-03
9.176003097765289204e-03
9.175947428513346604e-03
9.175899272401321499e-03
9.175804477578423934e-03
9.175766109214526442e-03
9.175731706565779314e-03
9.175706170211146012e-03
9.175682459186731282e-03
9.175658854327169503e-03
9.175624025133354011e-03
9.175604969115840059e-03
9.175586986115660815e-03
9.175567668588072850e-03
9.175556681202776121e-03
9.175550096595359514e-03
9.175541808603531954e-03
9.175538434278863315e-03
9.175538142417843587e-03
9.175529663600041214e-03
9.175523632734093951e-03
9.175514362488288583e-03
9.175509975562457302e-03
9.175507386250079944e-03
9.175505465514360165e-03
9.175499269667476004e-03
9.175488070920277336e-03
9.175478810846005723e-03
9.175477202994199166e-03
9.175471882867675816e-03
9.175471523486390668e-03
9.175465432041715608e-03
9.175458904054826711e-03
9.175458071331049625e-03
9.175455537579592716e-03
9.175440913613896327e-03
9.175433965282992627e-03
9.175430988669441498e-03
9.175424255985508565e-03
9.175421288441072687e-03
9.175416075208742486e-03
9.175402146518706059e-03
9.175396593572953535e-03
9.175368288950538562e-03
9.175348130974626815e-03
9.175337005819832886e-03
9.175295942744762442e-03
9.175278315549199870e-03
9.175241330815040938e-03
9.175234811013403130e-03
9.175195372745317823e-03
9.175175783548343220e-03
9.175160396628922327e-03
9.175063979456114099e-03
9.175001369158221690e-03
9.174757263413303721e-03
9.174656226619812976e-03
9.174270894802960888e-03
9.174709826075769931e-03
9.174960106400993284e-03
9.175583302851399517e-03
9.179346021371674949e-03
9.186464339160546957e-03
9.194671212204430857e-03
9.236016375589366570e-03
9.336130070086960317e-03
9.633068396392373625e-03
1.019294484469026457e-02
1.096735562007030741e-02
1.237778652229459472e-02
1.403845647485145280e-02
1.677579152435758336e-02
2.033837750418916387e-02
2.599336129448515456e-02
2.912724752856354557e-02
3.798537331248158511e-02
4.663112582681222529e-02
6.048164800301562144e-02
8.260049905216879096e-02
1.505817825414497158e-01
8.834348741613615719e-01
8.971119350550543070e+08
8.971119351490161419e+08
8.971119352429785728e+08
8.971119353369418383e+08
8.971119354309055805e+08
8.971119355248695612e+08
8.971119356188343763e+08
8.971119357128002644e+08
8.971119358067667484e+08
8.971119359007331133e+08
8.971119359947006702e+08
8.971119360886687040e+08
8.971119361826374531e+08
8.971119362766064405e+08
8.971119363705768585e+08
8.971119364645467997e+08
8.971119365585185289e+08
8.971119366524903774e+08
8.971119367464632988e+08
8.971119368404364586e+08
8.971119369344097376e+08
8.971119370283839703e+08
8.971119371223584414e+08
8.971119372163344622e+08
8.971119373103104830e+08
8.971119374042863846e+08
8.971119374982645512e+08
8.971119375922429562e+08
8.971119376862208843e+08
8.971119377802000046e+08
8.971119378741804361e+08
8.971119379681602716e+08
8.971119380621415377e+08
8.971119381561229229e+08
8.971119382501056194e+08
8.971119383440887928e+08
8.971119384380723238e+08
8.971119385320568085e+08
8.971119386260414124e+08
8.971119387200268507e+08
8.971119388140122890e+08
8.971119389079990387e+08
8.971119390019865036e+08
8.971119390959742069e+08
8.971119391899628639e+08
8.971119392839519978e+08
8.971119393779418468e+08
8.971119394719325304e+08
8.971119395659230947e+08
8.971119396599153280e+08
8.971119397539080381e+08
8.971119398479002714e+08
8.971119399418935776e+08
8.971119400358875990e+08
8.971119401298818588e+08
8.971119402238771915e+08
8.971119403178735971e+08
8.971119404118700027e+08
8.971119405058670044e+08
8.971119405998646021e+08
8.971119406938630342e+08
8.971119407878619432e+08
8.971119408818616867e+08
8.971119409758619070e+08
8.971119410698630810e+08
8.971119411638648510e+08
8.971119412578673363e+08
8.971119413518705368e+08
8.971119414458736181e+08
8.971119415398770571e+08
8.971119416338816881e+08
8.971119417278869152e+08
8.971119418218928576e+08
8.971119419158991575e+08
8.971119420099061728e+08
8.971119421039139032e+08
8.971119421979227066e+08
8.971119422919313908e+08
8.971119423859407902e+08
8.971119424799512625e+08
8.971119425739617348e+08
8.971119426679732800e+08
8.971119427588521242e+08
