1.638469147270556148e+00
1.639413584400233770e+00
1.641306551609546638e+00
1.644156203601463861e+00
1.647974692593220825e+00
1.652778067470110912e+00
1.658586131287829835e+00
1.665422250950479022e+00
1.673313112202665431e+00
1.682288412895205143e+00
1.692380487859731719e+00
1.703623859675134966e+00
1.716054711115590159e+00
1.729710277093394089e+00
1.744628156377398875e+00
1.760845546179648169e+00
1.778398405735442278e+00
1.797320558113649991e+00
1.817642742531507594e+00
1.839391632255664932e+00
1.862588835599419346e+00
1.887249899441917789e+00
1.913383335991110767e+00
1.940989694114468866e+00
1.970060696434713154e+00
2.000578462538884494e+00
2.032514837124630880e+00
2.065830839791073181e+00
2.100476250583851012e+00
2.136389342454702245e+00
2.173496768631086429e+00
2.211713609642875777e+00
2.250943581537810267e+00
2.291079403730023945e+00
2.332003322033486814e+00
2.373587779773360218e+00
2.415696227454402489e+00
2.458184059286642853e+00
2.500899662899944698e+00
2.543685566791037633e+00
2.586379668414008570e+00
2.628816524336343274e+00
2.670828682547666144e+00
2.712248035863275675e+00
2.752907174474036545e+00
2.792640715147649999e+00
2.831286584492444192e+00
2.868687234169872369e+00
2.904690767096493875e+00
2.939151955599373256e+00
2.971933135231354495e+00
3.002904961513790827e+00
3.031947021189766112e+00
3.058948294507997545e+00
3.083807470416041419e+00
3.106433122061582175e+00
3.126743755378011080e+00
3.144667748438192412e+00
3.160143203372590026e+00
3.173117735668939510e+00
3.183548227359612071e+00
3.191400570798056613e+00
3.196649428360931466e+00
3.199278030527411332e+00
