1.429905072246752809e-05
4.525491194980901951e-04
9.085127781949423964e-04
1.331579769895224448e-03
1.752116248749616568e-03
2.180244266141681628e-03
2.623555360609086499e-03
3.067709959358453850e-03
3.515238575235673721e-03
3.978793772470192412e-03
4.443192473986674017e-03
4.901686645529415229e-03
5.356806799944299584e-03
5.822049005742746704e-03
6.290665228669043742e-03
6.739037348828225658e-03
7.189096477551330799e-03
7.650964666221929736e-03
8.102710803508966775e-03
8.572170530717239736e-03
9.033195215105874892e-03
9.508559472287887379e-03
9.981393216624010259e-03
1.044916593526835219e-02
1.090175557683735127e-02
1.136362376550794848e-02
1.181199588566713907e-02
1.227217706577381044e-02
1.275091534008367805e-02
1.321447053731820628e-02
1.369405231591003420e-02
1.414411144463314368e-02
1.461778869325123728e-02
1.506363030056452786e-02
1.552465498495316822e-02
1.597387060939431391e-02
1.644754785801240057e-02
1.690351151670925825e-02
1.735947517540611940e-02
1.781712584266689769e-02
1.829670762125872735e-02
1.878135042554233969e-02
1.926261921269808997e-02
1.972533090565064401e-02
2.018466858147535681e-02
2.066678087291306046e-02
2.114045812153114712e-02
2.159979579735584604e-02
2.204310689182324701e-02
2.252690619182489210e-02
2.300733147469867512e-02
2.347932171475284463e-02
2.393865939057754702e-02
2.442330219486114548e-02
2.490372747773493892e-02
2.537571771778909108e-02
2.582493334223023851e-02
2.628680153090083571e-02
2.675879177095499481e-02
2.721644243821576964e-02
2.768084113973225818e-02
2.814692684981268817e-02
2.862819563696841763e-02
2.909006382563902871e-02
2.956880209994892234e-02
3.005344490423247569e-02
3.052374813572276274e-02
3.097633777729172019e-02
3.147278964152282893e-02
3.194984090726878806e-02
3.238809097604435083e-02
3.287526429317388921e-02
3.334978504607394312e-02
3.378972212341344733e-02
3.426846039772336872e-02
3.475647721913482230e-02
3.526726865615924938e-02
3.573841539193148981e-02
3.621546665767744200e-02
3.671529253903633994e-02
3.718559577052661658e-02
3.766770806196435839e-02
3.815319437052988594e-02
3.864711572191513456e-02
3.913344553476267446e-02
3.961049680050857807e-02
4.011285319471344368e-02
4.059243497330532885e-02
4.106948623905123247e-02
4.155665955618070839e-02
4.205058090756594313e-02
4.254028473754136591e-02
4.300721395190370416e-02
4.349016974762340976e-02
4.395878597054975190e-02
4.446282937331848956e-02
4.496518576752333435e-02
4.544055002470535898e-02
4.592434932470702835e-02
4.640140059045293891e-02
4.689194792471029771e-02
4.737827773755784455e-02
4.785026797761203488e-02
4.833153676476775046e-02
4.881533606476938514e-02
4.928985681766945987e-02
4.977365611767112230e-02
5.026842097333830001e-02
5.076487283756937058e-02
5.124108059903333123e-02
5.173331494185465229e-02
5.223904535318737302e-02
5.271778362749721114e-02
5.317037326906618594e-02
5.361621487637949907e-02
5.405530844943708113e-02
5.454079475800269888e-02
5.500266294667324751e-02
5.546031361393401193e-02
5.592808633257840417e-02
5.640513759832432861e-02
5.687375382125062218e-02
5.736092713838021606e-02
5.781942130992290263e-02
5.825429736157067967e-02
5.872207008021504415e-02
5.920924339734459640e-02
5.965339799609391258e-02
6.012454473186611137e-02
6.057629086915310851e-02
6.103815905782378898e-02
6.150424476790423284e-02
6.195261688806331934e-02
6.242460712811750967e-02
6.287044873543082280e-02
6.333906495835718575e-02
6.380430716415559644e-02
6.427292338708189001e-02
6.473310456718854577e-02
6.522196489288206722e-02
6.570407718431976740e-02
6.615582332160671597e-02
6.662528304881500107e-02
6.709052525461345340e-02
6.752202728913346552e-02
6.799064351205971746e-02
6.847528631634325347e-02
6.896330313775468623e-02
6.945638098485799883e-02
6.991403165211886039e-02
7.038180437076314855e-02
7.085210760225334192e-02
7.132325433802548520e-02
7.180958415087310143e-02
7.230519251082226373e-02
7.276790420377486635e-02
7.325339051234031063e-02
7.371778921385678529e-02
7.420664953955018184e-02
7.470225789949945516e-02
7.522148437934363108e-02
7.571709273929266848e-02
7.621607511636961652e-02
7.670156142493513018e-02
7.720476132342199427e-02
7.767253404206640732e-02
7.814621129068452521e-02
7.864603717204335376e-02
7.911802741209747469e-02
7.961869679773833641e-02
8.010165259345812527e-02
8.060569599622698089e-02
8.107937324484501551e-02
8.152858886928611437e-02
8.199214406652056975e-02
8.250209199926304693e-02
8.299263933352050981e-02
8.354560598464320920e-02
8.405724092594950292e-02
8.451404808892834519e-02
8.498519482470048847e-02
8.548502070605946968e-02
8.597219402318906356e-02
8.645852383603662428e-02
8.695413219598567556e-02
8.745480158162653728e-02
8.791498276173316528e-02
8.840131257458062886e-02
8.892391307155268765e-02
8.941192989296420368e-02
8.990079021865766962e-02
9.039724208288864304e-02
9.090887702419507554e-02
9.139689384560646668e-02
9.191021579547692388e-02
9.241257218968181031e-02
9.288371892545400910e-02
9.341306745668162548e-02
9.390698880806679083e-02
9.436716998817347435e-02
9.480542005694914121e-02
9.526560123705586636e-02
9.574687002421160276e-02
9.625091342698027796e-02
9.673049520557212844e-02
9.724719117257031586e-02
9.773099047257197136e-02
9.828817464510446189e-02
9.875341685090290034e-02
9.919757144965220264e-02
9.966281365545072435e-02
1.001980667166520872e-01
1.006742744781160825e-01
1.011454212138882952e-01
1.016654911980144210e-01
1.021610995579634862e-01
1.026457423622471332e-01
1.031261676451209336e-01
1.036167149793782855e-01
1.041367849635043002e-01
1.046298628106076267e-01
1.051490892904518165e-01
1.056750638045515778e-01
1.061538020788614645e-01
1.066654370201679108e-01
1.071939420471135357e-01
1.076988289541643412e-01
1.081910632969857039e-01
1.086951066997544485e-01
1.092210812138542930e-01
1.097377771808526054e-01
1.102182024637263780e-01
1.107230893707771002e-01
1.112254457649820144e-01
1.117438287405441988e-01
1.122622117161062999e-01
1.127257669133408802e-01
1.132374018546472710e-01
1.137650633773110015e-01
1.142370536173651779e-01
1.147992988155893401e-01
1.153910666636823040e-01
1.159153541692181516e-01
1.163999969735016460e-01
1.169158494362180917e-01
1.174359194203441203e-01
1.179770770115191048e-01
1.185097995598747012e-01
1.190661402281251585e-01
1.195828361951232904e-01
1.201088107092233015e-01
1.206406897532967260e-01
1.211076189676589115e-01
1.216116623704277949e-01
1.221857166285994223e-01
1.226813249885485430e-01
1.231938034341370641e-01
1.237248389739285526e-01
1.242390044280807515e-01
1.247303952666201088e-01
1.252234731137232548e-01
1.257401690807215255e-01
1.262534910305919411e-01
1.267600649462065632e-01
1.273147186058929681e-01
1.278069529487143030e-01
1.283101528472009589e-01
1.288437188998385330e-01
1.293857199952956893e-01
1.299074769879855207e-01
1.304899662889767997e-01
1.310252193501781903e-01
1.315503503599960433e-01
1.320577677798927541e-01
1.326132649438612754e-01
1.331257433894496855e-01
1.336120732022970659e-01
1.341431087420887625e-01
1.346378735977559193e-01
1.351520390519083403e-01
1.356468039075753584e-01
1.361373512418329046e-01
1.366127154990147974e-01
1.371344724917047952e-01
1.376393593987555453e-01
1.381265327158850975e-01
1.386314196229356810e-01
1.391253409743209990e-01
1.395973312143751477e-01
1.401342712841404381e-01
1.406813334052893771e-01
1.411457321068056436e-01
1.416598975609581201e-01
1.421715325022644416e-01
1.426848544521349127e-01
1.431931153763134623e-01
1.436600445906758283e-01
1.441311913264480271e-01
1.446411392591905043e-01
1.451679572775722571e-01
1.456720006803410572e-01
1.461836356216476285e-01
1.466767134687506913e-01
1.471546082387787391e-01
1.476358770259344200e-01
1.481070237617065632e-01
1.486296242586785665e-01
1.491235456100638845e-01
1.495862573030164733e-01
1.501071707914242159e-01
1.505951876128358569e-01
1.511220056312174986e-01
1.516133964697568837e-01
1.520803256841193052e-01
1.525835255826062109e-01
1.530681683868896914e-01
1.535814903367599127e-01
1.540382974997389631e-01
1.545533064581732230e-01
1.550590368695059507e-01
1.555816373664778707e-01
1.561152034191155002e-01
1.566766051130576154e-01
1.572059536442851346e-01
1.576948139699786422e-01
1.582427195954095034e-01
1.587577285538439298e-01
1.592617719566127577e-01
1.597809984364569613e-01
1.603052859419927534e-01
1.608523480631416092e-01
1.613395213802711614e-01
1.618680264072168695e-01
1.624150885283657531e-01
1.629385325296198173e-01
1.634164272996477263e-01
1.639339667709277526e-01
1.644607847893095609e-01
1.649589236621047117e-01
1.653904256966245157e-01
1.659071216636227031e-01
1.663985125021620881e-01
1.668713462464982700e-01
1.673821376835226693e-01
1.678406318550653142e-01
1.683252746593488502e-01
1.688478751563208258e-01
1.693527620633717146e-01
1.698281263205536074e-01
1.703102386119914324e-01
1.708539267160122666e-01
1.713554396059349949e-01
1.718906926671365243e-01
1.724335372668756305e-01
1.728954054555462971e-01
1.733614911656265745e-01
1.738351684142447340e-01
1.743636734411904698e-01
1.748449422283459842e-01
1.753312720411935033e-01
1.758715861280867321e-01
1.763199582482458672e-01
1.768822034464702098e-01
1.774377006104387311e-01
1.779451180303353863e-01
1.784221692960812067e-01
1.789152471431842695e-01
1.794572482386413981e-01
1.799790052313314515e-01
1.805159453010967974e-01
1.811009651149337596e-01
1.816303136461615286e-01
1.822144899557167075e-01
1.827607085725836966e-01
1.833128317194243628e-01
1.839442442687696522e-01
1.845157680140954159e-01
1.850991008193687837e-01
1.856815901203600627e-01
1.862978195926297820e-01
1.868963354749785255e-01
1.874965383658910578e-01
1.881144548467249544e-01
1.887112837205097426e-01
1.892946165257831104e-01
1.899462731778953084e-01
1.905473195730899572e-01
1.911787321224352187e-01
1.918050836460886976e-01
1.924398702125617311e-01
1.930695957533430651e-01
1.937128173626356253e-01
1.943551954676463189e-01
1.949899820341194911e-01
1.956045244978255604e-01
1.962452155942722154e-01
1.968875936992829923e-01
1.975021361629888117e-01
1.981369227294619562e-01
1.987826748516005049e-01
1.994334879994310028e-01
2.001155108056940080e-01
2.007663239535243671e-01
2.014221981270464534e-01
2.020713242663128573e-01
2.027381639955005144e-01
2.033813856047931856e-01
2.040608778982105076e-01
2.047150650631685553e-01
2.053970878694315605e-01
2.060698321285930334e-01
2.067771600633149798e-01
2.074558088524501576e-01
2.081378316587132737e-01
2.088131064307204299e-01
2.095086253054949110e-01
2.102033006759874145e-01
2.108946020293521739e-01
2.116036169726379923e-01
2.122999793516943678e-01
2.129811586536753121e-01
2.136918606055249747e-01
2.143772574289158628e-01
2.150812113465098430e-01
2.157995048368973601e-01
2.165110502930290004e-01
2.172335613048262948e-01
2.179451067609581294e-01
2.186448431571424711e-01
2.193513275875823842e-01
2.200713080865337734e-01
2.207971931154587286e-01
2.214876509645413716e-01
2.222126924891845434e-01
2.229377340138277708e-01
2.236762716069823076e-01
2.244190267215465384e-01
2.251516597847275092e-01
2.258800753264986472e-01
2.266135518939612070e-01
2.273504024785524824e-01
2.280999056273720071e-01
2.288477217676283260e-01
2.295997554292942555e-01
2.303391365267309365e-01
2.310675520685022410e-01
2.318187422258861374e-01
2.325623408447323182e-01
2.332932868993488895e-01
2.340461640652973241e-01
2.348074762740645638e-01
2.355527619014749219e-01
2.363351617172913532e-01
2.370787603361378948e-01
2.378392290406238230e-01
2.386064457793648230e-01
2.393314873040081059e-01
2.400725554100084647e-01
2.408355546273400205e-01
2.415513176048816602e-01
2.422940727194460853e-01
2.430604459539049966e-01
2.438074185898798374e-01
2.445729483200567989e-01
2.453393215545160155e-01
2.460837636776443682e-01
2.468391713564386525e-01
2.475827699752852773e-01
2.483314296198230187e-01
2.490826197772069428e-01
2.498295924131812562e-01
2.505723475277459311e-01
2.513345032407954815e-01
2.520806323724877895e-01
2.528419445812548627e-01
2.535939782429214029e-01
2.543114282290268036e-01
2.550111646252110620e-01
2.557480152098016712e-01
2.564992053671857342e-01
2.572385864646226650e-01
2.579948376476982608e-01
2.587477148136463345e-01
2.595014354838759973e-01
2.602500951284143493e-01
2.610004417815165456e-01
2.617491014260546200e-01
2.624901695320548956e-01
2.631823143897015216e-01
2.638626501874008490e-01
2.645202113694867796e-01
2.651549979359598130e-01
2.657754449296396704e-01
2.664195100432139585e-01
2.670458615668678815e-01
2.676494384749084077e-01
2.682218057245159271e-01
2.688346611796578189e-01
2.694432991133902111e-01
2.700435020043026046e-01
2.706454324258503741e-01
