6.513402892454003279e-01
5.933857262997154214e-01
5.697967337194413950e-01
5.561109087977167409e-01
5.444410736493073832e-01
5.334337081724052076e-01
5.239294482753676929e-01
5.150853308246510220e-01
5.067533156500836355e-01
4.987837734735508510e-01
4.912010279602368468e-01
4.839768105260867093e-01
4.770312180116755285e-01
4.702735220199643629e-01
4.637632649192180434e-01
4.573694107994251690e-01
4.513458309727582662e-01
4.455424138025936842e-01
4.399672147425203184e-01
4.345506415283778012e-01
4.293388593498122519e-01
4.237551362718354198e-01
4.188678830796109254e-01
4.141285594119947233e-01
4.095190048776682357e-01
4.050186731383253469e-01
4.006430657460289257e-01
3.963682018879238211e-01
3.915575778105767624e-01
3.874380645050458649e-01
3.834289574399873390e-01
3.795024815151682440e-01
3.756606961837820613e-01
3.719011680047649149e-01
3.682171550901007229e-01
3.646010863825094317e-01
3.610592460102130530e-01
3.575847606015545299e-01
3.541672474968740048e-01
3.508124016477144891e-01
3.475059456336150321e-01
3.442524480970331480e-01
3.409454729815099006e-01
3.377913677813903504e-01
3.344822851670312680e-01
3.314406877450296607e-01
3.284479728109181984e-01
3.255019033157278141e-01
3.225994265239782166e-01
3.197446568081135920e-01
3.169225476904795613e-01
3.141622971154999222e-01
3.114512642751723348e-01
3.087816825252538422e-01
3.061584507055398752e-01
3.035755139717868367e-01
3.010347375309878615e-01
2.985355282049204639e-01
2.960748678002152467e-01
2.936450947814083223e-01
2.912555863119012933e-01
2.889014439263502543e-01
2.865794794709147775e-01
2.842935147189240563e-01
2.820459301487311943e-01
2.798354972201631541e-01
2.776588249730950198e-01
2.755124313403196634e-01
2.734048186741680486e-01
2.713193784068794190e-01
2.692646373965972284e-01
2.672264201222954716e-01
2.652259673344123381e-01
2.632535528341837794e-01
2.613130096679316394e-01
2.593972152875613779e-01
2.575038202463575399e-01
2.556360126407702382e-01
2.537901256229350144e-01
2.519641088344032887e-01
2.501499830083178666e-01
2.483705859461124155e-01
2.466124743559356958e-01
2.448797911112990389e-01
2.431718702423217859e-01
2.414846657998472867e-01
2.398152076662846688e-01
2.381638408319224631e-01
2.365345855334630154e-01
2.349255111087463210e-01
2.333359122416555909e-01
2.317669915850953111e-01
2.302180852657771670e-01
2.286878037184039147e-01
2.271750880732063271e-01
2.256791880687236962e-01
2.242005178005751220e-01
2.227381505778130988e-01
2.212890892180124358e-01
2.198577588273256667e-01
2.184397510358281336e-01
2.170395553403986766e-01
2.156489683151578129e-01
2.142732396100267001e-01
2.129193038170953123e-01
2.115815987074734228e-01
2.102593199050662720e-01
2.089502309991464746e-01
2.076478985482174966e-01
2.063666822112378285e-01
2.051009724477463880e-01
2.038492983582186890e-01
2.026135638962047736e-01
2.013894997345004878e-01
2.001787623786459580e-01
1.989801178538193882e-01
1.977950480737685757e-01
1.966229720842566087e-01
1.954615363548450613e-01
1.943122598840966442e-01
1.931759797429932479e-01
1.920511191491833802e-01
1.909354078449636005e-01
1.898342645246567650e-01
1.887434792329945044e-01
1.876632201893494167e-01
1.865864611228160719e-01
1.855267900604612163e-01
1.844799811875656170e-01
1.834434926606776928e-01
1.824152463640953126e-01
1.813989299664083843e-01
1.803924374691096844e-01
1.793963599971109546e-01
1.784093640227439603e-01
1.774324575808471360e-01
1.764639728609226632e-01
1.755055598005050010e-01
1.745570023296980633e-01
1.736166925243595727e-01
1.726845774555216539e-01
1.717631631248973945e-01
1.708497618458403866e-01
1.699456411151765434e-01
1.690182188470138180e-01
1.681301094137849228e-01
1.672485805899045774e-01
1.663753704355209750e-01
1.655090234231227364e-01
1.646510807222668904e-01
1.638013170445259958e-01
1.629550013593990265e-01
1.621185052047484920e-01
1.612891623326220270e-01
1.604663680017434091e-01
1.596507220121404780e-01
1.588426636885149901e-01
1.580416694565595637e-01
1.572478495450151115e-01
1.564611877977860888e-01
1.556772515328062323e-01
1.549036691756540129e-01
1.541369941577144798e-01
1.533766869933017585e-01
1.526230040700227442e-01
1.518760010601556132e-01
1.511359838096442976e-01
1.504004343141533140e-01
1.496724423198676490e-01
1.489519822370061752e-01
1.482398141729526220e-01
1.475346960726775514e-01
1.468364139830408144e-01
1.461456672887901653e-01
1.454625467367446634e-01
1.447852647326295650e-01
1.441144947913433338e-01
1.434021990740733665e-01
1.427434610735206222e-01
1.420919968784019605e-01
1.414471929092791513e-01
1.408078704144390403e-01
1.401708451339976347e-01
1.395418281076027389e-01
1.389148485935760569e-01
1.382978828689698791e-01
1.376857616921227101e-01
1.370785772641651135e-01
1.364754113615115338e-01
1.358803178267296574e-01
1.352912764858159866e-01
1.347073282168808894e-01
1.341292923884759014e-01
1.335566954785601390e-01
1.329900933196911939e-01
1.324296024640613800e-01
1.318757562010686168e-01
1.312940895579235989e-01
1.307483073458498846e-01
1.302083224916123494e-01
1.296731470226266114e-01
1.291426784059272470e-01
1.286176815374419358e-01
1.280971627869047780e-01
1.275822521173653745e-01
1.270727416295218404e-01
1.265687204556966983e-01
1.260692988036049844e-01
1.255761191371163876e-01
1.250879407051741221e-01
1.246045246958340791e-01
1.241240192049775787e-01
1.236499109827733089e-01
1.231805467404145371e-01
1.227158530344968496e-01
1.222552963192810732e-01
1.218000811635140540e-01
1.213494756968763050e-01
1.209027858152714463e-01
1.204316421352379513e-01
1.199911083482138735e-01
1.195536004028178306e-01
1.191201382119222996e-01
1.186911726091249286e-01
1.182663971021874205e-01
1.178459277740014632e-01
1.174297382186617750e-01
1.170181062080496021e-01
1.166098638657738773e-01
1.162056191973443176e-01
1.158053576755408987e-01
1.154093979799898223e-01
1.150166682624325920e-01
1.146271701997696457e-01
1.142413106770119313e-01
1.138588003952905742e-01
1.134803289888128980e-01
1.131046759370469140e-01
1.127334343023614627e-01
1.123660290949514695e-01
1.119707500493564434e-01
1.114993806223954220e-01
1.111407013810538635e-01
1.107864166559024421e-01
1.104362602655493963e-01
1.100897029344174022e-01
1.097466201760433635e-01
1.094074498307396198e-01
1.090716908079419345e-01
1.087391767692357514e-01
1.084102050184432564e-01
1.080833334858035122e-01
1.077607596973590015e-01
1.074408118018626290e-01
1.071232525992389523e-01
1.068089610881331614e-01
1.064986144390390188e-01
1.061911798934930679e-01
1.058871256116458298e-01
1.055857125389422363e-01
1.052868738936066223e-01
1.049911388812529295e-01
1.046986313949618969e-01
1.044089410465570411e-01
1.041210636375235477e-01
1.038369081716000591e-01
1.035563947948793112e-01
1.032733264439266718e-01
1.029976311933080979e-01
1.027245855865635965e-01
1.024540104685867509e-01
1.021872602486744719e-01
1.019237907061339848e-01
1.016634304705548025e-01
1.014054731977524493e-01
1.011501176635361404e-01
1.008977007549548138e-01
1.006478109520154846e-01
1.004004514493908734e-01
1.001559353472374625e-01
9.991394640982836917e-02
9.967480795868779997e-02
9.943829899059386523e-02
9.919987418856633654e-02
9.896714226150726823e-02
9.873680504405410452e-02
9.850895425816827422e-02
9.828296636548293497e-02
9.805954790053091064e-02
9.783815738881229684e-02
9.759892421213556268e-02
9.738099779777614762e-02
9.716580137734939782e-02
9.695302791309766410e-02
9.674178653470240363e-02
9.653347449093048482e-02
9.632760347091039177e-02
9.612399897937218274e-02
9.592227852587503767e-02
9.572222675008373871e-02
9.551849787141465653e-02
9.531673696351256053e-02
9.512092957889135836e-02
9.492725687728022221e-02
9.473514182030515207e-02
9.454512196869262197e-02
9.435665763574285769e-02
9.416939732823974285e-02
9.398434942539915515e-02
9.380153156597438591e-02
9.362039356380212618e-02
9.344045198614657488e-02
9.326273544740618093e-02
9.308679461530935950e-02
9.291262680724424183e-02
9.274013744971544571e-02
9.256972080286102189e-02
9.240129213480555159e-02
9.223520897300643839e-02
9.207144368489503239e-02
9.190939486729828023e-02
9.174267750293378654e-02
9.158335600290003209e-02
9.142672983240300588e-02
9.127219697574875945e-02
9.111584709925538150e-02
9.096403542071634929e-02
9.081344084676605533e-02
9.066542939255113620e-02
9.051918795047014799e-02
9.037392400189513120e-02
9.023149967470439625e-02
9.009082614023686264e-02
8.995177024633981000e-02
8.981417541683141270e-02
8.967835305122073830e-02
8.954423527058250065e-02
8.941216724081835210e-02
8.928163980241549114e-02
8.915285003120734797e-02
8.902522188836156647e-02
8.889947895579411452e-02
8.877515510029071466e-02
8.865248202704660574e-02
8.853081736386331224e-02
8.841057767985299742e-02
8.829120528096305598e-02
8.817373527231690822e-02
8.805776176629977192e-02
8.794332704499034647e-02
8.782042589328835358e-02
8.770817854768851729e-02
8.759752478048836444e-02
8.748786338856669176e-02
8.737973227102042995e-02
8.727305982057025069e-02
8.716772527213724475e-02
8.706110936315111792e-02
8.695809121864074565e-02
8.685676020603429193e-02
8.675694674410254492e-02
8.665849316922731582e-02
8.655558160838855430e-02
8.645913241758898526e-02
8.636468483083703518e-02
8.627087831786482697e-02
8.617916191007736482e-02
8.608877689292072921e-02
8.599979625173387321e-02
8.591221007480132066e-02
8.582629711189612709e-02
8.574225006154084783e-02
8.552016015519191272e-02
8.543911606263210334e-02
8.535946316229926778e-02
8.527407791823866934e-02
8.519694410116332439e-02
8.512145583381167113e-02
8.504770632922088736e-02
8.497549874903494171e-02
8.490506590929801367e-02
8.483646228017450996e-02
8.476939579389394797e-02
8.470415423283275680e-02
8.464054817018148991e-02
8.457669984457426293e-02
8.451612740139688440e-02
8.445736955595695150e-02
8.438766416025313133e-02
8.433222414803968892e-02
8.427852370863600506e-02
8.422644673021066619e-02
8.417604577937534693e-02
8.412721521154946369e-02
8.405841377043182794e-02
8.401076410550638307e-02
8.396515492821446380e-02
8.392104294140230458e-02
8.387829453996223372e-02
8.383693187141630365e-02
8.379612616890406984e-02
8.375602191769666860e-02
8.371815643378724414e-02
8.368115298176202754e-02
8.364525861455232580e-02
8.361031007675177873e-02
8.357604839663992924e-02
8.354313093723687855e-02
8.351136176362956853e-02
8.348099779158432709e-02
8.345154582778109564e-02
8.342302304051317507e-02
8.339562158138885684e-02
8.336892636125936562e-02
8.334321137480188435e-02
8.331857466361287934e-02
8.329446812789559340e-02
8.327141667009131665e-02
8.324928973281464639e-02
8.322789153104706572e-02
8.320622694686574672e-02
8.318567259326514751e-02
8.316568403727818415e-02
8.314621177857738077e-02
8.312740418185919633e-02
8.310875941304504688e-02
8.309077524572468232e-02
8.307345546078760690e-02
8.304825481513133933e-02
8.303149174353718909e-02
8.301494453532669293e-02
8.299847652342715043e-02
8.298144028060518151e-02
8.296572548849606710e-02
8.295063089593980588e-02
8.293604867629530975e-02
8.292203475550795344e-02
8.290825649013026932e-02
8.289473814429984544e-02
8.288131336942236582e-02
8.286823117705909014e-02
8.285532424399609519e-02
8.284279318303619521e-02
8.283050128929245193e-02
8.281843629855378808e-02
8.280643854405599080e-02
8.279460299790918076e-02
8.278295863426379797e-02
8.277151251598538484e-02
8.276027750518404058e-02
8.274924281175444207e-02
8.273800479084761350e-02
8.272726733613354477e-02
8.271670944921380442e-02
8.270631743270925873e-02
8.269611218089127636e-02
8.268518152305420754e-02
8.267426295354053656e-02
8.266410699519052829e-02
8.265302915920155757e-02
8.264312373361615283e-02
8.263347583302996235e-02
8.262381786703285047e-02
8.261430002462601119e-02
8.260519117638921716e-02
8.259597171817405215e-02
8.258705998495137479e-02
8.257839743772617258e-02
8.256995171574521564e-02
8.256159883913280484e-02
8.255353790548571047e-02
8.254546513832250465e-02
8.253730812122324345e-02
8.252971116374850646e-02
8.252246176855701498e-02
8.251540864685974475e-02
8.250785359301038291e-02
8.208242615633211392e-02
8.207397353943246543e-02
8.206695255263755928e-02
8.205938946890749264e-02
8.205298382651500522e-02
8.204700539001368031e-02
8.203940615687814464e-02
8.203355626892502861e-02
8.202870801864520223e-02
8.202504825999390459e-02
8.202416574821441708e-02
8.202572951640418886e-02
8.204772393256250240e-02
8.213297360709660710e-02
8.230863649920072689e-02
8.255130320716282111e-02
8.282098993305760104e-02
8.319208969711217039e-02
8.371263415879148795e-02
8.457783077215710876e-02
8.559458317394842697e-02
8.691381974528131216e-02
8.881782888695188838e-02
9.118433066144450427e-02
