1.399307756785676649e+00
1.399920782562787513e+00
1.401143994694140416e+00
1.402972867201197626e+00
1.405403097984445626e+00
1.408432621804889706e+00
1.412063036280660322e+00
1.416299954888324830e+00
1.421152173411968533e+00
1.426629949741550663e+00
1.432743008521950356e+00
1.439498983522139008e+00
1.446902865302816421e+00
1.454957677841006936e+00
1.463666181424664758e+00
1.473033035595609608e+00
1.483066680526866410e+00
1.493780270603012550e+00
1.505191297683884821e+00
1.517319972315697818e+00
1.530186842711684037e+00
1.543810382493677746e+00
1.558205281931872355e+00
1.573381931233333031e+00
1.589347171603849418e+00
1.606105951492806216e+00
1.623663213065859923e+00
1.642025257684242456e+00
1.661200029154574320e+00
1.681196147419985909e+00
1.702020987546498665e+00
1.723678465891627321e+00
1.746167332700705010e+00
1.769480620260324821e+00
1.793606498955810924e+00
1.818530277817380192e+00
1.844236824587205836e+00
1.870712434167106641e+00
1.897945237470367141e+00
1.925923607339486088e+00
1.954632573392141026e+00
1.984048824104375663e+00
2.014135264731919506e+00
2.044836183719458411e+00
2.076073832192419477e+00
2.107746730558875736e+00
2.139729459417234025e+00
2.171873272370872687e+00
2.204006746060411359e+00
2.235935915473711066e+00
2.267443859104942838e+00
2.298290315478729973e+00
2.328212392608878467e+00
2.356927565315810824e+00
2.384139837022514641e+00
2.409549218192569509e+00
2.432863735772646585e+00
2.453812324053679994e+00
2.472156450908127301e+00
2.487698407316928595e+00
2.500284868909664393e+00
2.509805468862832623e+00
2.516187387697871092e+00
2.519387988940660517e+00
