1.315541923690725802e-05
5.911102927270047965e-04
1.166610796956485613e-03
1.769109363052752621e-03
2.364244821367166276e-03
2.963470895115942038e-03
3.565969461212207311e-03
4.165195534960987843e-03
4.786510932055320841e-03
5.431551898668952362e-03
6.080683480716945338e-03
6.716725093374983739e-03
7.366674798509857333e-03
8.037895703903405811e-03
8.703389747688848946e-03
9.377883145429892139e-03
1.000901601956670321e-02
1.066796507865716732e-02
1.133509536861634741e-02
1.201449750487862227e-02
1.267426468705596006e-02
1.333075937688580660e-02
1.400607089771372174e-02
1.467810992619412828e-02
1.532642338515522416e-02
1.599518992128813252e-02
1.668522765767973051e-02
1.739162785580877085e-02
1.811766300802273785e-02
1.881833634454367632e-02
1.953373589662831672e-02
2.026386166427664864e-02
2.098662432414313828e-02
2.168402516831657509e-02
2.239451598187997342e-02
2.311155178013835076e-02
2.381058887048553493e-02
2.452189780713581735e-02
2.523320674378609976e-02
2.595760564982632981e-02
2.665991523252102258e-02
2.737122416917129805e-02
2.809480495212465789e-02
2.881429511964363546e-02
2.952560405629389706e-02
3.024918483924724649e-02
3.095394879120252560e-02
3.167098458946088213e-02
3.237493041832929103e-02
3.309114809350078429e-02
3.380163890706417568e-02
3.452194719767003039e-02
3.524389173444965329e-02
3.595929128653427981e-02
3.665832837688147439e-02
3.736881919044485884e-02
3.808176437326889902e-02
3.878407395596355361e-02
3.948801978483197639e-02
4.016824004418112493e-02
4.087136774996265320e-02
4.154749739387742641e-02
4.223180826866088089e-02
4.288912108157759417e-02
4.357179571018731518e-02
4.422829040001715478e-02
4.487251324354388921e-02
4.552491731793935348e-02
4.618468450011664617e-02
4.683872482068586474e-02
4.748949264890759553e-02
4.815825918504048481e-02
4.883438882895524413e-02
4.950970034978315060e-02
5.015883193183110628e-02
5.081532662166093894e-02
5.147836629618575410e-02
5.212831600132056958e-02
5.274145016754618054e-02
5.340612608824470142e-02
5.405607579337954466e-02
5.473465980655493890e-02
5.536742892686544182e-02
5.601574238582655851e-02
5.667223707565644669e-02
5.732055053461761890e-02
5.794841091640702546e-02
5.857627129819637651e-02
5.921394915702823253e-02
5.984344578499133788e-02
6.047785115147567142e-02
6.107789534831137984e-02
6.170330136084013761e-02
6.229352808063337577e-02
6.290584412377218937e-02
6.351897828999784890e-02
6.412229497918101040e-02
6.474851911479666267e-02
6.536738014263045182e-02
6.600096738602791169e-02
6.660592032138480667e-02
6.725341565725914683e-02
6.786327733113729777e-02
6.850913642083782118e-02
6.913945117188785572e-02
6.977876527689337582e-02
7.038699070459780716e-02
7.102466856342964929e-02
7.168279949943330565e-02
7.234420292778437345e-02
7.296142770944441525e-02
7.359419682975498755e-02
7.421878471919682307e-02
7.484664510098618107e-02
7.547777797512299214e-02
7.613672703421353605e-02
7.677931363156660638e-02
7.743089958287523167e-02
7.805794184157768822e-02
7.871607277758128907e-02
7.930466325120076598e-02
7.996115794103066110e-02
8.057429210725625124e-02
8.122424181239118468e-02
8.185946530196236415e-02
8.248323506831735374e-02
8.311109545010671174e-02
8.376268140141537866e-02
8.439790489098658588e-02
8.503067401129719982e-02
8.567653310099775099e-02
8.630602972896087022e-02
8.693634448001086312e-02
8.759447541601447784e-02
8.819615585902391974e-02
8.883956057946387763e-02
8.947723843829571977e-02
9.013373312812560101e-02
9.076241163300184656e-02
9.138209078392248164e-02
9.204922107388170682e-02
9.269017142506102980e-02
9.332457679154540497e-02
9.396798151198533511e-02
9.461956746329402979e-02
9.526051781447336664e-02
9.590801315034769292e-02
9.654078227065827911e-02
9.719400446814070726e-02
9.782922795771190061e-02
9.844645273937198404e-02
9.909476619833314237e-02
9.971935408777504728e-02
1.003774850237786759e-01
1.010446153137379705e-01
1.016724756955273146e-01
1.023469690932684306e-01
1.029862831982740340e-01
1.036337785341483464e-01
1.042559120543296025e-01
1.048886811746402165e-01
1.055337221412538801e-01
1.061803993540413465e-01
1.067861704124851846e-01
1.074148489173614995e-01
1.080631623763226301e-01
1.087204751892394822e-01
1.093589711711582674e-01
1.100089208762931314e-01
1.106588705814280926e-01
1.112842765939568573e-01
1.119325900529181128e-01
1.125408154806225858e-01
1.131596765084564582e-01
1.138382605216319010e-01
1.144685752726818662e-01
1.151078893776874695e-01
1.157578390828225140e-01
1.163807907260905744e-01
1.170061967386193807e-01
1.176127859201500786e-01
1.182594631329375173e-01
1.189036859764643489e-01
1.195348188506012294e-01
1.201790416941282413e-01
1.208592619534775287e-01
1.215059391662648564e-01
1.221452532712705152e-01
1.227690230376254632e-01
1.234377895737584357e-01
1.240582868477660139e-01
1.247205083992040942e-01
1.253450962886459574e-01
1.259745929166091460e-01
1.266253607448310226e-01
1.272458580188384480e-01
1.279097158164502479e-01
1.285678467524539181e-01
1.292284320577182233e-01
1.298881992398956409e-01
1.304947884214264220e-01
1.311390112649531980e-01
1.318004146933043352e-01
1.324307294443545502e-01
1.330275011488427361e-01
1.336946314388018919e-01
1.343453992670236852e-01
1.350010758337668315e-01
1.356682061237261261e-01
1.363009752440367262e-01
1.369214725180442349e-01
1.375869665618297821e-01
1.382082819589242617e-01
1.388713216334491740e-01
1.395302706925396763e-01
1.401802203976746930e-01
1.408244432412016078e-01
1.414801198079446432e-01
1.421300695130795766e-01
1.428192891263845021e-01
1.435125993551235324e-01
1.441690940449536218e-01
1.447977725498298673e-01
1.455107177326539492e-01
1.461721211610050031e-01
1.468228889892268518e-01
1.474752930636225312e-01
1.481170615378886724e-01
1.487743743508055660e-01
1.494243240559404162e-01
1.500824549919441420e-01
1.507242234662104219e-01
1.513267220323067652e-01
1.519807623528760532e-01
1.526683457200070648e-01
1.533002967172308884e-01
1.539387926991496458e-01
1.546075592352825767e-01
1.552386921094193739e-01
1.559074586455524436e-01
1.565696801969904683e-01
1.572351742407759045e-01
1.579129401308644598e-01
1.585473454973488072e-01
1.591760240022252471e-01
1.597981575224065309e-01
1.604333810119777937e-01
1.610931481941551835e-01
1.617430978992900892e-01
1.623963200967725173e-01
1.630650866329055870e-01
1.637191269534748750e-01
1.643878934896079447e-01
1.650435700563511188e-01
1.657025191154414545e-01
1.663811031286170361e-01
1.670155084951013835e-01
1.676760938003656332e-01
1.683203166438924092e-01
1.689997187801548506e-01
1.696594859623321849e-01
1.702930732057297558e-01
1.709602034956889949e-01
1.716044263392158264e-01
1.722568304136113670e-01
1.729141432265281775e-01
1.735395492390569561e-01
1.741616827592383232e-01
1.748067237258520701e-01
1.754591278002474719e-01
1.760984419052532557e-01
1.767655721952124670e-01
1.773950688231755723e-01
1.780687440978298008e-01
1.787285112800071907e-01
1.793931872007058781e-01
1.800635899830126396e-01
1.806930866109757172e-01
1.813561262855006018e-01
1.820060759906355630e-01
1.827288386505022399e-01
1.834376932178920505e-01
1.840982785231562169e-01
1.847809531517660975e-01
1.854579009187676542e-01
1.861471205320724964e-01
1.868232501759873598e-01
1.875042885584235208e-01
1.881763275869039465e-01
1.888737284310774978e-01
1.895744017675983772e-01
1.902366233190364020e-01
1.909610222250767153e-01
1.916567868230766580e-01
1.923615507750319475e-01
1.930679509731610677e-01
1.937972586177225398e-01
1.944692976462029932e-01
1.951879696906352046e-01
1.959115504735886859e-01
1.966204050409784410e-01
1.973619845318431154e-01
1.981125633766631644e-01
1.988778684370471339e-01
1.996259929126067423e-01
2.004101148039887370e-01
2.011705111258513812e-01
2.018826381855887142e-01
2.026373076458432010e-01
2.033821596290553979e-01
2.041335565969625010e-01
2.049086791343889269e-01
2.056535311176011516e-01
2.063918381161183035e-01
2.071743237613264954e-01
2.079461738064055099e-01
2.087352044363088022e-01
2.095201444507778510e-01
2.102862676342485970e-01
2.110998419567577944e-01
2.118553295400994185e-01
2.126247252159177425e-01
2.133875759070411049e-01
2.141479722289038878e-01
2.149296397510253587e-01
2.157227609963629500e-01
2.165036103953973667e-01
2.173040947485167518e-01
2.181045791016362201e-01
2.189091540701900429e-01
2.196638235304447240e-01
2.205027596686472136e-01
2.212942446678109742e-01
2.221274539444053342e-01
2.229402101438277550e-01
2.237235139121230010e-01
2.245747218966284431e-01
2.253825693575294831e-01
2.261961436800387082e-01
2.270211717257640816e-01
2.278609259870529036e-01
2.286974077559940643e-01
2.295543426021072198e-01
2.303793706478326764e-01
2.312379417401198012e-01
2.320711510167136893e-01
2.329076327856547390e-01
2.337719307395498269e-01
2.346280474625765389e-01
2.354833460625159469e-01
2.363353721701078602e-01
2.371743083083097392e-01
2.380320612775098654e-01
2.389168123085769757e-01
2.397688384161689723e-01
2.406331363700637271e-01
2.415129786626094843e-01
2.423903665858947176e-01
2.432922982017859115e-01
2.441942298176769666e-01
2.450904345719601418e-01
2.459678224952447367e-01
2.468771172189178909e-01
2.477839575733304101e-01
2.486727992198318193e-01
2.495894570512865729e-01
2.504987517749592829e-01
2.514203183449353340e-01
2.523369761763906149e-01
2.532119097304146860e-01
2.541212044540875903e-01
2.550517703780192380e-01
2.559692463325610179e-01
2.568695417022785477e-01
2.578017438723838595e-01
2.587314916732285641e-01
2.596898737821139447e-01
2.606498921371731559e-01
2.615739130764099807e-01
2.624971158925600845e-01
2.634391355397074364e-01
2.643664289712917004e-01
2.653485366496963760e-01
2.663101912509292513e-01
2.672947532985944785e-01
2.682335004533946687e-01
2.692041544085832516e-01
2.701625365174685767e-01
2.711413717035257576e-01
2.721046625509321859e-01
2.730475003211670360e-01
2.740107911685736863e-01
2.749642645389379081e-01
2.759643709252533328e-01
2.769481148498317280e-01
2.779482212361474858e-01
2.789082395912068080e-01
2.798846204080034927e-01
2.808536381170182450e-01
2.818218377029459987e-01
2.828235803354354205e-01
2.837876893059287364e-01
2.847738875997679608e-01
2.857625402628676259e-01
2.867479204336197962e-01
2.877226650042427614e-01
2.887154082827764756e-01
2.897277865153954912e-01
2.907679809329680176e-01
2.917738141808920993e-01
2.927673755825131452e-01
2.937609369841340801e-01
2.948003132786200520e-01
2.958282358498890985e-01
2.968160703899019315e-01
2.978096317915228108e-01
2.988375543627923014e-01
2.998687494264093978e-01
3.008933995053316157e-01
3.019368664152513038e-01
3.029983320330826291e-01
3.039722584806183181e-01
3.050099985289301818e-01
3.060354667309393428e-01
3.070650255483824975e-01
3.081273092893005439e-01
3.091478687527884350e-01
3.101856088011002988e-01
3.112503469112788412e-01
3.122987225597201322e-01
3.133372807311193275e-01
3.143971101027767112e-01
3.154143970739172187e-01
3.164750445686618230e-01
3.175438732942748588e-01
3.186274282354517595e-01
3.197199825305841459e-01
3.207716306713727095e-01
3.218543674894627782e-01
3.229133787380330523e-01
3.240157505102079782e-01
3.250894879743422283e-01
3.261435904843919542e-01
3.272385991487848922e-01
3.283237903361354015e-01
3.294032546618779200e-01
3.304802646183598869e-01
3.315646376826235642e-01
3.326514651161479041e-01
3.337595637499306545e-01
3.348766617376694454e-01
3.359839422483653637e-01
3.370928590052355012e-01
3.382115932391478452e-01
3.393311455961469658e-01
3.404408804761034357e-01
3.415645234485367721e-01
3.426734402054065209e-01
3.437864475777106521e-01
3.449117267963178746e-01
3.460280066609693894e-01
3.471532858795769450e-01
3.482752926058369503e-01
3.493752100087511581e-01
3.504931261195767256e-01
3.515995885071859783e-01
3.527256858488800328e-01
3.538403294673578281e-01
3.549386106240985383e-01
3.560524361194896681e-01
3.571924415536604780e-01
3.582939952027482944e-01
3.594225469137032336e-01
3.605232824397044955e-01
3.615970199038390231e-01
3.626715754910598832e-01
3.637780378786690805e-01
3.648722284199750754e-01
3.659786908075842726e-01
3.670900619337150728e-01
3.681613450285888267e-01
3.692293556311147529e-01
3.703022749721620044e-01
3.713743761901224794e-01
3.724595673774730442e-01
3.735259417338255283e-01
3.745841348593093589e-01
3.756169661691001194e-01
3.766514337250643218e-01
3.776777200501603704e-01
3.786990976367349271e-01
3.797229295925702020e-01
3.807393984406235443e-01
3.817247786113757146e-01
3.827461561979498827e-01
3.837290819994414459e-01
3.847079171854987933e-01
3.856507549557336989e-01
3.865837752489258983e-01
3.874938880956860232e-01
3.883720286922105469e-01
