2.829992343028239765e-02
2.485090530201002068e-02
2.270376866164812782e-02
2.114687456437482072e-02
1.980844793502586562e-02
1.864207718868021377e-02
1.762733574310572718e-02
1.674270973363519918e-02
1.594074709174864157e-02
1.520222283355045396e-02
1.451584474676362660e-02
1.387862217689722448e-02
1.328606493939011104e-02
1.272844439580445713e-02
1.220576319750253137e-02
1.171464486533211301e-02
1.125241628807817362e-02
1.081408882839854368e-02
1.039734789883744320e-02
1.000062850555094932e-02
9.623449433471613704e-03
9.264883027125130066e-03
8.925087037501786350e-03
8.601865317982470421e-03
8.294453048183273586e-03
8.002219374372130170e-03
7.724421286371473822e-03
7.460901379401415484e-03
7.209767115000404770e-03
6.969881410868834434e-03
6.740264573014031341e-03
6.520886326983720525e-03
6.310238822551587738e-03
6.107612427371446502e-03
5.913273574870567956e-03
5.726753642690382042e-03
5.547492079637570198e-03
5.375279487154951095e-03
5.210370334076413860e-03
5.052093939844877826e-03
4.900877448795730278e-03
4.755438584243630758e-03
4.616382485494148827e-03
4.482476997221160678e-03
4.354157075637168396e-03
4.230401186852108392e-03
4.111732278553134438e-03
3.997851198405379981e-03
3.888375910357731377e-03
3.783355794992434695e-03
3.682248054235450277e-03
3.584948957609007409e-03
3.491493663012417131e-03
3.401474910031864786e-03
3.314992867779987737e-03
3.231782074877011159e-03
3.151850119818060299e-03
3.074834073929946614e-03
3.000687489469227882e-03
2.929280171423198371e-03
2.860797711807076382e-03
2.794704088333236410e-03
2.730972511697840697e-03
2.669262780491254896e-03
2.609676782875509655e-03
2.552301784958476566e-03
2.496927892592789959e-03
2.443417478146379072e-03
2.391704924599600147e-03
2.341896236373945152e-03
2.293989288720205914e-03
2.247893886638225452e-03
2.203750925982201053e-03
2.161420169231067362e-03
2.120843303320127556e-03
2.081792905935866099e-03
2.044391795611783923e-03
2.008419026111205648e-03
1.973912813642230823e-03
1.940862782227141797e-03
1.909218226841800621e-03
1.878761801001412393e-03
1.849639117674200823e-03
1.821852335359924399e-03
1.795218961582650428e-03
1.769833956258792806e-03
1.745554645217534855e-03
1.722367799145750047e-03
1.700162290973455037e-03
1.678858909261979164e-03
1.658527117621514876e-03
1.639070501295051109e-03
1.620338422715467911e-03
1.602272516540239689e-03
1.584892759722761769e-03
1.568142072410762516e-03
1.552091493517016550e-03
1.536647139013442393e-03
1.521727440512589142e-03
1.507244201853869588e-03
1.493329930121846567e-03
1.479873624710138042e-03
1.466882205542759327e-03
1.454267091478413359e-03
1.442089112776769391e-03
1.430189717399933842e-03
1.418695331526852611e-03
1.407473585724172737e-03
1.396539054506189519e-03
1.385770166143235164e-03
1.375354630056001152e-03
1.365115265206616295e-03
1.355033453396198035e-03
1.345256362664174919e-03
1.335693648476871803e-03
1.326254661389633183e-03
1.317043303191626699e-03
1.307956884722546618e-03
1.299072401131065504e-03
1.290304749114352511e-03
1.281754758761303971e-03
1.273365838648856134e-03
1.265168506788283539e-03
1.257051237984921398e-03
1.249076687258633255e-03
1.241240884083849323e-03
1.233580655586882704e-03
1.225955584489046932e-03
1.218385231116422438e-03
1.210976608346668940e-03
1.203661719123800839e-03
1.196494734755807832e-03
1.189397375340892071e-03
1.182365750833530224e-03
1.175547952108681486e-03
1.168782785727989987e-03
1.162090355751511754e-03
1.155502258513364452e-03
1.149030259077519741e-03
1.142653131460967314e-03
1.136323930758458218e-03
1.130100813016698220e-03
1.123931522388286596e-03
1.117800659023079337e-03
1.111755578843792421e-03
1.105811025911419441e-03
1.099892084664814973e-03
1.094103098838365793e-03
1.088342925407183781e-03
1.082681905876346426e-03
1.077092385945563899e-03
1.071535165895506946e-03
1.066105212213418413e-03
1.060686727465589424e-03
1.055195357587336569e-03
1.049834582335709525e-03
1.044536857235895538e-03
1.039329840760718068e-03
1.034132544544980395e-03
1.029008459666581367e-03
1.023943910273428931e-03
1.018896361202680000e-03
1.013904150851291245e-03
1.008997248865103414e-03
1.004136084043427257e-03
9.991786753081066154e-04
9.943754263781019124e-04
9.896284788919393338e-04
9.849013492479634976e-04
9.801893036553424240e-04
9.755384512373808719e-04
9.709475121140707671e-04
9.663751572806602869e-04
9.618745636112825768e-04
9.573719009581293290e-04
9.528956304579525981e-04
9.484855007822609249e-04
9.441070212970235171e-04
9.397802623806007305e-04
9.354830059149270511e-04
9.312063808309880165e-04
9.269517335309888483e-04
9.226912487162845528e-04
9.185175689553827950e-04
9.143542676070168761e-04
9.101930656593873285e-04
9.060591340285163329e-04
9.019904509585538943e-04
8.979577412010035769e-04
8.939275050833128287e-04
8.899640490936513776e-04
8.860106091784842501e-04
8.820802911763288550e-04
8.781889618052360564e-04
8.743061474050409058e-04
8.704695329604060765e-04
8.665694074541796391e-04
8.627658648504239530e-04
8.589668446922761559e-04
8.552156230734966500e-04
8.515058517086636792e-04
8.478210812263314465e-04
8.441227460914374307e-04
8.404730717904342757e-04
8.368585280453038830e-04
8.332525762482057658e-04
8.296969404731784938e-04
8.261389859056425230e-04
8.226012319857863280e-04
8.190985951732492098e-04
8.156275813878299981e-04
8.121721254855482786e-04
8.087565502299334406e-04
8.053455613766101907e-04
8.019390055188655234e-04
7.985785812599657070e-04
7.952444275817626036e-04
7.919335218649599731e-04
7.886491903950875989e-04
7.853814687731206163e-04
7.820513309333292128e-04
7.787992485964568374e-04
7.755773354504642315e-04
7.721759649030970375e-04
7.689690750383160450e-04
7.657879344391201352e-04
7.626714071984676832e-04
7.595684376215394457e-04
7.564969483078334660e-04
7.534469572903988157e-04
7.504135773727669059e-04
7.473998338819388054e-04
7.443990023702596682e-04
7.414287185208730388e-04
7.382614342812070631e-04
7.353090348497097776e-04
7.323792516101277142e-04
7.294722262434012901e-04
7.266074071543982948e-04
7.237350643269289648e-04
7.208937833614714047e-04
7.180251804589316087e-04
7.151602276450119483e-04
7.123534935558046123e-04
7.095800847768577542e-04
7.068222897536103905e-04
7.040804532986939855e-04
7.013660548179161906e-04
6.986630378437679164e-04
6.959908410655893081e-04
6.933347390101616452e-04
6.907066369128066988e-04
6.880884217263105599e-04
6.854810912125327985e-04
6.829134733021171699e-04
6.803224574874803220e-04
6.777780854915518545e-04
6.752483278148007327e-04
6.727408030118214389e-04
6.702123994863094835e-04
6.677198757934454639e-04
6.652477057083716182e-04
6.627964930223584003e-04
6.603713798657483234e-04
6.579654428308376931e-04
6.555823762035460026e-04
6.531948485129017131e-04
6.508309749748758186e-04
6.484981324826180398e-04
6.461828926632443492e-04
6.438844925322042070e-04
6.415906634503573030e-04
6.393232098686082955e-04
6.370791130896469442e-04
6.348478119393389119e-04
6.326370242081839814e-04
6.304502494990139611e-04
6.282875953310932847e-04
6.261448087130774354e-04
6.240191809154850295e-04
6.219017423741933764e-04
6.195580197559178012e-04
6.174672650626787445e-04
6.153419465414617902e-04
6.132748357760061525e-04
6.112254981502563593e-04
6.092109318807147414e-04
6.072084671240818516e-04
6.052339821241397699e-04
6.032712864144771552e-04
6.013018763470983448e-04
5.993810700594655663e-04
5.974691811084517981e-04
5.955622863055291989e-04
5.936966006721592585e-04
5.918250466071350684e-04
5.899822279397413721e-04
5.881675145654457083e-04
5.863761524291391872e-04
5.846085528051598538e-04
5.828691878122101936e-04
5.811458775552275210e-04
5.794388273327189800e-04
5.777385727952446702e-04
5.760484782092535659e-04
5.743194335270342598e-04
5.726637561476413023e-04
5.710676309581645942e-04
5.694988477786231155e-04
5.679563779437525693e-04
5.664342157577866282e-04
5.649001112898479043e-04
5.632416893387804172e-04
5.617216647194552036e-04
5.602614176190564644e-04
5.588235257223914685e-04
5.574082504529347722e-04
5.560182005924938159e-04
5.546583088586974890e-04
5.532900857807477495e-04
5.519572286003942034e-04
5.506302583099767934e-04
5.493239887337734561e-04
5.480249549936224134e-04
5.467603361266200031e-04
5.455184020898445375e-04
5.442969616013875953e-04
5.429937315993862935e-04
5.418002625888694275e-04
5.406336609068977846e-04
5.394761396965495719e-04
5.381545966398122065e-04
5.370233273907983615e-04
5.359151664976558125e-04
5.348249227023092398e-04
5.337002575096896949e-04
5.326449899044820389e-04
5.315965766065377553e-04
5.305720135831995489e-04
5.295328506644121592e-04
5.282594230727436120e-04
5.272675582121865356e-04
5.262792863896836090e-04
5.251701032098712472e-04
5.242272335376189788e-04
5.233094617814751598e-04
5.223489118907155603e-04
5.214588362755152341e-04
5.205815891837026893e-04
5.197282055309228018e-04
5.188279530097324611e-04
5.179927720294397230e-04
5.171849074312527116e-04
5.163920658434485982e-04
5.155962533799408366e-04
5.147967991658632418e-04
5.140461707553949490e-04
5.133174556694200617e-04
5.126055177939308491e-04
5.118059434969230012e-04
5.111198170978074754e-04
5.104301912554241264e-04
5.097114931462652914e-04
5.090642558998204753e-04
5.083930121381786960e-04
5.077641742569601654e-04
5.071632431451569313e-04
5.065772000697225334e-04
5.060007463766069431e-04
5.053864469884015087e-04
5.048121174833784851e-04
5.042778958348789579e-04
5.037484175753316690e-04
5.032315222202529692e-04
5.027373380619130526e-04
5.021804904928590767e-04
5.017153037106252423e-04
5.012592344996322702e-04
5.008136275442677619e-04
5.003636488945259822e-04
4.999453900060443984e-04
4.994754253063454644e-04
4.990736921443732254e-04
4.986420685939039815e-04
4.982495508833242881e-04
4.978409720444096354e-04
4.974816283453643764e-04
4.971351817936576047e-04
4.968126194204201341e-04
4.964945245950839461e-04
4.961840903151108501e-04
4.958881832131205574e-04
4.955781755154381116e-04
4.953027203381807960e-04
4.950410523763336228e-04
4.947910035617835312e-04
4.945286634562105895e-04
4.942895952518579737e-04
4.940627809139089234e-04
4.938478465791769356e-04
4.936353741060545922e-04
4.934180758594982870e-04
4.932265456606088573e-04
4.930440594337592288e-04
4.928220635544804367e-04
4.926026798729559722e-04
4.924204921589248659e-04
4.922594505192381172e-04
4.921080033615736048e-04
4.919583224880845441e-04
4.918177179820520375e-04
4.916804866708396771e-04
4.915553554418843323e-04
4.914080943780002424e-04
4.912631528402520943e-04
4.911411176384549186e-04
4.910327652993649742e-04
4.909313585328817751e-04
4.908334277370531148e-04
4.907424267885240757e-04
4.906599368592454071e-04
4.905068032576316702e-04
4.904210493630166033e-04
4.903268894159731840e-04
4.902425478673467585e-04
4.901637096640406970e-04
4.900583472909877730e-04
4.899491187387816594e-04
4.898880927106644047e-04
4.898177327405570623e-04
4.897280343012648833e-04
4.896697000475314218e-04
4.895865172456784426e-04
4.895301222840873264e-04
4.894796832828663975e-04
4.894336555221121248e-04
4.893823839407854259e-04
4.893359219081181268e-04
4.892798638784886167e-04
4.892286223315878190e-04
4.891954921206253864e-04
4.891585158084431123e-04
4.891167228920462965e-04
4.890883665539284223e-04
4.890496232194663489e-04
4.890170489834136901e-04
4.889815895073573032e-04
4.889532867680672790e-04
4.889287632699359891e-04
4.889071776590681343e-04
4.888922542143143068e-04
4.888732583368300298e-04
4.888523457796360586e-04
4.888395230384539377e-04
4.888303606311051588e-04
4.888203010252637967e-04
4.888148845491149027e-04
4.887992233615286479e-04
4.887886226619151753e-04
4.887818999684064199e-04
4.887798419616600637e-04
4.887790332562090426e-04
4.887734846921828373e-04
4.887669096264430323e-04
4.887650977142268469e-04
4.887641523255530345e-04
4.887625648947431858e-04
4.887607763968666950e-04
4.887542486667252216e-04
4.887510289040235397e-04
4.887491755187074434e-04
4.887461096886740229e-04
4.887455676721834136e-04
4.887445519990912335e-04
4.887430798822719460e-04
4.887426751582110403e-04
4.887386110987817752e-04
4.887332615275496008e-04
4.887301211895014050e-04
4.887287800647334163e-04
4.887242135598691755e-04
4.887209048957234531e-04
4.887160478061540426e-04
4.887080231097249870e-04
4.886994709396056628e-04
4.886971055638115579e-04
4.886875115475322173e-04
4.886707317410625678e-04
4.886356420408249782e-04
4.886209808429592015e-04
4.885988304965094807e-04
4.885373987813984619e-04
4.884822582607505027e-04
4.884212726158659217e-04
4.883989205493899930e-04
4.883985434981867992e-04
4.884381719594068933e-04
4.881203695931658954e-04
4.880916010281039267e-04
4.882458019989685365e-04
4.908865903785365878e-04
