4.562906572695583085e-01
4.564714243915451442e-01
4.568338264688602823e-01
4.573795549565327634e-01
4.581110387908642334e-01
4.590313207998267808e-01
4.601439031670879198e-01
4.614525702142261432e-01
4.629611981792857711e-01
4.646735626518075923e-01
4.665931548016414854e-01
4.687230174537396765e-01
4.710656113794498001e-01
4.736227208917681009e-01
4.763954059771450256e-01
4.793840058346541810e-01
4.825881959245248987e-01
4.860070975806495830e-01
4.896394360656417533e-01
4.934837398048309010e-01
4.975385705909178280e-01
5.018027719606251713e-01
5.062757208517024710e-01
5.109575661745698882e-01
5.158494371795898648e-01
5.209536045415780192e-01
5.262735779692681026e-01
5.318141258982141961e-01
5.375812054317363753e-01
5.435817941075223869e-01
5.498236191980078180e-01
5.563147849600523775e-01
5.630633033436053259e-01
5.700765389050658216e-01
5.773605837626711867e-01
5.849195830617663905e-01
5.927550352664536781e-01
6.008650943657786181e-01
6.092439025393056040e-01
6.178809818198236492e-01
6.267607117828762897e-01
6.358619173671190561e-01
6.451575867861478741e-01
6.546147344258572698e-01
6.641944179869281317e-01
6.738519133063700650e-01
6.835370446315526261e-01
6.931946629278999961e-01
7.027652603016768529e-01
7.121857049512962945e-01
7.213900782767496134e-01
7.303105938592094892e-01
7.388785768994619030e-01
7.470254822711023257e-01
7.546839294846118262e-01
7.617887334573397728e-01
7.682779109388295780e-01
7.740936436676034704e-01
7.791831807692519707e-01
7.834996644993940107e-01
7.870028651566014499e-01
7.896598128165732700e-01
7.914453154540825874e-01
7.923423550094650381e-01
