1.514704919121898536e-05
5.158662969853602650e-04
1.011440236773104330e-03
1.513874587236044202e-03
2.005160770351792094e-03
2.500734710139539303e-03
2.992878444589687145e-03
3.492740141049428034e-03
3.978881016158778393e-03
4.486460674628116665e-03
4.992325230428656772e-03
5.494759580891599680e-03
6.000624136692137185e-03
6.506488692492678159e-03
7.039794890994001061e-03
7.568813332823325947e-03
8.091828915311856385e-03
8.612271843797182636e-03
9.114706194260113400e-03
9.648012392761407680e-03
1.016931287258112174e-02
1.069918886574482836e-02
1.123077996157733661e-02
1.176322860874424309e-02
1.229053194790474639e-02
1.282984100574684726e-02
1.337172271759215145e-02
1.390588646742785262e-02
1.444348042260116226e-02
1.497850172377126858e-02
1.552124098695097619e-02
1.606569535279948197e-02
1.659214114062559572e-02
1.714431346848369064e-02
1.767761966698500400e-02
1.821178341682071558e-02
1.874165940998443608e-02
1.925695703046335569e-02
1.979969629364305983e-02
2.034329310815716912e-02
2.088688992267127148e-02
2.143563204519178395e-02
2.197751375703708640e-02
2.251596526354479946e-02
2.305784697539009151e-02
2.358600786588501905e-02
2.412703202639591288e-02
2.466205332756602267e-02
2.520736524474892493e-02
2.573809878924704017e-02
2.627483519308594292e-02
2.681585935359686104e-02
2.733715983341657163e-02
2.788590195593708063e-02
2.841749305176959062e-02
2.895422945560849337e-02
2.946866952475301824e-02
2.999254265857594082e-02
3.053270926775244337e-02
3.106430036358496030e-02
3.160017921608946484e-02
3.214034582526598127e-02
3.267793978043929265e-02
3.318637699024302307e-02
3.371796808607554347e-02
3.423583836055765772e-02
3.472712454367339607e-02
3.519954459743231817e-02
3.565738627850651571e-02
3.598745281075513280e-02
3.644958224850133183e-02
3.681395083412598163e-02
3.715087777704983302e-02
3.755297862138807369e-02
3.794478884971350108e-02
3.835031989938931379e-02
3.871297338234515328e-02
3.907819951930419783e-02
3.945886158028243107e-02
3.986868038663025221e-02
4.023647917759250181e-02
4.067459717797554386e-02
4.106726495763535212e-02
4.146507804530159824e-02
4.182515887425422574e-02
4.219981807589165412e-02
4.258133768820431680e-02
4.298258098120814191e-02
4.346786430498311704e-02
4.388797372734375146e-02
4.430636804703554782e-02
4.476678238211297123e-02
4.513715382707841894e-02
4.556669631411743027e-02
4.595764899110847679e-02
4.635374697610590566e-02
4.680387069517048110e-02
4.722826787420308925e-02
4.763036871854133686e-02
4.804018752488915106e-02
4.850317451396974483e-02
4.897044925972229845e-02
4.939656154142372385e-02
4.983039178513472972e-02
5.030624204423132795e-02
5.074607514728311092e-02
5.120648948236052739e-02
5.162488380205233068e-02
5.216590796256326962e-02
5.271636518775262709e-02
5.330541222298992854e-02
5.391161028491527063e-02
5.444148627807905705e-02
5.486931366244922337e-02
5.529113818747862646e-02
5.586131909335918799e-02
5.641177631854853158e-02
5.686447269161631207e-02
5.724856495793211736e-02
5.764466294292950460e-02
5.818482955210600022e-02
5.867783083789054194e-02
5.927631093780630356e-02
5.985849756236843316e-02
6.035750170749379362e-02
6.082477645324638887e-02
6.132549570104060127e-02
6.188967374758031631e-02
6.235523339066412207e-02
6.297086451726785494e-02
6.340812496631646755e-02
6.400917772023533014e-02
6.472342725029493760e-02
6.542481351033856141e-02
6.597441318419353107e-02
6.656260266809646553e-02
6.708218804524739010e-02
6.758462239571032260e-02
6.811278328620529177e-02
6.864008662536578986e-02
6.923256386594071887e-02
6.990393582928035310e-02
7.062333066734631515e-02
7.128612711734196028e-02
7.183401168852807106e-02
7.224040028953823689e-02
7.274540729400437444e-02
7.319467346173459676e-02
7.366366331015587743e-02
7.420811767600438147e-02
7.469768875645130257e-02
7.531846519106130677e-02
7.583119015753700398e-02
7.628903183861113213e-02
7.670056574762772195e-02
7.712067516998837025e-02
7.763082748246084852e-02
7.818643001565657447e-02
7.858681575732597013e-02
7.902236110370572386e-02
7.959940242026142254e-02
8.010526697606196178e-02
8.065658175258562379e-02
8.130222717589327686e-02
8.180809173169385773e-02
8.238341794558078079e-02
8.278723389258775545e-02
8.339771971118505045e-02
8.394303162836795618e-02
8.456295051164353094e-02
8.508425099146325887e-02
8.575047764679648299e-02
8.630693773132663837e-02
8.679307860643599437e-02
8.741900034905246419e-02
8.797031512557615396e-02
8.843758987132874227e-02
8.889628910373736925e-02
8.934212506612994320e-02
8.979396388786335670e-02
9.045933299186206811e-02
9.106553105378728530e-02
9.174119077379895570e-02
9.240655987779779201e-02
9.288841299623513958e-02
9.340799837338609191e-02
9.390014210783628745e-02
9.455950835249429809e-02
9.505937004895402553e-02
9.561754523615294266e-02
9.620659227139022329e-02
9.673475316188513695e-02
9.731007937577206002e-02
9.795057949107327522e-02
9.858936450370564542e-02
9.930875934177170461e-02
1.000247239745000044e-01
1.006557910251229121e-01
1.012028180449745518e-01
1.016898164714183650e-01
1.022282679779261683e-01
1.027787252031154286e-01
1.034869718738342520e-01
1.041214691297945860e-01
1.048134223251596248e-01
1.054736461211520371e-01
1.060138127303285605e-01
1.066371618189417281e-01
1.072570807022174277e-01
1.078315493647698797e-01
1.083794339359560044e-01
1.088252698983485645e-01
1.092771087200819224e-01
1.098155602265896563e-01
1.104423395205404723e-01
1.110090902210833508e-01
1.115441115222534779e-01
1.120259646406908394e-01
1.125952879952368813e-01
1.132417909698788389e-01
1.137545159363546193e-01
1.143547111389390941e-01
1.148477124247236081e-01
1.154401896652984816e-01
1.161081314233005229e-01
1.167048964205473771e-01
1.174105704372628012e-01
1.181196746593158459e-01
1.186769922951802225e-01
1.193123471024750137e-01
1.200300268378721863e-01
1.206559485804887255e-01
1.211523800716108740e-01
1.216633899354178372e-01
1.221435279511863259e-01
1.226571104689965358e-01
1.231552570627874460e-01
1.237271530713366929e-01
1.242150090491149217e-01
1.247929079170048972e-01
1.254745704963572683e-01
1.261322216383465311e-01
1.267195535709149667e-01
1.273900679829201854e-01
1.280811636269509612e-01
1.287619686549689724e-01
1.293947508082606279e-01
1.299983762161826539e-01
1.305822779434135383e-01
1.311164416932492360e-01
1.315176849862529918e-01
1.319883899373431591e-01
1.324428014130797637e-01
1.330867317337185718e-01
1.336449069209174612e-01
1.341756404654155244e-01
1.347664026033217055e-01
1.351976601930294231e-01
1.356254875773996449e-01
1.361390700952097577e-01
1.368207326745621288e-01
1.375109707672584891e-01
1.382012088599548771e-01
1.388837289906416916e-01
1.393998841624550511e-01
1.398637287028701159e-01
1.403978924527058691e-01
1.408531614797769449e-01
1.414773681197247501e-01
1.419832326755252616e-01
1.425345474520487987e-01
1.430421271105182801e-01
1.436217410810771422e-01
1.442999734550921842e-01
1.448195588322432059e-01
1.453520074794099892e-01
1.458278577385068442e-01
1.464632125458017187e-01
1.470471142730325753e-01
1.475452608668233745e-01
1.479610825325121670e-01
1.484292148295994485e-01
1.489410822447407856e-01
1.495052602912806117e-01
1.500094097444122365e-01
1.505984567796496143e-01
1.511935066742277622e-01
1.518425823028731192e-01
1.524316293381101917e-01
1.530987135447781367e-01
1.537606524434394495e-01
1.543942921480654651e-01
1.549919146966466654e-01
1.555089274197945792e-01
1.560216523862704430e-01
1.566690129122471076e-01
1.573232338488984583e-01
1.579165686408078306e-01
1.584378691206276557e-01
1.589377308170875081e-01
1.593981451521648829e-01
1.599288786966630849e-01
1.604047289557598566e-01
1.609303171922517317e-01
1.615905409882441579e-01
1.622053145635133364e-01
1.628072248687664481e-01
1.633422461699368389e-01
1.639330083078430755e-01
1.645606451531284598e-01
1.651651281123848736e-01
1.657318788129275855e-01
1.663500825935346483e-01
1.669451324881128518e-01
1.675650513713888567e-01
1.680494771438293955e-01
1.685844984449993145e-01
1.692095626362815075e-01
1.697523018994614163e-01
1.703490668967083677e-01
1.710195813087137251e-01
1.714988617731478537e-01
1.721436496451210774e-01
1.726666652276097058e-01
1.732591424681845516e-01
1.738130298987117794e-01
1.744140826526304477e-01
1.749431010944598186e-01
1.754798374982989573e-01
1.760088559401284114e-01
1.766476409527607538e-01
1.772958590300716675e-01
1.779500799667232402e-01
1.786068735573781985e-01
1.792345104026636105e-01
1.797789647685122394e-01
1.803688693550839217e-01
1.808610130895341450e-01
1.813977494933730616e-01
1.819396312052185272e-01
1.824394929016784628e-01
1.829607933814980658e-01
1.834417889486012199e-01
1.840402690485170578e-01
1.845967291330468107e-01
1.851909214762907374e-01
1.857799685115279764e-01
1.863450041094019682e-01
1.869331935933049305e-01
1.875299585905518818e-01
1.881232933824610876e-01
1.887517877790809151e-01
1.892945270422607962e-01
1.898338361001029040e-01
1.904306010973498275e-01
1.910136452732464074e-01
1.916327066051878303e-01
1.922071752677401435e-01
1.927353361582348490e-01
1.932909386914304917e-01
1.938233873385975248e-01
1.944107192711662102e-01
1.950495042837985804e-01
1.956256880490200856e-01
1.962207379435979837e-01
1.968106425301697493e-01
1.974237010027703743e-01
1.979947394599853860e-01
1.985932195599009187e-01
1.991848392491416542e-01
1.997644532197004885e-01
2.003372067795839984e-01
2.008979546207861899e-01
2.015041526827117124e-01
2.021232140146528022e-01
2.027131186012247066e-01
2.032995929824587822e-01
2.038371869376319201e-01
2.043979347788342227e-01
2.049929846734123984e-01
2.055340088339232540e-01
2.060904689184535343e-01
2.066606498243340750e-01
2.072677054375939021e-01
2.078224504194550182e-01
2.084406542000619422e-01
2.089585244745442161e-01
2.095329931370965293e-01
2.100860230162893139e-01
2.106030357394370889e-01
2.111689288886455518e-01
2.117682665398955277e-01
2.123264417270944726e-01
2.128571752715925636e-01
2.133947692267660901e-01
2.139529444139647574e-01
2.145016865364854641e-01
2.150590041723501045e-01
2.156034585381986779e-01
2.161693516874073073e-01
2.166957974752332927e-01
2.172282461224003536e-01
2.178009996822840300e-01
2.183120095460910903e-01
2.188478883985956192e-01
2.193829096997657879e-01
2.199582359136529885e-01
2.204709608801286025e-01
2.210222756566523894e-01
2.215958867678702870e-01
2.221514893010662073e-01
2.227002314235867753e-01
2.232403980327634929e-01
2.237908552579525590e-01
2.243147283917756862e-01
2.248506072442804649e-01
2.253830558914475812e-01
2.259163620899487523e-01
2.263506288663711397e-01
2.263506288663711397e-01
2.263506288663711397e-01
2.263506288663711397e-01
2.263506288663711397e-01
2.263506288663711397e-01
2.263506288663711397e-01
2.263506288663711397e-01
2.263506288663711397e-01
2.263506288663711397e-01
2.263506288663711397e-01
2.263506288663711397e-01
2.263506288663711397e-01
2.263506288663711397e-01
2.263506288663711397e-01
2.263506288663711397e-01
2.263506288663711397e-01
2.263506288663711397e-01
2.263506288663711397e-01
2.263506288663711397e-01
2.263506288663711397e-01
2.263506288663711397e-01
2.263506288663711397e-01
2.263506288663711397e-01
2.263506288663711397e-01
2.263506288663711397e-01
2.263506288663711397e-01
2.263506288663711397e-01
2.263506288663711397e-01
2.263506288663711397e-01
2.263506288663711397e-01
2.263506288663711397e-01
2.263506288663711397e-01
2.263506288663711397e-01
2.263506288663711397e-01
2.263506288663711397e-01
2.263506288663711397e-01
2.263506288663711397e-01
2.263506288663711397e-01
2.263506288663711397e-01
2.263506288663711397e-01
2.263506288663711397e-01
2.263506288663711397e-01
2.263506288663711397e-01
2.263506288663711397e-01
2.263506288663711397e-01
2.263506288663711397e-01
2.263506288663711397e-01
2.263506288663711397e-01
2.263506288663711397e-01
2.263506288663711397e-01
2.263506288663711397e-01
2.263506288663711397e-01
2.263506288663711397e-01
2.263506288663711397e-01
2.263506288663711397e-01
2.263506288663711397e-01
2.263506288663711397e-01
2.263506288663711397e-01
2.263506288663711397e-01
2.263506288663711397e-01
2.263506288663711397e-01
2.263506288663711397e-01
2.263506288663711397e-01
2.263506288663711397e-01
2.263506288663711397e-01
2.263506288663711397e-01
2.263506288663711397e-01
2.263506288663711397e-01
2.263506288663711397e-01
2.263506288663711397e-01
2.263506288663711397e-01
2.263506288663711397e-01
2.263506288663711397e-01
2.263506288663711397e-01
2.263506288663711397e-01
2.263506288663711397e-01
2.263506288663711397e-01
2.263506288663711397e-01
2.263506288663711397e-01
2.263506288663711397e-01
2.263506288663711397e-01
2.263506288663711397e-01
