5.471169318453503704e-03
4.403606784185339074e-03
3.652932016181662574e-03
3.058462343325210348e-03
2.558709794033086835e-03
2.143783571422919199e-03
1.797039164594954261e-03
1.511199355879444583e-03
1.277755140355307665e-03
1.087745474615044302e-03
9.361411854214042854e-04
8.153286091848153689e-04
7.201519621881175221e-04
6.457492349943366391e-04
5.869242575629160432e-04
5.369312237895434688e-04
4.969266307993597601e-04
4.639348332295316433e-04
4.346190245197685065e-04
4.111405668940891229e-04
3.889967781888159721e-04
3.703990587056270453e-04
3.527762513665241243e-04
3.365744291332875733e-04
3.217472946231425546e-04
3.079037421082431256e-04
2.946643570868028722e-04
2.822372103947165837e-04
2.703504361642800795e-04
2.592921451560630561e-04
2.486160044854879422e-04
2.388505979292995297e-04
2.293836849011857018e-04
2.204708926950351973e-04
2.119772431694606622e-04
2.039193149246387997e-04
1.963832527242820466e-04
1.856732901697406618e-04
1.783396946859874604e-04
1.718625421966419697e-04
1.657887390521994224e-04
1.602637086348190172e-04
1.549966165615215016e-04
1.500530645770337785e-04
1.455201987130402472e-04
1.413176195746173485e-04
1.374699963061308658e-04
1.339767814420688016e-04
1.308001068255325045e-04
1.278538529182210871e-04
1.250951727770964028e-04
1.225306434818401399e-04
1.204000498257809244e-04
1.185975416479485557e-04
1.170578946960147178e-04
1.153067044719001773e-04
1.132465818708608402e-04
1.120608480427620797e-04
1.111934853476466255e-04
1.103418449769735289e-04
1.097948350394164650e-04
1.094385455033988183e-04
1.091531079028916761e-04
1.089121673808122846e-04
1.085347796445491442e-04
1.081559319518221075e-04
1.080317425122278733e-04
1.080092272211687895e-04
1.079889877740152073e-04
1.079888173149933233e-04
1.079867360046020240e-04
1.079858651527786177e-04
1.079856262610786168e-04
1.079843393152098152e-04
1.079841201630849553e-04
1.079838832359613916e-04
1.079837042660358422e-04
1.079836145030537743e-04
1.079832361315932819e-04
1.079826875021558423e-04
1.079824132176176180e-04
1.079822576409840786e-04
1.079821171469342808e-04
1.079820201064819740e-04
1.079818076166567866e-04
1.079813367124251081e-04
1.079809329785151568e-04
1.079803953591920327e-04
1.079797506484150263e-04
1.079791152705709246e-04
1.079786185619786176e-04
1.079775392551811581e-04
1.079772170351540899e-04
1.079762066398898892e-04
1.079759400948877683e-04
1.079756887658140182e-04
1.079745660444509828e-04
1.079740777138906137e-04
1.079735818811154664e-04
1.079727670052260040e-04
1.079721090107098444e-04
1.079710938714751006e-04
1.079700260601600093e-04
1.079693987421516518e-04
1.079690651370722996e-04
1.079669715078080414e-04
1.079663686685573549e-04
1.079656312519944295e-04
1.079653308364636395e-04
1.079650760682654838e-04
1.079642494049937938e-04
1.079640288546531351e-04
1.079638084495943207e-04
1.079623411067800364e-04
1.079619989047704689e-04
1.079611604693751927e-04
1.079609409143022586e-04
1.079603522540191290e-04
1.079593061212280581e-04
1.079586250636682497e-04
1.079578537153169150e-04
1.079569517864173206e-04
1.079566658618838948e-04
1.079557670442519730e-04
1.079542768140723458e-04
1.079532865193839577e-04
1.079531695798747342e-04
1.079514894872806748e-04
1.079496184789647986e-04
1.079491071935744845e-04
1.079475310656648478e-04
1.079470209701744376e-04
1.079467417399215584e-04
1.079463866769984985e-04
1.079452094372809377e-04
1.079445289552048004e-04
1.079429212393204148e-04
1.079419974252652945e-04
1.079414850576027962e-04
1.079410292066715750e-04
1.079400704936374708e-04
1.079396030586609624e-04
1.079393486618835014e-04
1.079394245083812307e-04
1.079384430276743290e-04
1.079361798198088824e-04
1.079357261198089497e-04
1.079336504779376929e-04
1.079320493859564476e-04
1.079313896845483767e-04
1.079303411708853306e-04
1.079293155981157049e-04
1.079282155806816841e-04
1.079280239941003678e-04
1.079268246739625511e-04
1.079258532983768163e-04
1.079238889131529412e-04
1.079231934479369260e-04
1.079203925700652377e-04
1.079190643518903068e-04
1.079175068383581249e-04
1.079150899640651546e-04
1.079141973713646511e-04
1.079135246950053208e-04
1.079125108221220620e-04
1.079117951228602981e-04
1.079096251728458780e-04
1.079079892014769653e-04
1.079061568886869308e-04
1.079054093758099889e-04
1.079042032131040071e-04
1.079039490918181032e-04
1.079029273572877336e-04
1.079019296246362853e-04
1.079011861082812882e-04
1.078990314144387906e-04
1.078978284848454254e-04
1.078956533746272387e-04
1.078931829727629906e-04
1.078913678720571582e-04
1.078907784824070223e-04
1.078902377529239822e-04
1.078898648453527863e-04
1.078893083659486442e-04
1.078875562832632876e-04
1.078842619525062350e-04
1.078819929524735326e-04
1.078815210493234853e-04
1.078798136110501566e-04
1.078795280124873453e-04
1.078788824157468900e-04
1.078763436660980566e-04
1.078748011294872839e-04
1.078743020494837227e-04
1.078738009317861869e-04
1.078733971064620004e-04
1.078732838647089489e-04
1.078707163836249293e-04
1.078670958863472181e-04
1.078604784051282438e-04
1.078588976506210671e-04
1.078585885146580910e-04
1.078578266273882378e-04
1.078571608388716614e-04
1.078567935372209919e-04
1.078565139284992907e-04
1.078543140440160942e-04
1.078530526963665699e-04
1.078522187764287732e-04
1.078513921432723978e-04
1.078498628543062650e-04
1.078472633233182955e-04
1.078039319455779575e-04
1.078004260552723793e-04
1.077992129713815401e-04
1.077985360883433949e-04
1.077976540739547181e-04
1.077948560056776007e-04
1.077899024317933898e-04
1.077884794935109419e-04
1.077872954739559882e-04
1.077851060494747427e-04
1.077809986217314513e-04
1.077757253664749648e-04
1.077754286993072179e-04
1.077732115891758132e-04
1.077729692772163347e-04
1.077726964332360697e-04
1.077705212528500803e-04
1.077696452445010632e-04
1.077695314847290073e-04
1.077677977286283395e-04
1.077600495095684945e-04
1.077515715841540774e-04
1.077479026406498572e-04
1.077446430697608570e-04
1.077417596728580097e-04
1.077411554336183661e-04
1.077358772152187290e-04
1.077351480664828868e-04
1.077346115311616424e-04
1.077344291795518375e-04
1.077337447074785926e-04
1.077310626671327973e-04
1.077303301409800109e-04
1.077299938190391058e-04
1.077271065024869447e-04
1.077256140859727488e-04
1.077228729238413342e-04
1.077209228951222679e-04
1.077172307305409411e-04
1.077105062781342403e-04
1.077040470244281043e-04
1.077026070834936303e-04
1.076999344076236503e-04
1.077002390440809728e-04
1.076973597076646375e-04
1.076941972198684094e-04
1.076857615360234197e-04
1.076751724118630812e-04
1.076748814950216561e-04
1.076752274465521810e-04
1.076743066928144410e-04
1.076736723663799497e-04
1.076668022425035704e-04
1.076609090385317955e-04
1.076577092243760213e-04
1.076515902605850144e-04
1.076497647515703101e-04
1.076456885243830193e-04
1.076340084138027693e-04
1.076299114022169435e-04
1.076253992618561209e-04
1.076234608096418376e-04
1.076075673713211236e-04
1.074881698513790399e-04
1.074577495381306026e-04
1.074501796260265735e-04
1.074391599360839748e-04
1.074251693726109433e-04
1.074134335577432242e-04
1.074045856632278791e-04
1.073944586330408151e-04
1.073889243658709925e-04
1.073850128037631929e-04
1.073838868476893998e-04
1.073805433524443689e-04
1.073792121620737605e-04
1.073725579781371117e-04
1.073714076245806679e-04
1.073690737039082192e-04
1.073625579457783712e-04
1.073561775479828061e-04
1.073227909340249532e-04
1.073108779279072802e-04
1.073095011122615752e-04
1.073067447698870981e-04
1.073039466654466205e-04
1.072861414631094175e-04
1.072684542543810758e-04
1.072538591172745789e-04
1.072348251909538002e-04
1.072168566251381313e-04
1.071870033350168217e-04
1.071857103569441903e-04
1.071762654838278927e-04
1.071756445113918098e-04
1.071697707709033637e-04
1.071672971221477124e-04
1.071562619274077978e-04
1.071521205569667194e-04
1.071507462858558148e-04
1.071390844839543836e-04
1.071277548320659584e-04
1.071051076935690811e-04
1.070811805766076492e-04
1.070558310919458302e-04
1.070488022986694715e-04
1.070299873762947744e-04
1.070198286022944846e-04
1.070156792027167786e-04
1.069862880841417421e-04
1.069755234722153612e-04
1.069479988107259992e-04
1.069368589605687228e-04
1.069170171406343909e-04
1.069110055609533838e-04
1.068844850129640106e-04
1.068602085628070835e-04
1.068443152018893109e-04
1.068391221158804076e-04
1.068279513277798433e-04
1.068226075744388545e-04
1.068201704356193908e-04
1.068163614247017330e-04
1.068053938455991100e-04
1.068028743216705356e-04
1.067285741548159477e-04
1.066877729117103320e-04
1.066592713429079779e-04
1.066396604709840903e-04
1.065770756209878580e-04
1.065013185589522093e-04
1.064854566105487364e-04
1.064648725184309076e-04
1.064618745819565616e-04
1.063262554038283607e-04
1.062810129579914450e-04
1.062530197465850644e-04
1.062233577134989341e-04
1.059433952546578729e-04
1.059222496209610609e-04
1.059183870981708034e-04
1.057777553098883920e-04
1.057298648901846481e-04
1.055969317996340034e-04
1.055447025271670871e-04
1.054130469869325488e-04
1.050948062112747760e-04
1.047864091900417772e-04
1.038753417143249312e-04
1.038467144660881205e-04
1.038381021336790954e-04
1.038567584182203729e-04
1.037604009930162265e-04
1.036066413367278216e-04
1.036613048861680656e-04
1.031332813326069807e-04
1.030116834824464279e-04
1.029413417838155126e-04
1.026145423781945660e-04
1.027339565353367038e-04
1.027634880007636782e-04
1.028554461379738985e-04
1.029159245275368569e-04
1.030044618338089261e-04
1.032788400466241229e-04
1.035053041168258444e-04
1.033713468581596499e-04
1.036851055298130181e-04
1.041439929040187379e-04
1.052571084333464612e-04
1.071368542830317241e-04
1.075440118645403550e-04
1.083958231856236513e-04
1.093822861562653405e-04
1.118111426838087013e-04
1.160494966152531384e-04
1.185645239952002423e-04
1.239359849871978555e-04
1.305660861405742842e-04
1.325074567415780139e-04
1.346810742250393027e-04
1.463270521266571813e-04
1.732704852618038025e-04
1.894438923056047529e-04
2.363755529506049945e-04
2.854257503927908860e-04
3.440493620574904595e-04
4.599460898842702510e-04
5.811724001370222829e-04
8.141897958019737912e-04
1.099826898605494848e-03
1.575855204714484217e-03
2.042333117152571841e-03
2.923668328099627255e-03
3.603443431613923865e-03
4.345258234105124455e-03
6.829848013479499977e-03
8.472100646870841384e-03
1.226309891247999440e-02
1.878250850576168585e-02
2.716435562175638710e-02
3.673861429733972506e-02
5.324371409488471568e-02
8.180406502097237187e-02
1.573722694056506888e-01
8.926073621996063467e-01
8.971119244711618423e+08
8.971119243775331974e+08
8.971119242839056253e+08
8.971119241902784109e+08
8.971119240966520309e+08
8.971119240030262470e+08
8.971119239094008207e+08
8.971119238157761097e+08
8.971119237221519947e+08
8.971119236285287142e+08
8.971119235349060297e+08
8.971119234412835836e+08
8.971119233476620913e+08
8.971119232540413141e+08
8.971119231604206562e+08
8.971119230668010712e+08
8.971119229731826782e+08
8.971119228795642853e+08
8.971119227859461308e+08
8.971119226923289299e+08
8.971119225987125635e+08
8.971119225050966740e+08
8.971119224114820957e+08
8.971119223178664446e+08
8.971119222242522240e+08
8.971119221306388378e+08
8.971119220370258093e+08
8.971119219434137344e+08
8.971119218498020172e+08
8.971119217561912537e+08
8.971119216625804901e+08
8.971119215689709187e+08
8.971119214753614664e+08
8.971119213817529678e+08
8.971119212881450653e+08
8.971119211945378780e+08
8.971119211009320021e+08
8.971119210073258877e+08
8.971119209137206078e+08
8.971119208201158047e+08
8.971119207265117168e+08
8.971119206329078674e+08
8.971119205393052101e+08
8.971119204457029104e+08
8.971119203521010876e+08
8.971119202584996223e+08
8.971119201648989916e+08
8.971119200712993145e+08
8.971119199777001143e+08
8.971119198841013908e+08
8.971119197905031443e+08
8.971119196969060898e+08
8.971119196033089161e+08
8.971119195097131729e+08
8.971119194161174297e+08
8.971119193225227594e+08
8.971119192289284468e+08
8.971119191353348494e+08
8.971119190417419672e+08
8.971119189481492043e+08
8.971119188545570374e+08
8.971119187609665394e+08
8.971119186673756838e+08
8.971119185737856627e+08
8.971119184801961184e+08
8.971119183866072893e+08
8.971119182930194139e+08
8.971119181994317770e+08
8.971119181058454514e+08
8.971119180122591257e+08
8.971119179186737537e+08
8.971119178250886202e+08
8.971119177315040827e+08
8.971119176379204988e+08
8.971119175443376303e+08
8.971119174507546425e+08
8.971119173571732044e+08
8.971119172635917664e+08
8.971119171700111628e+08
8.971119170764306784e+08
8.971119169828515053e+08
8.971119168892729282e+08
8.971119167988129854e+08
