1.727820622033362286e+00
1.728505126850762075e+00
1.729877422681933785e+00
1.731943914504796789e+00
1.734713799893717656e+00
1.738198601026794909e+00
1.742411579509510755e+00
1.747367065309934242e+00
1.753079736453346804e+00
1.759563889842755691e+00
1.766832745378479119e+00
1.774897825227876424e+00
1.783768447514904709e+00
1.793451368840669913e+00
1.803950603022422605e+00
1.815267434495130283e+00
1.827400634335202501e+00
1.840346875326497100e+00
1.854101330462165631e+00
1.868658427377415832e+00
1.884012720057905765e+00
1.900159829359419295e+00
1.917097395949205030e+00
1.934825983697411544e+00
1.953349868694644442e+00
1.972677649225492713e+00
1.992822615383189611e+00
2.013802823640234774e+00
2.035640831558240826e+00
2.058363060744260231e+00
2.081998771801640835e+00
2.106578652848871247e+00
2.132133042469767759e+00
2.158689827785378768e+00
2.186272077618361287e+00
2.214895488254728484e+00
2.244565733881460190e+00
2.275275824273805814e+00
2.307003577822108298e+00
2.339709317961105040e+00
2.373333895354102996e+00
2.407797127105916424e+00
2.442996728588830990e+00
2.478807794280469157e+00
2.515082862676563558e+00
2.551652578281771611e+00
2.588326942247289431e+00
2.624897123562623058e+00
2.661137785669859035e+00
2.696809869479330768e+00
2.731663763224022823e+00
2.765442782329082583e+00
2.797886878218768469e+00
2.828736493344649716e+00
2.857736480249699618e+00
2.884640004750719910e+00
2.909212356935710009e+00
2.931234598317673967e+00
2.950506978915480971e+00
2.966852064067316164e+00
2.980117517301054786e+00
2.990178492501062379e+00
2.996939595863381545e+00
3.000336385667543126e+00
