1.686215186001793038e-05
5.270144643325534381e-04
1.026018609457895244e-03
1.525880305917638085e-03
2.030029759049377640e-03
2.524746147502722731e-03
3.023750292628066272e-03
3.536475259103801210e-03
4.045770020241938082e-03
4.563640294724067084e-03
5.072077504527800103e-03
5.576226957659540309e-03
6.077803756788080665e-03
6.583668312588618170e-03
7.082672457713962144e-03
7.572243538160911870e-03
8.071247683286254110e-03
8.564248969070802769e-03
9.062395562861737253e-03
9.557111951315071935e-03
1.006554916111879194e-02
1.055940799823771974e-02
1.105412438669104748e-02
1.154455301847237894e-02
1.203841185559130673e-02
1.253227069271023106e-02
1.303556259450755483e-02
1.353370918829848585e-02
1.404214639810220412e-02
1.455401381324352567e-02
1.507274163906004161e-02
1.557860619486056523e-02
1.609218871267068668e-02
1.661434674382480242e-02
1.711335088895012818e-02
1.760292196939705275e-02
1.809678080651598575e-02
1.859235474630371171e-02
1.908964378876024451e-02
1.958521772854797047e-02
2.008164921967009464e-02
2.056950519744822278e-02
2.106593668857035737e-02
2.155122001234529780e-02
2.204679395213302376e-02
2.252778951923596618e-02
2.301821815101730631e-02
2.349749861545144189e-02
2.399564520924236596e-02
2.448264363568609936e-02
2.496535430545783127e-02
2.544892252656397527e-02
2.592477278566050758e-02
2.640919855810103592e-02
2.692449617857995553e-02
2.740977950235489596e-02
2.789763548013302064e-02
2.837520084189835631e-02
2.886134171700769149e-02
2.934233728411062697e-02
2.981647244053835938e-02
3.031118882899168712e-02
3.082391379546740515e-02
3.130490936257034063e-02
3.178504737833887095e-02
3.227204580478260088e-02
3.278648587392711533e-02
3.326662388969565259e-02
3.378878192084975446e-02
3.430922484933507377e-02
3.481165919979799239e-02
3.532181151227054700e-02
3.581738545205832153e-02
3.629923857049571073e-02
3.679309740761468883e-02
3.730239216875286951e-02
3.780654162188466089e-02
3.832012413969482917e-02
3.880540746346981124e-02
3.930098140325758577e-02
3.980341575372056684e-02
4.030327745018033592e-02
4.081857507065932145e-02
4.130300084309990183e-02
4.178656906420609440e-02
4.228385810666265149e-02
4.276742632776883019e-02
4.325442475421264338e-02
4.373113256464360166e-02
4.423270936377218104e-02
4.472914085489436420e-02
4.520413356265653992e-02
4.568941688643152199e-02
4.618584837755367045e-02
4.667627700933506263e-02
4.716670564111645481e-02
4.763226528420021894e-02
4.810725799196241548e-02
4.860368948308460557e-02
4.908554260152196702e-02
4.956482306595615117e-02
5.005267904373433135e-02
5.054825298352209895e-02
5.103953916663787199e-02
5.152482249041284712e-02
5.202211153286941114e-02
5.251254016465082414e-02
5.300725655310417617e-02
5.348825212020719144e-02
5.398382605999495210e-02
5.447339714044191483e-02
5.493381147551932436e-02
5.540794663194710534e-02
5.589237240438769960e-02
5.638794634417547413e-02
5.688094762996005749e-02
5.736537340240063787e-02
5.786780775286361894e-02
5.836252414131698485e-02
5.885809808110476632e-02
5.933909364820775384e-02
5.982952227998911132e-02
6.031566315509848120e-02
6.079494361953266535e-02
6.128880245665162263e-02
6.177065557508899796e-02
6.225936910420157983e-02
6.273950711997015872e-02
6.323165085442036815e-02
6.372122193486733088e-02
6.419707219396393605e-02
6.468492817174212317e-02
6.517021149551707748e-02
6.565292216528888225e-02
6.614249324573584499e-02
6.663034922351399048e-02
6.710534193127620783e-02
6.758547994704480755e-02
6.807848123282936315e-02
6.855776169726356117e-02
6.903275440502575078e-02
6.952232548547271351e-02
7.001189656591971788e-02
7.048088641434109569e-02
7.096445463544719112e-02
7.144888040788778538e-02
7.191186739696844854e-02
7.240229602874968806e-02
7.288500669852149283e-02
7.335656920094614508e-02
7.383756476804897995e-02
7.431084237314240781e-02
7.479955590225494111e-02
7.529770249604586518e-02
7.577012254980478034e-02
7.625454832224536073e-02
7.674840715936437352e-02
7.724398109915203703e-02
7.771382849890781652e-02
7.818882120667002000e-02
7.867324697911055875e-02
7.911651028750002479e-02
7.959407564926532230e-02
8.008364672971234055e-02
8.056378474548085700e-02
8.104135010724623778e-02
8.150519464766121935e-02
8.199219307410500479e-02
8.247233108987347960e-02
8.294646624630128140e-02
8.343946753208592026e-02
8.389902431582879627e-02
8.437573212625974761e-02
8.487988157939146960e-02
8.535144408181609410e-02
8.582557923824379875e-02
8.629199643266195763e-02
8.678585526978094267e-02
8.726856593955277519e-02
8.772126231262047935e-02
8.819968522572023406e-02
8.867039017681044299e-02
8.912908940921902834e-02
8.962037559233483608e-02
9.007907482474331040e-02
9.055320998117111220e-02
9.103592065094284758e-02
9.149719253735469349e-02
9.195331911576003214e-02
9.241716365617491658e-02
9.288701105593066831e-02
9.337229437970563650e-02
9.383785402278942145e-02
9.430598631987642533e-02
9.479041209231690857e-02
9.524568111938788717e-02
9.572410403248766964e-02
9.618537591889937677e-02
9.666294128066477143e-02
9.713193112908609372e-02
9.761035404218586231e-02
9.809049205795442039e-02
9.860836233243656934e-02
9.906620401351078076e-02
9.952576079725376779e-02
1.000076139156910598e-01
1.004663131480996729e-01
1.009258699318426600e-01
1.014128683582864177e-01
1.018827157580422665e-01
1.023628537738108107e-01
1.028086897362033431e-01
1.032725342766182691e-01
1.037440967790428520e-01
1.042250923461458395e-01
1.046812189245512337e-01
1.051759353130046759e-01
1.056766545607988050e-01
1.061353537932074181e-01
1.065940530256158786e-01
1.070458918473492504e-01
1.075071637337610270e-01
1.079967348142080036e-01
1.084571491492854201e-01
1.089372871650539920e-01
1.094088496674786026e-01
1.098889876832471330e-01
1.103622652883404220e-01
1.108132465587393783e-01
1.112916694718392302e-01
1.117469384989102366e-01
1.121936320126371567e-01
1.126609067583897589e-01
1.131221786448016325e-01
1.136160374819205621e-01
1.140893150870139622e-01
1.145317208440689294e-01
1.150170041678438837e-01
1.155048601456220431e-01
1.159515536593490742e-01
1.164608484204871647e-01
1.169221203068989828e-01
1.174159791440178985e-01
1.179209861484840777e-01
1.184431441796381795e-01
1.189155642333971502e-01
1.193957022491657638e-01
1.199161451776510345e-01
1.203937105394163737e-01
1.209338771485929803e-01
1.214328812937183338e-01
1.219490364655316100e-01
1.224737671506889725e-01
1.230345149918910391e-01
1.235292313803443565e-01
1.240754008488616639e-01
1.246438666520733596e-01
1.252020418392721934e-01
1.257516415131270937e-01
1.262900930196348137e-01
1.268551286175088888e-01
1.273987254320230467e-01
1.279397495925339578e-01
1.284816313043792013e-01
1.290338036322372373e-01
1.295996967814458112e-01
1.301450086986286614e-01
1.306886055131428193e-01
1.312433504950041574e-01
1.317809444501774063e-01
1.323374045347075756e-01
1.329247364672760390e-01
1.334966324758253553e-01
1.340625256250338460e-01
1.346498575576023649e-01
1.352277564254923681e-01
1.358125157040577236e-01
1.363886994692790067e-01
1.369794616071851601e-01
1.375367792430496616e-01
1.381035299435925678e-01
1.386942920814985825e-01
1.392704758467199211e-01
1.398672408439667614e-01
1.404588605332073581e-01
1.410401896064350791e-01
1.416678264517202968e-01
1.422723094109769049e-01
1.428682168568892741e-01
1.434598365461298153e-01
1.440480260300327497e-01
1.446567967459613524e-01
1.452750005265682487e-01
1.458640475618055155e-01
1.464873966504188219e-01
1.470670106209777672e-01
1.476740662342376498e-01
1.482922700148444906e-01
1.489173342061265448e-01
1.495484012567493970e-01
1.501623172806843265e-01
1.508088202553263812e-01
1.514330268952742142e-01
1.520743845619097478e-01
1.527088818178702345e-01
1.533579574465156470e-01
1.539838791891322001e-01
1.546072282777454787e-01
1.552194291990116048e-01
1.558333452229463401e-01
1.564669849275724944e-01
1.571092001455425824e-01
1.577359794394936898e-01
1.583859126194733236e-01
1.590238400807711949e-01
1.597063602114581204e-01
1.603537207374346185e-01
1.609993661607423410e-01
1.616450115840499524e-01
1.622743635320040290e-01
1.629465930466782730e-01
1.635922384699858567e-01
1.642473169579720949e-01
1.649023954459579722e-01
1.655463257665968357e-01
1.661859683305638713e-01
1.668504798832284031e-01
1.675047008198800036e-01
1.681846482965634604e-01
1.688500174005624355e-01
1.695205318125676264e-01
1.702116274565986798e-01
1.708941475872855775e-01
1.715758101666377822e-01
1.722763388753472125e-01
1.729545712493619769e-01
1.736319460720426866e-01
1.742973151760414952e-01
1.750029891927571135e-01
1.756923697341193080e-01
1.763868955834876073e-01
1.770728459195120563e-01
1.777785199362277024e-01
1.784636127209179024e-01
1.791752895969742354e-01
1.798826787163589902e-01
1.805763470143928739e-01
1.812674426584236775e-01
1.819834072911521439e-01
1.827070898858901837e-01
1.833836071572362558e-01
1.840755603526013917e-01
1.847666559966323063e-01
1.854654696026727945e-01
1.861831493380702862e-01
1.868236494533715430e-01
1.875027393787205010e-01
1.881946925740860255e-01
1.888866457694509948e-01
1.896000377481762422e-01
1.903177174835732899e-01
1.909908045495817275e-01
1.916956210149630135e-01
1.923961497236722218e-01
1.930975359837159566e-01
1.937791985630682168e-01
1.944771546177745114e-01
1.951588171971267993e-01
1.957967446584250870e-01
1.964861251997870872e-01
1.971943718705055915e-01
1.978597409745046498e-01
1.985379733485193587e-01
1.992093453118592983e-01
1.998952956478836362e-01
2.005538043412071481e-01
2.012337518178909934e-01
2.019034086785616855e-01
2.025833561552456974e-01
2.032238562705468155e-01
2.039038037472303555e-01
2.045828936725795910e-01
2.052671289059352089e-01
2.059187771885838403e-01
2.065695679198979173e-01
2.072237888565492681e-01
2.078737220365291238e-01
2.085245127678431454e-01
2.091813063584982701e-01
2.098295244358091838e-01
2.104794576157886510e-01
2.111182426284214653e-01
2.117458794737064887e-01
2.123692285623199894e-01
2.129900049969300213e-01
2.136193569448838758e-01
2.142281276608123952e-01
2.148223200040562109e-01
2.154233727579749347e-01
2.160201377552220525e-01
2.166091847904591805e-01
2.171956591716931173e-01
2.177709853855800959e-01
2.183283030214447362e-01
2.189096320946722074e-01
2.194309325744921990e-01
2.199805322483472658e-01
2.205052629335045034e-01
2.210685834287098306e-01
2.216190406538990076e-01
2.221574921604068664e-01
2.226882257049051517e-01
2.232369678274258029e-01
2.237874250526149522e-01
2.243233039051197031e-01
2.248471770389428859e-01
2.253821983401131657e-01
2.259163620899487523e-01
2.263506288663711397e-01
2.263506288663711397e-01
2.263506288663711397e-01
2.263506288663711397e-01
2.263506288663711397e-01
2.263506288663711397e-01
2.263506288663711397e-01
2.263506288663711397e-01
2.263506288663711397e-01
2.263506288663711397e-01
2.263506288663711397e-01
2.263506288663711397e-01
2.263506288663711397e-01
2.263506288663711397e-01
2.263506288663711397e-01
2.263506288663711397e-01
2.263506288663711397e-01
2.263506288663711397e-01
2.263506288663711397e-01
2.263506288663711397e-01
2.263506288663711397e-01
2.263506288663711397e-01
2.263506288663711397e-01
2.263506288663711397e-01
2.263506288663711397e-01
2.263506288663711397e-01
2.263506288663711397e-01
2.263506288663711397e-01
2.263506288663711397e-01
2.263506288663711397e-01
2.263506288663711397e-01
2.263506288663711397e-01
2.263506288663711397e-01
2.263506288663711397e-01
2.263506288663711397e-01
2.263506288663711397e-01
2.263506288663711397e-01
2.263506288663711397e-01
2.263506288663711397e-01
2.263506288663711397e-01
2.263506288663711397e-01
2.263506288663711397e-01
2.263506288663711397e-01
2.263506288663711397e-01
2.263506288663711397e-01
2.263506288663711397e-01
2.263506288663711397e-01
2.263506288663711397e-01
2.263506288663711397e-01
2.263506288663711397e-01
2.263506288663711397e-01
2.263506288663711397e-01
2.263506288663711397e-01
2.263506288663711397e-01
2.263506288663711397e-01
2.263506288663711397e-01
2.263506288663711397e-01
2.263506288663711397e-01
2.263506288663711397e-01
2.263506288663711397e-01
2.263506288663711397e-01
2.263506288663711397e-01
2.263506288663711397e-01
2.263506288663711397e-01
2.263506288663711397e-01
2.263506288663711397e-01
2.263506288663711397e-01
2.263506288663711397e-01
2.263506288663711397e-01
2.263506288663711397e-01
2.263506288663711397e-01
2.263506288663711397e-01
2.263506288663711397e-01
2.263506288663711397e-01
2.263506288663711397e-01
2.263506288663711397e-01
2.263506288663711397e-01
2.263506288663711397e-01
2.263506288663711397e-01
2.263506288663711397e-01
2.263506288663711397e-01
2.263506288663711397e-01
2.263506288663711397e-01
