7.893186016063857835e-02
7.354472098274761338e-02
6.919718006228281482e-02
6.542754128116198831e-02
6.208482966559617650e-02
5.903463384086463095e-02
5.622982368563315264e-02
5.361222146740269451e-02
5.118876067321251333e-02
4.893979739979705673e-02
4.686981616986781590e-02
4.492359778344347243e-02
4.309285503982319965e-02
4.136995407369505745e-02
3.975566150700893253e-02
3.821820938596903056e-02
3.675726354531432677e-02
3.537567032510287313e-02
3.406793010222742418e-02
3.283530484069413502e-02
3.165939698643394778e-02
3.054878354818384156e-02
2.949247334245581539e-02
2.849258289295215907e-02
2.754762654368526908e-02
2.665465077719217021e-02
2.580887590148970429e-02
2.501257289540357101e-02
2.426239939911342333e-02
2.355145427039164602e-02
2.287587071940393527e-02
2.223089415789124973e-02
2.161487915290339137e-02
2.102528134170375193e-02
2.046413585217126199e-02
1.992375539809907586e-02
1.940859610327106896e-02
1.891842089344782443e-02
1.843596379425297554e-02
1.798545436814782961e-02
1.755648427138945325e-02
1.714660609569873193e-02
1.675354060026865849e-02
1.637608218688731826e-02
1.601498504089772859e-02
1.566869910426453918e-02
1.533641938392410302e-02
1.501858425344007944e-02
1.471186342033975469e-02
1.442009509852306033e-02
1.413878553051168066e-02
1.387066061659766349e-02
1.361412077515213037e-02
1.336908870986610806e-02
1.313042808277075334e-02
1.290209192142852297e-02
1.268182547426219796e-02
1.246907148487817231e-02
1.226380769709732761e-02
1.206455786893442274e-02
1.187494200555297245e-02
1.169110599720956170e-02
1.151339499925573343e-02
1.134413606539413574e-02
1.118128902502327736e-02
1.102531428945046493e-02
1.087402441450155584e-02
1.072846212269753380e-02
1.057931259755906517e-02
1.044019614069178863e-02
1.030677283126792132e-02
1.017756454553060685e-02
1.005048683550710011e-02
9.929994456311611040e-03
9.813998804135304344e-03
9.702169043848140467e-03
9.593670493837788693e-03
9.488651036232363320e-03
9.388029017409588520e-03
9.289824814711215503e-03
9.195437316853627419e-03
9.103758748988699176e-03
9.013927163505465814e-03
8.926668181697371141e-03
8.838715871688107573e-03
8.756244217969272672e-03
8.676147095116973698e-03
8.597930081176284600e-03
8.522127321375035092e-03
8.447868973670743728e-03
8.375594392170173166e-03
8.305312718602457511e-03
8.237050481074420852e-03
8.169442868484090917e-03
8.104153158832340734e-03
8.040227772289723976e-03
7.978027917923669748e-03
7.917855192520473206e-03
7.858807526482153652e-03
7.801412898759256011e-03
7.745191723333344838e-03
7.690544742077006293e-03
7.636594765683526152e-03
7.583729755719524276e-03
7.532388322244455182e-03
7.482146184841140940e-03
7.432973756995882482e-03
7.384632138277255446e-03
7.337432852277408005e-03
7.291211005667534717e-03
7.245877865158879827e-03
7.192351237027763342e-03
7.147930311850549980e-03
7.104557115865038977e-03
7.062004010480961783e-03
7.020121775404162580e-03
6.979057155144531219e-03
6.936186251543369034e-03
6.896255962040920458e-03
6.857398375139281410e-03
6.819391404281506010e-03
6.782351525351414112e-03
6.746124247859265274e-03
6.710546794447418834e-03
6.675359527575452576e-03
6.641035904260766953e-03
6.605793742681398580e-03
6.572556337998703042e-03
6.540054212303916641e-03
6.507962169192139414e-03
6.476509527939753631e-03
6.445644522487424359e-03
6.415626580943938582e-03
6.386137078930601702e-03
6.357040515535210441e-03
6.328407004849954942e-03
6.300542405944280916e-03
6.273325133364643716e-03
6.246389710694517754e-03
6.219925791421731381e-03
6.193943977183580078e-03
6.168340257786572925e-03
6.143158572894757800e-03
6.118325980321398690e-03
6.093730738948552848e-03
6.069694531355959710e-03
6.046035143420316373e-03
6.022755056937613774e-03
5.999747139371486293e-03
5.977256606702821898e-03
5.955242855503860809e-03
5.933695564225669773e-03
5.912497367223865097e-03
5.891731179176311686e-03
5.871527782075280921e-03
5.851607505525906715e-03
5.831842325448997021e-03
5.812647174292069271e-03
5.793926724424885988e-03
5.775576720347000079e-03
5.757541699301251155e-03
5.735379707151470711e-03
5.717587970956789466e-03
5.700249687248864702e-03
5.683198857548369537e-03
5.666541470059458137e-03
5.650268720213889352e-03
5.634372694149616598e-03
5.618796915523031205e-03
5.603313703712871352e-03
5.588131535626564457e-03
5.573189838405144016e-03
5.558601193122729434e-03
5.543965464338634040e-03
5.529942659313304837e-03
5.516246226100331856e-03
5.502838127554109983e-03
5.489253532846425331e-03
5.476203975319601791e-03
5.463375864103899894e-03
5.443721892818502613e-03
5.431089155198138251e-03
5.418981152700745076e-03
5.407153685555036830e-03
5.395625847435657485e-03
5.384307290593434367e-03
5.372981403739093137e-03
5.361979267746347019e-03
5.351227578076707229e-03
5.340759198068795351e-03
5.330613941000472526e-03
5.320667892967329698e-03
5.310984727536911289e-03
5.301519263654928815e-03
5.292330888279327301e-03
5.283354223418051943e-03
5.274390584797322874e-03
5.265764728525375478e-03
5.257300343149929819e-03
5.249008173417009371e-03
5.240852436901004795e-03
5.233051619697449454e-03
5.225267791645847419e-03
5.217784697652230741e-03
5.210490990173897649e-03
5.203415546836512133e-03
5.196501658933442604e-03
5.189844423871706712e-03
5.183332658178135821e-03
5.176968207758634623e-03
5.170745478750710111e-03
5.164670565266381123e-03
5.158766251376817324e-03
5.153022120327509399e-03
5.147368398069395411e-03
5.141914569882249063e-03
5.136462257715426749e-03
5.131222913211986453e-03
5.126123439245214644e-03
5.121125607793166300e-03
5.116295531825442930e-03
5.111543081126883499e-03
5.106874753191506522e-03
5.102303673159771721e-03
5.097917600726776903e-03
5.093612384799860344e-03
5.089348289268589599e-03
5.085279069659212267e-03
5.081319791266730897e-03
5.077389309955871594e-03
5.073617909108719612e-03
5.069976152046852882e-03
5.066424315011234907e-03
5.062944337395586074e-03
5.059435600726090547e-03
5.056114360625847334e-03
5.052939242235631075e-03
5.049803138348026021e-03
5.046780918121765089e-03
5.043893036122129407e-03
5.041107326791610665e-03
5.038415164768583407e-03
5.035827844983886345e-03
5.033282480746935350e-03
5.030880520832310167e-03
5.028551373924505102e-03
5.026332374262994403e-03
5.024087515692902441e-03
5.021992386219582653e-03
5.018831875673038061e-03
5.016825098979949167e-03
5.014927519098030806e-03
5.013066032623118666e-03
5.011254829555300029e-03
5.009578502603256531e-03
5.007975553562022189e-03
5.006378900230076812e-03
5.004844280415532420e-03
5.003385832819464384e-03
5.002005082821670869e-03
5.000673847703490486e-03
4.999348176707837411e-03
4.998134107688894691e-03
4.996943046084842757e-03
4.995803365541524182e-03
4.994683237751987998e-03
4.993613228678349739e-03
4.992612349562480963e-03
4.991609017219910543e-03
4.990681452007560137e-03
4.989697853150751837e-03
4.988660082861719886e-03
4.987818711878120453e-03
4.987004969283782320e-03
4.986157800369907245e-03
4.985413903262092029e-03
4.984637449784936822e-03
4.983961493854978907e-03
4.983275943971287106e-03
4.982624355197695643e-03
4.982014737854897728e-03
4.981418863646435227e-03
4.980848771459342982e-03
4.980281844897064235e-03
4.979778014112202535e-03
4.979315224484961652e-03
4.978765537912395629e-03
4.978347554716912315e-03
4.977886675305711467e-03
4.977505358773313265e-03
4.977133748377692186e-03
4.976787438766582840e-03
4.976426010027332203e-03
4.976093167479145145e-03
4.975782023832316971e-03
4.975490495202664412e-03
4.975209403668196494e-03
4.974947268233415043e-03
4.974698822381421262e-03
4.974464233165118779e-03
4.974206960885179697e-03
4.973975715935943613e-03
4.973749258349251245e-03
4.973531601037734992e-03
4.973255711625349136e-03
4.973040845439066597e-03
4.972753747606502642e-03
4.972581260211022224e-03
4.972428967263885398e-03
4.971834708876402519e-03
4.971316915905385318e-03
4.971171633257702276e-03
4.971046084199183882e-03
4.970871432489270061e-03
4.970750454291710495e-03
4.970639744159746631e-03
4.970532328470168328e-03
4.970434684275183528e-03
4.970333976374185017e-03
4.970239589277245483e-03
4.970157411617511997e-03
4.970087034436249628e-03
4.970015914153479847e-03
4.969934595412029213e-03
4.969870492825030281e-03
4.969815002313499909e-03
4.969754145163009923e-03
4.969693419286540237e-03
4.969629014533198143e-03
4.969582001443350813e-03
4.969540270929193732e-03
4.969503831625360704e-03
4.969454784833769040e-03
4.969425005907297625e-03
4.969394171917504779e-03
4.969368341865435315e-03
4.969337960144699744e-03
4.969300405420713773e-03
4.969284660639165796e-03
4.969247063695019298e-03
4.969229545428793630e-03
4.969212138901905364e-03
4.969202510937556841e-03
4.969192040144117077e-03
4.969185975758909531e-03
4.969175547165538727e-03
4.969169499686332953e-03
4.969154283829692320e-03
4.969150328778686870e-03
4.969149823212175472e-03
4.969147191008043730e-03
4.969139607582540724e-03
4.969136378369443281e-03
4.969131474206518566e-03
4.969127491484531291e-03
4.969001069301513113e-03
4.968976863576302430e-03
4.968972868502701500e-03
4.968966459743174961e-03
4.968964374490679112e-03
4.968963954501742254e-03
4.968962380091572310e-03
4.968956427240759331e-03
4.968947915855402402e-03
4.968945085484535035e-03
4.968942880047224828e-03
4.968939105083511679e-03
4.968933820478289506e-03
4.968925605845137851e-03
4.968915434828459661e-03
4.968914151608910812e-03
4.968910961849637258e-03
4.968910636690427804e-03
4.968904906138125153e-03
4.968897216670715121e-03
4.968890394784603558e-03
4.968888707600678870e-03
4.968880054752276669e-03
4.968875989539840027e-03
4.968853427283774840e-03
4.968849351078916815e-03
4.968841289487398345e-03
4.968836287137119549e-03
4.968824547799347707e-03
4.968778747811044942e-03
4.968768545123554078e-03
4.968746165013387950e-03
4.968728204077312721e-03
4.968726547133381702e-03
4.968691487292634101e-03
4.968697117934808838e-03
4.968666258969332145e-03
4.968731250438542836e-03
4.968766824869126457e-03
4.969080334269173824e-03
4.969241272936991693e-03
4.971333530797358846e-03
4.974806863126196403e-03
4.986371347590499645e-03
4.992152417000241330e-03
5.049339718311412865e-03
5.176121727075359662e-03
5.376961680745535009e-03
5.737662258095506916e-03
6.011436991606849793e-03
6.833396163214289568e-03
7.778701602518537511e-03
9.319663414793202122e-03
1.032717456974306322e-02
1.275919093735427938e-02
1.703633874251034991e-02
2.254989283299657296e-02
3.006687745979766055e-02
3.827642396028204524e-02
5.166429955098832127e-02
7.556731525029361518e-02
1.498801479704323369e-01
8.823537324441800278e-01
8.971119219505345821e+08
8.971119218566247225e+08
8.971119217627146244e+08
8.971119216688063145e+08
8.971119215748983622e+08
8.971119214809910059e+08
8.971119213870844841e+08
8.971119212931784391e+08
8.971119211992722750e+08
8.971119211053673029e+08
8.971119210114634037e+08
8.971119209175592661e+08
8.971119208236562014e+08
8.971119207297534943e+08
8.971119206358515024e+08
8.971119205419507027e+08
8.971119204480502605e+08
8.971119203541499376e+08
8.971119202602502108e+08
8.971119201663515568e+08
8.971119200724536180e+08
8.971119199785562754e+08
8.971119198846588135e+08
8.971119197907630205e+08
8.971119196968665123e+08
8.971119196029714346e+08
8.971119195090769529e+08
8.971119194151837826e+08
8.971119193212908506e+08
8.971119192273981571e+08
8.971119191335062981e+08
8.971119190396152735e+08
8.971119189457241297e+08
8.971119188518348932e+08
8.971119187579449415e+08
8.971119186640554667e+08
8.971119185701674223e+08
8.971119184762799740e+08
8.971119183823924065e+08
8.971119182885065079e+08
8.971119181946204901e+08
8.971119181007354259e+08
8.971119180068507195e+08
8.971119179129663706e+08
8.971119178190830946e+08
8.971119177252007723e+08
8.971119176313188076e+08
8.971119175374366045e+08
8.971119174435560703e+08
8.971119173496757746e+08
8.971119172557960749e+08
8.971119171619173288e+08
8.971119170680396557e+08
8.971119169741613865e+08
8.971119168802844286e+08
8.971119167864079475e+08
8.971119166925319433e+08
8.971119165986568928e+08
8.971119165047824383e+08
8.971119164109084606e+08
8.971119163170348406e+08
8.971119162231618166e+08
8.971119161292897463e+08
8.971119160354181528e+08
8.971119159415471554e+08
8.971119158476763964e+08
8.971119157538074255e+08
8.971119156599385738e+08
8.971119155660700798e+08
8.971119154722019434e+08
8.971119153783353567e+08
8.971119152844686508e+08
8.971119151906028986e+08
8.971119150967371464e+08
8.971119150028724670e+08
8.971119149090081453e+08
8.971119148151447773e+08
8.971119147212815285e+08
8.971119146274195910e+08
8.971119145335583687e+08
8.971119144396975040e+08
8.971119143458367586e+08
8.971119142551052570e+08
