2.409404098714206799e-01
2.410459639655727626e-01
2.412565832469162064e-01
2.415714884084702307e-01
2.419899386922615692e-01
2.425115784954096909e-01
2.431366829059569967e-01
2.438662184845153680e-01
2.447016997388833381e-01
2.456448929302912643e-01
2.466974725029184301e-01
2.478607528824142980e-01
2.491355933721551008e-01
2.505225146579855289e-01
2.520219920217178222e-01
2.536348277682847763e-01
2.553624751714438923e-01
2.572071992227119575e-01
2.591720117629323084e-01
2.612603927505564583e-01
2.634758802850160619e-01
2.658216552512447928e-01
2.683002470963851138e-01
2.709134448599461176e-01
2.736624264960572095e-01
2.765480440550141528e-01
2.795711485066341151e-01
2.827328248560445623e-01
2.860344409152045242e-01
2.894774809184913478e-01
2.930632147519065533e-01
2.967923167632038894e-01
3.006645717713949395e-01
3.046787800462922857e-01
3.088329047085938139e-01
3.131244161942726700e-01
3.175507089544273853e-01
3.221094231744235370e-01
3.267985151720337322e-01
3.316159829196654862e-01
3.365592487331884319e-01
3.416242987037261258e-01
3.468047456513449478e-01
3.520909968515597566e-01
3.574696650740750714e-01
3.629232770046997847e-01
3.684302372430353634e-01
3.739649338204861784e-01
3.794978501265231507e-01
3.849955882071839364e-01
3.904207973355304229e-01
3.957321079826585652e-01
4.008842539760833490e-01
4.058285885940426940e-01
4.105141455368910286e-01
4.148892709759440245e-01
4.189036914044318993e-01
4.225107332559160933e-01
4.256693247729088081e-01
4.283454233425956215e-01
4.305126287421230935e-01
4.321519374124331847e-01
4.332508109002716212e-01
4.338019078260153538e-01
