1.315541923690725802e-05
6.009277697694727881e-04
1.227151905385038752e-03
1.900827180039198943e-03
2.612136116689484609e-03
3.327535668774130647e-03
4.062570174943717222e-03
4.831965850761944098e-03
5.567818480018405652e-03
6.300398616927375961e-03
7.015798169012025902e-03
7.756559536789737336e-03
8.479322196656256458e-03
9.211902333565238910e-03
9.936301239605496716e-03
1.065824577638513349e-02
1.137855406699102116e-02
1.211686106550810722e-02
1.286662178724141264e-02
1.361801875514845675e-02
1.436614323070800787e-02
1.512572142948374714e-02
1.589511710530196187e-02
1.665960404259893973e-02
1.743063596459089662e-02
1.819921351732223594e-02
1.898742602413851926e-02
1.975927606921735330e-02
2.053276236046993816e-02
2.130052179011439339e-02
2.207646245062758542e-02
2.286303871127011444e-02
2.364634247956515570e-02
2.443128249403394778e-02
2.521295001615524514e-02
2.599625378445030027e-02
2.679428376830903999e-02
2.757676941351721450e-02
2.835843693563849452e-02
2.914828568862849745e-02
2.992259010296790395e-02
3.070753011743667174e-02
3.148265265486296233e-02
3.227250140785293403e-02
3.306071391466919307e-02
3.386119826778852954e-02
3.463468455904106236e-02
3.543107829672603737e-02
3.621765455736853517e-02
3.701977515666161900e-02
3.779653394026166735e-02
3.858474644707794721e-02
3.938604892328416429e-02
4.017835204553479866e-02
4.097310953704606101e-02
4.176377641312294109e-02
4.255198891993919319e-02
4.334756453453731534e-02
4.415050325691729366e-02
4.494035200990730006e-02
4.574656322463476615e-02
4.654459320849351628e-02
4.734425943852598601e-02
4.814638003781908371e-02
4.894195565241721974e-02
4.974653062097094541e-02
5.053637937396095181e-02
5.134749932720967386e-02
5.213816620328654700e-02
5.293455994097154976e-02
5.373913490952526850e-02
5.454125550881835233e-02
5.534583047737207800e-02
5.614795107666516877e-02
5.693289109113399554e-02
5.773501169042720427e-02
5.853631416663349768e-02
5.932534479653672754e-02
6.011437542643994353e-02
6.083386559395903559e-02
6.149935963774454811e-02
6.206913328036599287e-02
6.249082664426350298e-02
6.292151936211660967e-02
6.349292925091178097e-02
6.401934236992895544e-02
6.460302410502720416e-02
6.509589417748261331e-02
6.568448465110211798e-02
6.619044469294745048e-02
6.673076590444144973e-02
6.726863274667482795e-02
6.775086721900090703e-02
6.833782144644666434e-02
6.883723650359700741e-02
6.935955900717981348e-02
6.986142843359083310e-02
7.049174318464083988e-02
7.099606698031248053e-02
7.170410342461534803e-02
7.230251137527729521e-02
7.297945914227901842e-02
7.344451302978080576e-02
7.403228538031342287e-02
7.456851597637306761e-02
7.510883718786712238e-02
7.555425612128394142e-02
7.597022262357330802e-02
7.642136841859827057e-02
7.697068898404786641e-02
7.743983348698398050e-02
7.790979611300699603e-02
7.844029984745853890e-02
7.890698998113408746e-02
7.930741214477293743e-02
7.969719870828251285e-02
8.009434837957393749e-02
8.060603528302739962e-02
8.113081215587088224e-02
8.163513595154248126e-02
8.219836460946892964e-02
8.279186382160962088e-02
8.348517405034880379e-02
8.441328560502034395e-02
8.520395248109731423e-02
8.582199538584421583e-02
8.640894961328995927e-02
8.715052910415460596e-02
8.768757782330111050e-02
8.824180712727199005e-02
8.879767267741656145e-02
8.938299065868858528e-02
8.987995134657834895e-02
9.052008357467083988e-02
9.110949217137721823e-02
9.164163215200250845e-02
9.218931647127837081e-02
9.295871214709663932e-02
9.342131166533776399e-02
9.384055065997466694e-02
9.438250811764244130e-02
9.521244490188929266e-02
9.588612017654352115e-02
9.655488671267653533e-02
9.722610761807011504e-02
9.784087803046953580e-02
9.844337659656586526e-02
9.901151399301361122e-02
9.960337695898059673e-02
1.000430690307893417e-01
1.004704892562949675e-01
1.009592687133160638e-01
1.019209233145493831e-01
1.026944096058020617e-01
1.033500861725450970e-01
1.042192928649618711e-01
1.051964918048457626e-01
1.058963470182799488e-01
1.068416391577758778e-01
1.075873092640748097e-01
1.085072395878776269e-01
1.095294352975394597e-01
1.105090886066839168e-01
1.114895600389153030e-01
1.120347899889305859e-01
1.126462879089824287e-01
1.133715049381096712e-01
1.140116371662022315e-01
1.148792076124452860e-01
1.158326809828097714e-01
1.168156067843017232e-01
1.177183565232801654e-01
1.184272110906699760e-01
1.190877963959342256e-01
1.196477525615131099e-01
1.201520763571848338e-01
1.206621270144646457e-01
1.211950851181768513e-01
1.217689493762327269e-01
1.224467152663213654e-01
1.233674637132110702e-01
1.239388736020062831e-01
1.243842925354232687e-01
1.251667781806315993e-01
1.259230838870598612e-01
1.266262115928414589e-01
1.276884953337601991e-01
1.287278716282463376e-01
1.296813449986108924e-01
1.306421814767574074e-01
1.317077377100233648e-01
1.327233884349902360e-01
1.337210404520459972e-01
1.347505992694897070e-01
1.357891574408889024e-01
1.367058152723442943e-01
1.376723786120987170e-01
1.383133289632781371e-01
1.389002831907240332e-01
1.394954186490384163e-01
1.401756389083875787e-01
1.407085970120997565e-01
1.413470929940185417e-01
1.419045947903368188e-01
1.423827386472285295e-01
1.428461562885565417e-01
1.433193914069270658e-01
1.440012479124500033e-01
1.446037464785462912e-01
1.451342502129978063e-01
1.456156665622370672e-01
1.462296188515496975e-01
1.468157549559085118e-01
1.475246095232980725e-01
1.484690835397071695e-01
1.490658552441953555e-01
1.496258114097742675e-01
1.502921235766466468e-01
1.511875102078433508e-01
1.522260683792425462e-01
1.531697242725646724e-01
1.538352183163503584e-01
1.545710709456067367e-01
1.553142866826449642e-01
1.559846894649517257e-01
1.567221783403820734e-01
1.574351235232063217e-01
1.580899819668623030e-01
1.590712715221805351e-01
1.596165014721957764e-01
1.604120770867940304e-01
1.613050093487299608e-01
1.621693073026252707e-01
1.629100686704029743e-01
1.639895329961459369e-01
1.650068199672865832e-01
1.660879205392032654e-01
1.671837473266837848e-01
1.681895805746080608e-01
1.691324183448433827e-01
1.698085479887582183e-01
1.707955644056845523e-01
1.717449471606147804e-01
1.727753241011454333e-01
1.736788919632108186e-01
1.742445749903979435e-01
1.749616107886563243e-01
1.759960783446213595e-01
1.770591802086270150e-01
1.780601047180301322e-01
1.789317657797075412e-01
1.795661711461917776e-01
1.801343085426393431e-01
1.808415268638553230e-01
1.817778196493956000e-01
1.828990082525688843e-01
1.838524816229334946e-01
1.845122488051109122e-01
1.851417454330740453e-01
1.857360627683017629e-01
1.862461134255815332e-01
1.866939867282587928e-01
1.872784865864437487e-01
1.880699715856075926e-01
1.888810915388562939e-01
1.898100212166146938e-01
1.905295113841338761e-01
1.910616513647591108e-01
1.917795052861043792e-01
1.927787935493337490e-01
1.938525310134684987e-01
1.946554697358483799e-01
1.953381443644582605e-01
1.959062817609059370e-01
1.964392398646180871e-01
1.971898187094383581e-01
1.978487677685286661e-01
1.987007938761212178e-01
1.997393520475205519e-01
2.007026428949275354e-01
2.017060217735913430e-01
2.027372168372088557e-01
2.038346798708631780e-01
2.047202490250172313e-01
2.056786311339030282e-01
2.066083789347483435e-01
2.076052128287173004e-01
2.086306810307264059e-01
2.094458915994095172e-01
2.102316497369651482e-01
2.108030596257603195e-01
2.113621976682524828e-01
2.122657655303178126e-01
2.132544181934180050e-01
2.139313659604197282e-01
2.149012017925216456e-01
2.157974065468052927e-01
2.166117989924015164e-01
2.172813836516214459e-01
2.179337877260169309e-01
2.185240144458101275e-01
2.193899486458792403e-01
2.202182491839524137e-01
2.207610247647068535e-01
2.213152540686777747e-01
2.220224723898940045e-01
2.228033217889285322e-01
2.237109802664282998e-01
2.247429934531328388e-01
2.255868383298560986e-01
2.263971401600177735e-01
2.270233642956331066e-01
2.278025774484936372e-01
2.288370450044580340e-01
2.298837844067253555e-01
2.309337963013406991e-01
2.318848153024441749e-01
2.325257656536233730e-01
2.331339910813276239e-01
2.339663822348344580e-01
2.348944937895055263e-01
2.355215360482079412e-01
2.361575776608658972e-01
2.369122471211201342e-01
2.378796285839611668e-01
2.387112016143811410e-01
2.393987849815117919e-01
2.401992693346308438e-01
2.410504773191358696e-01
2.415981616384118014e-01
2.423372867600155911e-01
2.428931523101599543e-01
2.435251033073831672e-01
2.442707734136819187e-01
2.450360784740656384e-01
2.460370029834684502e-01
2.470878330011702650e-01
2.476715147362684999e-01
2.481807472704609385e-01
2.490000484545784321e-01
2.499486130864212730e-01
2.510125330735130111e-01
2.520641812143017968e-01
2.530127458461445822e-01
2.539613104779878117e-01
2.547781572928444760e-01
2.558011711255925302e-01
2.568127312351244917e-01
2.578152919907007457e-01
2.588865750855747772e-01
2.596502438997847495e-01
2.603860965290411000e-01
2.612217601748955675e-01
2.622079584687346254e-01
2.631679768237936701e-01
2.641582657330670547e-01
2.652221857201592092e-01
2.662182014910406957e-01
2.669515997510362726e-01
2.675655520403486531e-01
2.683578551625988573e-01
2.692974204404863792e-01
2.703997922126611386e-01
2.712681807819907198e-01
2.722461978449608466e-01
2.731391301068961108e-01
2.741106021851713037e-01
2.748497273067753710e-01
2.758653780317416593e-01
2.768253963868009260e-01
2.777706885262962722e-01
2.785114498940735039e-01
2.792530293849377343e-01
2.799291590288524589e-01
2.806887372276282711e-01
2.817338403837224003e-01
2.824459674434592893e-01
2.833765333673909925e-01
2.843741853844460876e-01
2.850576781361421896e-01
2.858745249509985764e-01
2.868926300452257494e-01
2.878051972612464260e-01
2.886744039536626727e-01
2.894977957532141599e-01
2.905003565087904693e-01
2.914186505864194143e-01
2.922944022635306505e-01
2.930989772320842790e-01
2.940352700176241951e-01
2.949846527725537570e-01
2.957008704477248617e-01
2.965029910470174390e-01
2.974049226629087439e-01
2.979853319056593453e-01
2.988627198289445230e-01
2.998554631074784593e-01
3.008972937712247608e-01
3.019080357576697238e-01
3.028975065438564984e-01
3.038198912369194926e-01
3.045042021117027597e-01
3.053259576650804163e-01
3.060937170947245489e-01
3.067436667998590938e-01
3.076554158927929383e-01
3.083348180290547136e-01
3.091950253675156413e-01
3.101975861230920062e-01
3.110798827848981762e-01
3.117257418745983388e-01
3.125892217054066502e-01
3.133226199654022825e-01
3.140805619180036534e-01
3.149767666722869119e-01
3.159572381045177569e-01
3.169647075986151696e-01
3.176670171813094634e-01
3.186163999362389698e-01
3.196451406305955700e-01
3.205969777547860722e-01
3.215046362322855344e-01
3.222969393545357941e-01
3.231465110928671280e-01
3.239183611379455319e-01
3.247687509993637534e-01
3.256845907077317026e-01
3.266176110009241795e-01
3.275072707705125596e-01
3.285139221415232513e-01
3.294911210814067681e-01
3.302441542954869802e-01
3.311035435108606872e-01
3.320095657421863189e-01
3.327756889256568984e-01
3.337545241117144679e-01
3.346319120349997567e-01
3.352728623861785384e-01
3.360954360626431381e-01
3.368771035847639705e-01
3.378829368326877747e-01
3.387104192476736442e-01
3.397326149573350329e-01
3.406664533736143419e-01
3.417001028064921009e-01
3.425136771290012150e-01
3.433182520975546215e-01
3.441604607281042449e-01
3.448619521877115957e-01
3.457107058029560975e-01
3.466339086191056462e-01
3.475873819894703121e-01
3.485621265600932772e-01
3.494280607601619182e-01
3.502555431751477322e-01
3.510323019587475168e-01
3.519522322825496818e-01
3.529531567919523272e-01
3.536472851437783005e-01
3.543635028189492941e-01
3.549717282466535728e-01
3.556609478599580543e-01
3.565416082755908933e-01
3.574279955528318342e-01
3.584068307388886820e-01
3.592735830620443771e-01
3.601100648309857322e-01
3.608590074296317840e-01
3.615245014734169704e-01
3.624452499203064115e-01
3.634069045215393978e-01
3.643423791839926484e-01
3.652361295690152443e-01
3.660349776759603824e-01
3.668804587988573895e-01
3.675451347195555774e-01
3.684781550127480543e-01
3.694717164143688781e-01
3.704390978772100773e-01
3.711315899828618869e-01
3.718265364577745813e-01
3.726532007496733967e-01
3.733775996557135435e-01
3.743498898570756794e-01
3.753287250431329158e-01
3.762462009976743627e-01
3.769362387340660647e-01
3.777678117644864830e-01
3.786746521188988912e-01
3.793638717322034282e-01
3.801005424845468328e-01
3.809983834850035889e-01
3.817784147609507017e-01
3.826312589916292528e-01
3.835454624538237045e-01
3.843271299759449255e-01
3.852216984840540759e-01
3.860328184373026938e-01
3.868930257757638436e-01
3.876616033284946417e-01
3.883973905079036171e-01
