8.217050843116917910e-04
4.761889254554406902e-04
3.330567672604746953e-04
2.445079727184705314e-04
1.832244522195126024e-04
1.401057977285028984e-04
1.097193394279204876e-04
8.787365968334541564e-05
7.201344854782629917e-05
6.049154439734362530e-05
5.177833742898015442e-05
4.603586019431823642e-05
4.189248404709579966e-05
3.873967920141996286e-05
3.615778887137297617e-05
3.394155390712951323e-05
3.202963930686164172e-05
3.029692975308027016e-05
2.872525464468655946e-05
2.732458204420590414e-05
2.598578277021961050e-05
2.478850859093733678e-05
2.361929836067989402e-05
2.252927173071018224e-05
2.150759214542282647e-05
2.054774434374214510e-05
1.960807263824722985e-05
1.870817313788526563e-05
1.785792518094814752e-05
1.703253358205201887e-05
1.626305891678521122e-05
1.550279736083856494e-05
1.476809593463584728e-05
1.406014672660634658e-05
1.337489593266973086e-05
1.270974512075358725e-05
1.208041521537075757e-05
1.146216477258118216e-05
1.088108358093505496e-05
1.032442056277991198e-05
9.791195982894702681e-06
9.284671988814444885e-06
8.793253775956629564e-06
8.313917004281392380e-06
7.863997395584343872e-06
7.429664395007883236e-06
7.011699636839863749e-06
6.610948503060954149e-06
6.239285720592577049e-06
5.881002796807486333e-06
5.541738140395950310e-06
5.219446270401319000e-06
4.908970501200733641e-06
4.621814050739654037e-06
4.351744135993459421e-06
4.096925666886261836e-06
3.860355473079326404e-06
3.635710410422726239e-06
3.428807866334592888e-06
3.234491121063597765e-06
3.056925920496529775e-06
2.890176613356570436e-06
2.739228312653148127e-06
2.601399143185201797e-06
2.476344832597611294e-06
2.365425946536080943e-06
2.263445897885341443e-06
2.174593148580851603e-06
2.096860419457092312e-06
2.031459354828181058e-06
1.974697005764622950e-06
1.924612322554177426e-06
1.885574409555620601e-06
1.854750405194619579e-06
1.833531431713886658e-06
1.817532115966229640e-06
1.805525929962392956e-06
1.797834507262431655e-06
1.791957536053398514e-06
1.788684956146705661e-06
1.787354872952751571e-06
1.786048227042548221e-06
1.785985772776410076e-06
1.785867043970925396e-06
1.785813552755969648e-06
1.785771750936989253e-06
1.785702893639724302e-06
1.785669764468995915e-06
1.783713053013468445e-06
1.783107973439739632e-06
1.783088742931681559e-06
1.782991824436229703e-06
1.782919009047570785e-06
1.782823109631324123e-06
1.782743091829251426e-06
1.782670997075449491e-06
1.782635176529193367e-06
1.782526798491219704e-06
1.782440499134369417e-06
1.781546232777115888e-06
1.781480385086297102e-06
1.781370937119593780e-06
1.781343141503007869e-06
1.781316503962977609e-06
1.781290846548526079e-06
1.781251396207879118e-06
1.781207318174138180e-06
1.781186774394807643e-06
1.781196179324402817e-06
1.781138211022922401e-06
1.781113417645020936e-06
1.781079365078600830e-06
1.781074112251352038e-06
1.781063077304689801e-06
1.781054282745836808e-06
1.781049383377553993e-06
1.781050955080524087e-06
1.780970237017927351e-06
1.780942643528124583e-06
1.780932776113139102e-06
1.780760757686710163e-06
1.780765816171484831e-06
1.780725041093563943e-06
1.780620544787039014e-06
1.780552567544656942e-06
1.780467826947369197e-06
1.779643268893515484e-06
1.779569079050342385e-06
1.779409717834802694e-06
1.779299068232705215e-06
1.779124263704028234e-06
1.779037592337655312e-06
1.778987250824625485e-06
1.778959127503850030e-06
1.778949750995590110e-06
1.778878035509381551e-06
1.778746323221208178e-06
1.778664656779347307e-06
1.778649538513933350e-06
1.778566173579443816e-06
1.778551227054119481e-06
1.778502151216691428e-06
1.778475187773897038e-06
1.778323713106507115e-06
1.777409859376752205e-06
1.777317252387156334e-06
1.777226668761085225e-06
1.777188160979103744e-06
1.777107255956688408e-06
1.777046018189752905e-06
1.777025599833899167e-06
1.777025188517993456e-06
1.777003291525352986e-06
1.776952539344570024e-06
1.776886122184771912e-06
1.776797179445918284e-06
1.776763201067406142e-06
1.776677537427006683e-06
1.776678111521847021e-06
1.776578008278953060e-06
1.776384811232541365e-06
1.776297922913220654e-06
1.776216302332616165e-06
1.776239501220082101e-06
1.776040980142685686e-06
1.775903436301388071e-06
1.772215065399005737e-06
1.771983044272922321e-06
1.771943948601887528e-06
1.771894045412657328e-06
1.771924350676637398e-06
1.771883993964344033e-06
1.771831706931565934e-06
1.771563341211320121e-06
1.771372540885693663e-06
1.771314235583573256e-06
1.771167073930700076e-06
1.771052484689665533e-06
1.770926850126723380e-06
1.770536210037128723e-06
1.770541052499917868e-06
1.770511964318929736e-06
1.770454683841406817e-06
1.770270444095236313e-06
1.770191690734354630e-06
1.769985214598838886e-06
1.770013492114507016e-06
1.769958722907010475e-06
1.769852833231663818e-06
1.769763908043896981e-06
1.769738794004336474e-06
1.769694267837393322e-06
1.769676573967841456e-06
1.769699069375167710e-06
1.769673213470419969e-06
1.769666582061555664e-06
1.769627752541863543e-06
1.769558319219085775e-06
1.769377065636837354e-06
1.769228476924647739e-06
1.768945460604541036e-06
1.768899615257986222e-06
1.768838604275155444e-06
1.768735822755660148e-06
1.768653770589844643e-06
1.768602954301307000e-06
1.768444677413636520e-06
1.768263593966534304e-06
1.768098293181186183e-06
1.767931458172214951e-06
1.767669029335243382e-06
1.767426366430076047e-06
1.767355477047160858e-06
1.767216695783524634e-06
1.767232362951632061e-06
1.767042856150145070e-06
1.767006469067527843e-06
1.765804882455896238e-06
1.765439887099286262e-06
1.765459615626160650e-06
1.765335020673608290e-06
1.765112457007804165e-06
1.764897971245626617e-06
1.763300043936210446e-06
1.762871568596109686e-06
1.762581211925576192e-06
1.762225809098285219e-06
1.762015429244686629e-06
1.761983823330434438e-06
1.761753044403307261e-06
1.761535283992831218e-06
1.761402815780791930e-06
1.761028968570798777e-06
1.760832125612727439e-06
1.760799852364124677e-06
1.760834255819695384e-06
1.760803008028300479e-06
1.760785611366130355e-06
1.760805891565558419e-06
1.760765564632018675e-06
1.760405365710692612e-06
1.760281706730560019e-06
1.760201440513115441e-06
1.760190389438678650e-06
1.760220633300862386e-06
1.759800578577078942e-06
1.759701226269274171e-06
1.759694072109516652e-06
1.759592624242972445e-06
1.759611382880826652e-06
1.759488955394106334e-06
1.759189303348982529e-06
1.758704999942914768e-06
1.758525075864113565e-06
1.758412450730958332e-06
1.758408297455659783e-06
1.758342561319762647e-06
1.758115200064077011e-06
1.756658977639574041e-06
1.756483013949933408e-06
1.756302284698982438e-06
1.755976632296965030e-06
1.755676230888808127e-06
1.755476093375921437e-06
1.754012562316792119e-06
1.753922540869574056e-06
1.753716502936515810e-06
1.752901613037291480e-06
1.752724564976342400e-06
1.752573059204901249e-06
1.752503740458649247e-06
1.752380378544963760e-06
1.752165503404422913e-06
1.751782101567701894e-06
1.751530340041010825e-06
1.750794610941187823e-06
1.750629529958676004e-06
1.750569767034372531e-06
1.750505099680320537e-06
1.750515302934829433e-06
1.750369084012342840e-06
1.750285793185156979e-06
1.750312655195332207e-06
1.750232346343118657e-06
1.750199207870638244e-06
1.750214117384036538e-06
1.750080889865596317e-06
1.750135724669690056e-06
1.749982021701623095e-06
1.749926630531418523e-06
1.749544936935709561e-06
1.749240520360343214e-06
1.749213376473336353e-06
1.749115126936406077e-06
1.748791639328168246e-06
1.747488710925024266e-06
1.746859907176302596e-06
1.746126542494609255e-06
1.745912748529529169e-06
1.745670058162091281e-06
1.745073090690035636e-06
1.744426098687918434e-06
1.744133081952821004e-06
1.743767209705574094e-06
1.743586058163526227e-06
1.743232078107711456e-06
1.742238735931632936e-06
1.742267841040908674e-06
1.742130172623063233e-06
1.741375166436522328e-06
1.740857822562520959e-06
1.740363983509756707e-06
1.739993892225785673e-06
1.740087476225115485e-06
1.739995373334049585e-06
1.739979340248331725e-06
1.740010867379115215e-06
1.739740529806339366e-06
1.739180536835779610e-06
1.738426326602163501e-06
1.738292022674823962e-06
1.737178088417228943e-06
1.736564762995906290e-06
1.735922314063090428e-06
1.735548990780531321e-06
1.735072279041947659e-06
1.734930861609683024e-06
1.734353006127934230e-06
1.733909725806237566e-06
1.732033493033977400e-06
1.731316353155199914e-06
1.729509312296394642e-06
1.728668341246981570e-06
1.727439023489002885e-06
1.726500771012084459e-06
1.726353321791600014e-06
1.725683306844016934e-06
1.725365599868651843e-06
1.724692280426375984e-06
1.724456279541325495e-06
1.724424367634831862e-06
1.724295337749334342e-06
1.723258639806074537e-06
1.722866987950435815e-06
1.721981962756966228e-06
1.721454102909731706e-06
1.721304065634084381e-06
1.720936843521000476e-06
1.720770658216408633e-06
1.720706575914917474e-06
1.720546406075642448e-06
1.720535906595130535e-06
1.720118068188937428e-06
1.719850173225417732e-06
1.719837078657398644e-06
1.719800844783122960e-06
1.718677652425167540e-06
1.718745622698496464e-06
1.718524493703453403e-06
1.717852849368301630e-06
1.717539994263773356e-06
1.716281579063860326e-06
1.715994371343324029e-06
1.715356978368621035e-06
1.715207400089657229e-06
1.715096378887006221e-06
1.714786627361735966e-06
1.713471319209670536e-06
1.713250294376817721e-06
1.711971325107288514e-06
1.711606467698418165e-06
1.710905084233463688e-06
1.709819064911132629e-06
1.709406229352867928e-06
1.708882124946804550e-06
1.707880398459666813e-06
1.707109178728093402e-06
1.706956141605839214e-06
1.706891819511954959e-06
1.706798203040102196e-06
1.706437364276815336e-06
1.705628975090513300e-06
1.705050870052289743e-06
1.704437589999377140e-06
1.704345555901975218e-06
1.704077965954991028e-06
1.704034611815712200e-06
1.703909201962889402e-06
1.703113522404791513e-06
1.701776399877899036e-06
1.701649498092050590e-06
1.700936548278600685e-06
1.698842451607812295e-06
1.698418697318024525e-06
1.697158249133204070e-06
1.695821839580507944e-06
1.694612115402934898e-06
1.694092542465064347e-06
1.693182205933397780e-06
1.691774039536170798e-06
1.690433105504712910e-06
1.689813071103125611e-06
1.688926097736057390e-06
1.686982650344303289e-06
1.684593329335217079e-06
1.684527217947441583e-06
1.683016892707926097e-06
1.681513231657395341e-06
1.681977710737877064e-06
1.681995257795532286e-06
1.678302387956907272e-06
1.677597915877549209e-06
1.675418070566437815e-06
1.671448766002095849e-06
1.671387724834429033e-06
1.670270987118755734e-06
1.670296250857624959e-06
1.667691312329531995e-06
1.667280440586073418e-06
1.666705261930923502e-06
1.665526383786148292e-06
1.664921117660484089e-06
1.663295719550585451e-06
1.662010930124411752e-06
1.661498401331202924e-06
1.660289863181375568e-06
1.656975716899893073e-06
1.654630401175372943e-06
1.652837251635048767e-06
1.652429762956248758e-06
1.652447422310204981e-06
1.650273600376594716e-06
1.649140526365639412e-06
1.648595449029399125e-06
1.649134216475694595e-06
1.650607474530399250e-06
1.651475375393820895e-06
1.648227625272032780e-06
1.644820101901000252e-06
1.635094493760284338e-06
1.634593848440831637e-06
1.632138398738487966e-06
1.629995081154257943e-06
1.629477971314086013e-06
1.628772323396747958e-06
1.620131209819960908e-06
1.610546998468442990e-06
1.604101124961283582e-06
1.602155569156640706e-06
1.599282414177858741e-06
1.595821858190312126e-06
1.594495406951685776e-06
1.594391922938953448e-06
1.587590929072992507e-06
1.580064135484075670e-06
1.577903093746191621e-06
1.576845898150798054e-06
1.572706775537023871e-06
1.563158279732344561e-06
1.559781366076891150e-06
1.546076528283268454e-06
1.515610745411591580e-06
1.512228056567155710e-06
1.509003906650140410e-06
1.505545229088717473e-06
1.505800703675334875e-06
1.497445791487296609e-06
1.495184399973794334e-06
1.473858921893247429e-06
1.468088004050332258e-06
1.459975949811525641e-06
1.468144173655243102e-06
1.461859657112534060e-06
1.466013005898091330e-06
1.461487332199189435e-06
1.438224285789583946e-06
1.437620553001207577e-06
1.440065350466601304e-06
1.447128033423331635e-06
1.448846339749217650e-06
1.439124529386906918e-06
1.431534470155402458e-06
1.433037018334070121e-06
1.431423637543720455e-06
1.438767593696192012e-06
1.462387323406921442e-06
1.442802127656809638e-06
1.469238585960261713e-06
1.471247483885944553e-06
1.513193766592682521e-06
1.569193250029550036e-06
1.597583959315617927e-06
1.599262716611303407e-06
1.747290562168078069e-06
1.860745069275599470e-06
2.192822904334513709e-06
2.196101078651682080e-06
2.435024977583775800e-06
3.106777015231022944e-06
3.963180374120890848e-06
5.878283894048908029e-06
