1.315905306379085982e+00
1.316481794293968388e+00
1.317632099934301859e+00
1.319351967074447129e+00
1.321637350020234747e+00
1.324486306611438291e+00
1.327900339225354998e+00
1.331884726738654878e+00
1.336447740658942784e+00
1.341599027452636816e+00
1.347347732123482134e+00
1.353701033422182176e+00
1.360663624436216690e+00
1.368238348887580447e+00
1.376427802532000033e+00
1.385236367186100992e+00
1.394671979970573572e+00
1.404747011246971988e+00
1.415477910335529055e+00
1.426883683209294817e+00
1.438983653388093309e+00
1.451795193454794797e+00
1.465332118139027751e+00
1.479604198400230386e+00
1.494617867721464322e+00
1.510377779635281303e+00
1.526888581755751151e+00
1.544156199870429402e+00
1.562188104307426162e+00
1.580992401221662735e+00
1.600576026080153591e+00
1.620942661782931671e+00
1.642091133027777428e+00
1.664014887358095107e+00
1.686702800200028163e+00
1.710141056173494212e+00
1.734315424919137483e+00
1.759213018183243271e+00
1.784822674301849821e+00
1.811133459130151557e+00
1.838131294572508789e+00
1.865794258553384655e+00
1.894087467299093719e+00
1.922958529839640551e+00
1.952334331369462550e+00
1.982119440778002062e+00
2.012195914017763432e+00
2.042423870391870455e+00
2.072642103841531469e+00
2.102668210190589360e+00
2.132298197030177977e+00
2.161306123099532961e+00
2.189444765460000664e+00
2.216448438165619095e+00
2.242038786801049621e+00
2.265933701980950676e+00
2.287858612999157604e+00
2.307558610361437168e+00
2.324809379069056714e+00
2.339424994068548092e+00
2.351261269514995256e+00
2.360214416729491393e+00
2.366215956459560843e+00
2.369225793472799158e+00
