1.315541923690725802e-05
5.911102927270047965e-04
1.166610796956485613e-03
1.771563732313369971e-03
2.364244821367167144e-03
2.963470895115942038e-03
3.566787584299079689e-03
4.170104273482222110e-03
4.795510286010916563e-03
5.443005621885165651e-03
6.103590927149371917e-03
6.748631893763005173e-03
7.402672214332241089e-03
8.065711888857065789e-03
8.733660301903128226e-03
9.412244315078529405e-03
1.005483091243154596e-02
1.073259680252007867e-02
1.139809084630552007e-02
1.206767550552532813e-02
1.273971453400574681e-02
1.340439045470431800e-02
1.408052009861910508e-02
1.475092288092576774e-02
1.541641692471117792e-02
1.609009219936533008e-02
1.676540372019321226e-02
1.748980262623344925e-02
1.819783907053623001e-02
1.892469234583708457e-02
1.963354691322673901e-02
2.035303708074574086e-02
2.106107352504852856e-02
2.179201741578373763e-02
2.250496259860775006e-02
2.322690713538736601e-02
2.395294228760134342e-02
2.466588747042536972e-02
2.536737893003317146e-02
2.608277848211782227e-02
2.680963175741867682e-02
2.753812127889327527e-02
2.827970076975783176e-02
2.898119222936563696e-02
2.968841055058150588e-02
3.040135573340552871e-02
3.113066337796695573e-02
3.185751665326778947e-02
3.257864306696052481e-02
3.329077012669763580e-02
3.399062534013171100e-02
3.471747861543252045e-02
3.542060632121408342e-02
3.612782464242997316e-02
3.683831545599335761e-02
3.754553377720925428e-02
3.826256957546763510e-02
3.893297235777427867e-02
3.960419326316780286e-02
4.025087047595515138e-02
4.092863636604367888e-02
4.158594917896037135e-02
4.223262639174774763e-02
4.286375926588451013e-02
4.351043647867186559e-02
4.416611304541483152e-02
4.480379090424656957e-02
4.547337556346634641e-02
4.617323077690040772e-02
4.683627045142519513e-02
4.749685575668938231e-02
4.815498669269294846e-02
4.879593704387217429e-02
4.941725244096649428e-02
5.006965651536196549e-02
5.073678680532110741e-02
5.138755463354282432e-02
5.204568556954642516e-02
5.271690647493994936e-02
5.338076427255162432e-02
5.399226219260348791e-02
5.462175882056651693e-02
5.525861855631140906e-02
5.587011647636326572e-02
5.650779433519504541e-02
5.711765600907319634e-02
5.773569891382011876e-02
5.834474246461141683e-02
5.897751158492202384e-02
5.957346516632337080e-02
6.020459804046019575e-02
6.081200534507778116e-02
6.143659323451968607e-02
6.204154616987662962e-02
6.268985962883777407e-02
6.331935625680090718e-02
6.394967100785088621e-02
6.459143948211711062e-02
6.520866426377711078e-02
6.583652464556652428e-02
6.647174813513771763e-02
6.711597097866456307e-02
6.775201259132265785e-02
6.840605291189194581e-02
6.902655018589945457e-02
6.965768306003627952e-02
7.030026965738933598e-02
7.095430997795861006e-02
7.158544285209544888e-02
7.223293818796976129e-02
7.287225229297529527e-02
7.352302012119710239e-02
7.417378794941886788e-02
7.480655706972944019e-02
7.545977926721181284e-02
7.609582087986985210e-02
7.671140941535614655e-02
7.737608533605476457e-02
7.801049070253907036e-02
7.866780351545585304e-02
7.931202635898260134e-02
7.993334175607696990e-02
8.056938336873500917e-02
8.121196996608813501e-02
8.185455656344119146e-02
8.246850885275369691e-02
8.313400289653921638e-02
8.377822574006600631e-02
8.441835796815842785e-02
8.503149213438408738e-02
8.564708066987038182e-02
8.631175659056895821e-02
8.696416066496447106e-02
8.762147347788123986e-02
8.826160570597368915e-02
8.892464538049857370e-02
8.958359443958908985e-02
9.021718168298660523e-02
9.084258769551531443e-02
9.147699306199963409e-02
9.213348775182952921e-02
9.278098308770384162e-02
9.343829590062063817e-02
9.407924625179997502e-02
9.473737718780358974e-02
9.539059938528608729e-02
9.602827724411788779e-02
9.669704378025087421e-02
9.736008345477578652e-02
9.801739626769254143e-02
9.865425600343752377e-02
9.930338758548552802e-02
9.995006479827299450e-02
1.005893789032785840e-01
1.012524185778034824e-01
1.018966414213303140e-01
1.025588629727683526e-01
1.032636269247237254e-01
1.039283028454223573e-01
1.045618900888198449e-01
1.052110216708679047e-01
1.058716069761322098e-01
1.065191023120065222e-01
1.071592345400989993e-01
1.078059117528864519e-01
1.084681333043244766e-01
1.091099017785907149e-01
1.098097569920248179e-01
1.104482529739436308e-01
1.111129288946422489e-01
1.117628785997771962e-01
1.124169189203464564e-01
1.130709592409158970e-01
1.137487251310043829e-01
1.144027654515736847e-01
1.150379889411449613e-01
1.157149367081468649e-01
1.163558870593261740e-01
1.170001099028530611e-01
1.176296065308162497e-01
1.183335523596848460e-01
1.189540496336923825e-01
1.195810918923949223e-01
1.202384047053115801e-01
1.208785369334041404e-01
1.215456672233634489e-01
1.222348868366681801e-01
1.228455666336333574e-01
1.234873351078996095e-01
1.241307398283394980e-01
1.247659633179108024e-01
1.254232761308275157e-01
1.260764983283099161e-01
1.267059949562730770e-01
1.273551265383211506e-01
1.280189843359330615e-01
1.286648434256336127e-01
1.292967944228573252e-01
1.299352904047761381e-01
1.305852401099110716e-01
1.312270085841772682e-01
1.318605958275749224e-01
1.325080911634491931e-01
1.331588589916709031e-01
1.338030818351977902e-01
1.344358509555084735e-01
1.350825281682958845e-01
1.357414772273864423e-01
1.363824275785658069e-01
1.370331954067876556e-01
1.376847813580964197e-01
1.383388216786657354e-01
1.389650458142813183e-01
1.396509929352386936e-01
1.402772170708543042e-01
1.409157130527731172e-01
1.415672990040818535e-01
1.422671542175160952e-01
1.428974689685660882e-01
1.435408736890059767e-01
1.441998227480966177e-01
1.448481362070578315e-01
1.455201752355384515e-01
1.461668524483259735e-01
1.468045303071576491e-01
1.474512075199451711e-01
1.481600620873349816e-01
1.488067393001223926e-01
1.494673246053868365e-01
1.501189105566954896e-01
1.507606790309617140e-01
1.514171737207916646e-01
1.520793952722296616e-01
1.527113462694534296e-01
1.533514784975458234e-01
1.539997919565070650e-01
1.546636497541188093e-01
1.553095088438193883e-01
1.559545498104330241e-01
1.565783195767880553e-01
1.572241786664886065e-01
1.578970358180560307e-01
1.585199874613241466e-01
1.591879358743701345e-01
1.598354312102447383e-01
1.605066521156382764e-01
1.611606924362076199e-01
1.618286408492536355e-01
1.624769543082148215e-01
1.631539020752165448e-01
1.638038517803514504e-01
1.644685277010501101e-01
1.651086599291426704e-01
1.658019701578818950e-01
1.664396480167135706e-01
1.670666902754163186e-01
1.677477286578522853e-01
1.683788615319892212e-01
1.690459918219483770e-01
1.696812153115196120e-01
1.703090756933089422e-01
1.709876597064843851e-01
1.716376094116193185e-01
1.723178296709686197e-01
1.729538712836267700e-01
1.736005484964141532e-01
1.742586794324179622e-01
1.749421721841144806e-01
1.756068481048131125e-01
1.762674334100773621e-01
1.769182012382990998e-01
1.775918765129533838e-01
1.782581886798257631e-01
1.789245008466980591e-01
1.795899948904836618e-01
1.802391264725316800e-01
1.808759862082766900e-01
1.815332990211934727e-01
1.821619775260695795e-01
1.828094728619439058e-01
1.835101461984649796e-01
1.841756402422504713e-01
1.848149543472561163e-01
1.854706309139990961e-01
1.861393974501321658e-01
1.868171633402207210e-01
1.875129279382206360e-01
1.881726951203980536e-01
1.888520972566603562e-01
1.895184094235327632e-01
1.902264458678355197e-01
1.909524810200496359e-01
1.916482456180494121e-01
1.923750988933503048e-01
1.931232233689098576e-01
1.938189879669097726e-01
1.945163888110832684e-01
1.952096990398222431e-01
1.959602778846424587e-01
1.966797680521615577e-01
1.973902588657250601e-01
1.981441102028928258e-01
1.988791447090624276e-01
1.995896355226257635e-01
2.003132163055793558e-01
2.010907932122662223e-01
2.018364633185652235e-01
2.025453178859549785e-01
2.032926242384277549e-01
2.040456574525085220e-01
2.048101443898056595e-01
2.055623594807995391e-01
2.063170289410541647e-01
2.070618809242664171e-01
2.078124597690867437e-01
2.085884004295998628e-01
2.093700679517211394e-01
2.101157380580202239e-01
2.108900424723597344e-01
2.116847999638711009e-01
2.124779212092087477e-01
2.132734968238071682e-01
2.140641636998840969e-01
2.148597393144822398e-01
2.156512243136463058e-01
2.164255287279857609e-01
2.172292855734527517e-01
2.179569569718405042e-01
2.187525325864389247e-01
2.195448357086895730e-01
2.203281394769845969e-01
2.211449862918414833e-01
2.219184725830941896e-01
2.227091394591712015e-01
2.235104419353775851e-01
2.243207437655396208e-01
2.251662248884367667e-01
2.259487105336447366e-01
2.267361049173740872e-01
2.275848585326186446e-01
2.284123409476045141e-01
2.292480045934586208e-01
2.300763051315314334e-01
2.309103325312124311e-01
2.317337243307639461e-01
2.325693879766185246e-01
2.334165053456887795e-01
2.342750764379760431e-01
2.351262844224812909e-01
2.359774924069863444e-01
2.368540622071844404e-01
2.377134514225582584e-01
2.385581144223685168e-01
2.394248667455242119e-01
2.402973459302878145e-01
2.411681888688779196e-01
2.420333049458598118e-01
2.429025116382762806e-01
2.437267215609145443e-01
2.446057457303732474e-01
2.454986779923089002e-01
2.463785202848543243e-01
2.472313645155331530e-01
2.481095705619052461e-01
2.490106840547095524e-01
2.498905263472547544e-01
2.508080023017968396e-01
2.517238420101647334e-01
2.526298642414901430e-01
2.535497945652923635e-01
2.544721792583553577e-01
2.553970183206790701e-01
2.563333111062185976e-01
2.572769669995403907e-01
2.581731717538231496e-01
2.590955564468860328e-01
2.600302129862523404e-01
2.609755051257477976e-01
2.619068891727666659e-01
2.628374550966979251e-01
2.637925647132358664e-01
2.647599461760770656e-01
2.657256913927443787e-01
2.666742560245871640e-01
2.676612724415129985e-01
2.686376532583095722e-01
2.695943991210213442e-01
2.705323281527344248e-01
2.714645303228397921e-01
2.724417292627233644e-01
2.733731133097423993e-01
2.743241323108456808e-01
2.752915137736864359e-01
2.762826208060465416e-01
2.772475478996270781e-01
2.782067481315992907e-01
2.791798564560484253e-01
2.801758722269297452e-01
2.811252549818593072e-01
2.821294519836094472e-01
2.831213771390564959e-01
2.840854861095500339e-01
2.850716844033893693e-01
2.860333390046221336e-01
2.869729042825089893e-01
2.879762831611724638e-01
2.889722989320539503e-01
2.899781321799779210e-01
2.909725117046857990e-01
2.919922530450865250e-01
2.930299930933982777e-01
2.939908295715441544e-01
2.950154796504665944e-01
2.960213128983906761e-01
2.970451448542256734e-01
2.980550687175838598e-01
2.990559932269866161e-01
3.000847339213430498e-01
3.011265645850896289e-01
3.021757583566179739e-01
3.031513210503274380e-01
3.041391555903403265e-01
3.051842587464340117e-01
3.062318162717884706e-01
3.072736469355350497e-01
3.083122051069336900e-01
3.093761250940254004e-01
3.104105926499899359e-01
3.114246071287825601e-01
3.124607109309212594e-01
3.134837247636691471e-01
3.145312822890239390e-01
3.156033835069845805e-01
3.166713941095110063e-01
3.177091341578230921e-01
3.187468742061351779e-01
3.198181573010086542e-01
3.209008941190983344e-01
3.219975390296653805e-01
3.230966383094925898e-01
3.241761026352351638e-01
3.252670206841937195e-01
3.263489393791970672e-01
3.274382211819817368e-01
3.285324117232878427e-01
3.296339653723761032e-01
3.307379733907244712e-01
3.318174377164669897e-01
3.329042651499910521e-01
3.340213631377297321e-01
3.351376430023815245e-01
3.362318335436877415e-01
3.373587490084687390e-01
3.384987544426398265e-01
3.395929449839459324e-01
3.407084067255104487e-01
3.418214140978146354e-01
3.429066052851651447e-01
3.440155220420348936e-01
3.451530731069451519e-01
3.462480817713382564e-01
3.473610891436425541e-01
3.484904589776843808e-01
3.495846495189905978e-01
3.506886575373390769e-01
3.518172092482937385e-01
3.529514878208566686e-01
3.540816757779853274e-01
3.551832294270734214e-01
3.562962367993774970e-01
3.574018810638996402e-01
3.584878903743369261e-01
3.595559009768631853e-01
3.606664539799069313e-01
3.617614626443000359e-01
3.628695612780828972e-01
3.639825686503869173e-01
3.650636692223031554e-01
3.661144992400050535e-01
3.672070535351376619e-01
3.682644285375346604e-01
3.693512559710586118e-01
3.704258115582796385e-01
3.714921859146322336e-01
3.725552877786370565e-01
3.736200258888158765e-01
3.746864002451687492e-01
3.757355940166965946e-01
3.767692434495740761e-01
3.777889847899748577e-01
3.788250885921131683e-01
3.798366487016455184e-01
3.808302101032663978e-01
3.818245896279739426e-01
3.827854261061198748e-01
3.837609887998297276e-01
3.847275521395835951e-01
3.856622086789499027e-01
3.865952289721421575e-01
3.875151592959447111e-01
3.883728468152974900e-01
