2.501923002856036929e-02
2.180220124754596658e-02
1.981360172637181699e-02
1.837418352141205122e-02
1.714413918951333132e-02
1.607721934657007148e-02
1.514936809502922567e-02
1.434311171529075758e-02
1.361467905663463901e-02
1.294326903745692675e-02
1.232027436771159987e-02
1.174521800860670907e-02
1.121051665209348534e-02
1.070789334212872250e-02
1.023602440701103233e-02
9.794931036090715262e-03
9.382939701372139049e-03
8.993045894785771377e-03
8.623527421470045251e-03
8.272727124873717822e-03
7.939690764377706211e-03
7.625209117273831251e-03
7.326680588067924563e-03
7.044695271769220099e-03
6.776853495934759622e-03
6.522966309922105174e-03
6.282136258548533941e-03
6.053512563516648751e-03
5.835942663101896521e-03
5.628410041906057107e-03
5.430479949719062283e-03
5.241446125568278297e-03
5.060490565772667385e-03
4.887143037125648085e-03
4.721601804109762900e-03
4.562939847439846826e-03
4.411521603813181591e-03
4.266483064855546015e-03
4.128069709160773343e-03
3.995634437789924616e-03
3.869186855521031341e-03
3.748393543781791334e-03
3.632786981970737624e-03
3.522357376823987210e-03
3.416329418890429355e-03
3.314673481712414934e-03
3.217515280705222740e-03
3.124370810744545729e-03
3.035308041340144865e-03
2.950038970273718888e-03
2.868112910694035293e-03
2.789890841052727194e-03
2.714895779803048245e-03
2.643120832022699106e-03
2.574412388807356851e-03
2.508560927477763384e-03
2.445542455695920003e-03
2.384918564225662046e-03
2.326697365919641776e-03
2.270642009824736744e-03
2.216563044844221172e-03
2.164507641951050020e-03
2.114425371467059007e-03
2.066127769275742567e-03
2.019595174967448413e-03
1.974977623069854981e-03
1.932168864046653837e-03
1.891334555536766920e-03
1.852492048499167860e-03
1.815511261033899478e-03
1.780131636957412930e-03
1.746335474343826272e-03
1.714147781710650704e-03
1.683355176371101629e-03
1.653930773953425073e-03
1.625700445627495513e-03
1.598999683033138983e-03
1.573464352436657011e-03
1.549144360881941213e-03
1.525964448179281761e-03
1.503871330330886500e-03
1.482767474045671276e-03
1.462629184094682870e-03
1.443453642944150751e-03
1.425266924022618089e-03
1.407910051838074262e-03
1.391209191793975689e-03
1.375039670356334670e-03
1.359497615881247569e-03
1.344539235128808415e-03
1.330117668171297823e-03
1.316253824567584652e-03
1.302787743791152929e-03
1.289835261955991864e-03
1.277336787703980394e-03
1.265123308044160434e-03
1.253351040031634462e-03
1.241847824206170027e-03
1.230678153471220998e-03
1.219801418170307150e-03
1.209250256091675465e-03
1.198988553016878825e-03
1.189042355718557655e-03
1.179371994660586990e-03
1.169922835063517139e-03
1.160487533103979341e-03
1.151350323107737383e-03
1.142415980758386320e-03
1.133648020199417347e-03
1.125122237736026929e-03
1.116536406182528371e-03
1.108270498479305101e-03
1.100218189715242894e-03
1.092360994985619406e-03
1.084603620592507244e-03
1.076888303539312629e-03
1.069512112545022891e-03
1.062154945232057389e-03
1.054891366903162875e-03
1.047691736989611816e-03
1.040717329326002697e-03
1.033891388499696279e-03
1.027130115100039322e-03
1.020485808537099264e-03
1.013905490516948515e-03
1.007466325941876618e-03
1.001074460004672826e-03
9.947596672393302017e-04
9.885039108142570832e-04
9.823791985575063956e-04
9.763383121045086759e-04
9.703206063294822752e-04
9.644225396961920776e-04
9.585687505211569698e-04
9.528249090742709490e-04
9.471218264768769407e-04
9.414162543182062921e-04
9.358156171371037873e-04
9.303748436133561263e-04
9.249686339422242068e-04
9.196280325801525768e-04
9.143507709474639348e-04
9.090803986008693695e-04
9.039433232391686553e-04
8.988614440873019104e-04
8.937938123906351631e-04
8.888102201948232814e-04
8.838225537741606786e-04
8.788928071607722894e-04
8.739996680150087386e-04
8.692138117417014991e-04
8.644971780809167531e-04
8.598331185615726204e-04
8.552047858180226655e-04
8.505824672474372565e-04
8.460413934659727613e-04
8.415055618466524149e-04
8.368245955416623270e-04
8.323450948742454640e-04
8.279234545218009961e-04
8.235431809756849986e-04
8.191957556836253684e-04
8.149129327755530797e-04
8.106681788716780602e-04
8.064652118973591674e-04
8.022643447698247924e-04
7.981295731991122676e-04
7.939774565047982282e-04
7.898969479918960300e-04
7.858254635058598654e-04
7.818039186059431251e-04
7.777845012642733676e-04
7.738242443955908921e-04
7.698510999841754517e-04
7.659160895472196320e-04
7.620535662992861678e-04
7.582008900615342393e-04
7.543818179670576255e-04
7.505963641920639518e-04
7.468402077711461251e-04
7.430688428898996360e-04
7.393341895805103812e-04
7.356365314821932322e-04
7.319825786755455779e-04
7.283667637399332062e-04
7.247385159001724616e-04
7.211260096625807334e-04
7.175667304450761633e-04
7.140454253766272174e-04
7.105485723852472462e-04
7.070645555198560054e-04
7.035894476626553332e-04
7.001331750952486570e-04
6.967096083471362297e-04
6.933084429669214002e-04
6.899129540968212872e-04
6.865301491943010936e-04
6.831677884396999620e-04
6.798444628194352064e-04
6.765523960360838879e-04
6.732921738593659541e-04
6.700577782210129663e-04
6.668206765280227733e-04
6.636347784507768983e-04
6.604748645721261096e-04
6.573406099057828517e-04
6.542240516808429983e-04
6.511018850417897054e-04
6.480124248622430453e-04
6.449467122572463207e-04
6.418852454737311022e-04
6.388562228411235212e-04
6.358304528488404467e-04
6.328296350608551488e-04
6.298547547113639376e-04
6.269146308306877170e-04
6.239619222358484775e-04
6.210078952117553371e-04
6.181042923691857901e-04
6.152408064350756980e-04
6.123941797929412147e-04
6.095671673744478382e-04
6.067329517397578769e-04
6.039330861927383505e-04
6.011709317079384947e-04
5.984193917016087478e-04
5.954689890791500014e-04
5.927370984635888180e-04
5.900275796981776111e-04
5.873468512620932426e-04
5.846936123286280767e-04
5.820420806224973478e-04
5.793977350250725409e-04
5.767965990620073282e-04
5.742047271364685837e-04
5.716259459738225798e-04
5.690564987478501698e-04
5.665101798738557144e-04
5.639935482162289695e-04
5.614870937581764067e-04
5.589761022839599301e-04
5.565003047827488721e-04
5.540328426610338164e-04
5.515857128625438954e-04
5.491529387565331375e-04
5.467407104361642024e-04
5.443468040638379949e-04
5.419672191558624810e-04
5.396141441558981568e-04
5.372466796582934167e-04
5.348875079697160443e-04
5.325733671942911931e-04
5.302726260716256754e-04
5.279208629814162272e-04
5.256477445221923415e-04
5.234034332012432993e-04
5.211649563419777902e-04
5.189501807520661026e-04
5.167541929092436120e-04
5.145788797367721644e-04
5.124056783254726799e-04
5.102087515165693032e-04
5.080584418359500223e-04
5.059374877051702260e-04
5.038272742399899692e-04
5.017401975438761990e-04
4.995814248239194505e-04
4.974908917425420679e-04
4.954313814909681087e-04
4.933717698325194986e-04
4.913458448417148353e-04
4.893348262186886406e-04
4.873475700194008294e-04
4.853826268159249250e-04
4.834281128847510737e-04
4.814994195841229042e-04
4.795763827681515427e-04
4.776695724946476728e-04
4.757871328671676027e-04
4.739177353561357616e-04
4.720631493635558625e-04
4.702136404396732778e-04
4.683860131860201445e-04
4.665802458539600422e-04
4.647650733616670148e-04
4.629824152253884896e-04
4.612181119857310736e-04
4.594723530319648214e-04
4.577509428811980178e-04
4.560270218464346713e-04
4.543318529544537960e-04
4.526545289496820487e-04
4.509961066106677797e-04
4.492355029630981764e-04
4.475378692748462452e-04
4.459130326532871223e-04
4.443189725932770984e-04
4.427419998182238942e-04
4.411541395321399365e-04
4.396097664191198854e-04
4.380898771531633760e-04
4.365764311589830169e-04
4.350435614889125772e-04
4.335728522056373456e-04
4.321038060139721789e-04
4.306482572346692758e-04
4.292280525900069791e-04
4.278274792276817165e-04
4.264431567763934993e-04
4.250798738045459459e-04
4.237460341212990664e-04
4.224175166958240028e-04
4.210890309159029008e-04
4.198022701129811799e-04
4.185354004236216592e-04
4.172553243614563704e-04
4.159738737077631307e-04
4.147395394340922447e-04
4.135540420285733891e-04
4.123665419184607914e-04
4.110922921108504284e-04
4.099564474659236923e-04
4.087926652007072329e-04
4.076235705308601013e-04
4.065312569941543250e-04
4.054567890074054740e-04
4.044006075004026482e-04
4.032843400401091446e-04
4.022458206727085235e-04
4.012019288979504846e-04
4.002010661095839385e-04
3.992222965669881647e-04
3.981800695702534068e-04
3.972204379811178940e-04
3.962823157789428417e-04
3.953640139127359175e-04
3.944596986636344322e-04
3.935718493355717116e-04
3.926311026539767383e-04
3.916852803715223461e-04
3.908385504774264602e-04
3.900060276458460406e-04
3.891858619952197861e-04
3.883824870731806124e-04
3.875853148161483800e-04
3.868086458184321393e-04
3.860045858435171571e-04
3.852353811579292144e-04
3.844441176107816355e-04
3.837180561480252631e-04
3.829808433835345011e-04
3.822628130245530297e-04
3.814675850212803057e-04
3.807710113604819628e-04
3.801054046736370958e-04
3.794564277664711372e-04
3.787965824805315102e-04
3.781638758903888551e-04
3.774859281734057508e-04
3.768435726581449946e-04
3.762593924909780224e-04
3.756823266714339480e-04
3.750807619633598870e-04
3.745331539959158729e-04
3.739967476620280752e-04
3.734650135699215702e-04
3.729554047832612813e-04
3.724544490673520249e-04
3.718460891966711575e-04
3.713665741822647038e-04
3.708944677574092796e-04
3.704225089294627799e-04
3.699823450205972524e-04
3.695610135547060444e-04
3.691264647155330391e-04
3.687094015634457948e-04
3.683050638193131475e-04
3.679220704199998200e-04
3.675449027434482758e-04
3.671792198024075872e-04
3.668133863352225610e-04
3.664730621863149349e-04
3.661510068498810663e-04
3.658190060772243649e-04
3.654888059990163028e-04
3.651855254563274506e-04
3.649062220165695905e-04
3.646398555193559768e-04
3.643503939131944821e-04
3.641002652584377874e-04
3.638242794842433707e-04
3.635890766731739317e-04
3.633598836563641746e-04
3.631384547063466772e-04
3.628857110201908235e-04
3.626783123327709333e-04
3.624819123186281424e-04
3.622997621418844422e-04
3.619191755289006478e-04
3.617388333846522611e-04
3.615569237591669438e-04
3.613930327823116424e-04
3.612399537567427066e-04
3.610864970839013218e-04
3.609101921043619712e-04
3.607399243993548088e-04
3.606065649029615628e-04
3.604766554041487409e-04
3.603325069199152155e-04
3.602199663010916615e-04
3.601132006684661232e-04
3.599950464855241413e-04
3.598935385813970011e-04
3.597860076171003783e-04
3.596926295525768426e-04
3.595867086163904015e-04
3.595035913119638067e-04
3.594238444443312915e-04
3.593543542820971373e-04
3.592906651797254393e-04
3.591835101301875562e-04
3.590537199427986477e-04
3.589882900648901022e-04
3.589252379801972990e-04
3.588695552311425255e-04
3.588193021059369681e-04
3.587696522905044812e-04
3.587166476220100277e-04
3.586473704715190461e-04
3.585702129493597559e-04
3.584991212167961739e-04
3.584435622502494612e-04
3.584085489776295784e-04
3.583727419327849338e-04
3.583076787636340407e-04
3.582448633363685079e-04
3.582109025086104622e-04
3.581789013449257920e-04
3.581544556734675595e-04
3.581342722770120500e-04
3.580929796308128434e-04
3.580733204283161357e-04
3.580497057715794035e-04
3.580291178532276622e-04
3.580129778123930127e-04
3.579949080615588771e-04
3.579807467683690232e-04
3.579501636564194167e-04
3.579355664470368803e-04
3.579272369957649897e-04
3.579204457049850875e-04
3.579013569502550941e-04
3.578966440549010623e-04
3.578938496602246345e-04
3.578803742328892884e-04
3.578773618089425498e-04
3.578754443790742399e-04
3.578700764634460763e-04
3.578643284914333287e-04
3.578624772066657002e-04
3.578550770697533248e-04
3.578519787039903684e-04
3.578503280226644212e-04
3.578460293425572356e-04
3.578417615311261547e-04
3.578393030966442326e-04
3.578363741413161212e-04
3.578349187513637413e-04
3.578329202741059286e-04
3.578306252778858999e-04
3.578292118125384752e-04
3.578259960871848860e-04
3.578213674611532770e-04
3.578179503170467006e-04
3.578137761702986715e-04
3.578081529334318014e-04
3.578067793832045767e-04
3.578051491738927959e-04
3.578051371619317628e-04
3.578030582095532422e-04
3.577981849692235777e-04
3.577884845164668753e-04
3.577794816156754727e-04
3.577714757968994928e-04
3.577608492386580102e-04
3.577414546910237807e-04
3.577322252873603101e-04
3.577222623478950778e-04
3.577162211892011257e-04
3.577072391933319934e-04
3.576885186031214330e-04
3.576275125261331434e-04
3.575973805730800741e-04
3.575354446340013549e-04
3.574628579408336247e-04
3.574405909516795653e-04
3.574765554678463247e-04
3.575057833524102687e-04
3.575810943299587651e-04
3.579393784515706354e-04
3.599428895246130702e-04
