1.034258823040873132e+00
1.034668561839911183e+00
1.035490006527373996e+00
1.036726991068927850e+00
1.038385021054881063e+00
1.040470993563695545e+00
1.042992846880371083e+00
1.045959158802726607e+00
1.049378715472687684e+00
1.053260074895607357e+00
1.057611150392132382e+00
1.062438839034304250e+00
1.067748718572407940e+00
1.073544833450789104e+00
1.079829586306555012e+00
1.086603745991632453e+00
1.093866576882752906e+00
1.101616087336450001e+00
1.109849387947206667e+00
1.118563143144536642e+00
1.127754092990251644e+00
1.137419616165606717e+00
1.147558300393921149e+00
1.158170483203060375e+00
1.169258724224688795e+00
1.180828170319254244e+00
1.192886776824213069e+00
1.205445352191369279e+00
1.218517399186435535e+00
1.232118733560072732e+00
1.246266870462136689e+00
1.260980179540988289e+00
1.276276821216489665e+00
1.292173488483618238e+00
1.308683990144653864e+00
1.325817721863751686e+00
1.343578080161288213e+00
1.361960880747805858e+00
1.380952845899228398e+00
1.400530225558899167e+00
1.420657613433751854e+00
1.441287012720354754e+00
1.462357196704963780e+00
1.483793397997455132e+00
1.505507347387560202e+00
1.527397670106971583e+00
1.549350634450453512e+00
1.571241235939920378e+00
1.592934590016090057e+00
1.614287597928131479e+00
1.635150844181729290e+00
1.655370679559563962e+00
1.674791441181811891e+00
1.693257760093439312e+00
1.710616907182862079e+00
1.726721129593953741e+00
1.741429931956862909e+00
1.754612259543466113e+00
1.766148543703095264e+00
1.775932573546638915e+00
1.783873161749236047e+00
1.789895576481111084e+00
1.793942715817360645e+00
1.795976005488690852e+00
