1.686215186001793038e-05
5.210116049917570390e-04
1.022588404120297612e-03
1.512159484567246253e-03
2.010306078358189193e-03
2.521315942165125532e-03
3.032325805972061871e-03
3.536475259103802511e-03
4.030334096222747652e-03
4.534483549354486123e-03
5.021481975798233396e-03
5.526488980264373553e-03
6.022062920052117727e-03
6.519351962508663535e-03
7.016641004965208477e-03
7.512214944752954385e-03
8.015506846550295508e-03
8.517083645678836731e-03
9.020375547476174385e-03
9.520237243935900096e-03
1.000895077304843339e-02
1.049937940482975965e-02
1.100181375529268347e-02
1.149653014374601295e-02
1.198781632686174263e-02
1.249453843399666274e-02
1.300211809246598280e-02
1.350112223759130509e-02
1.400955944739502856e-02
1.451199379785795759e-02
1.502128855899607582e-02
1.551943515278699469e-02
1.603816297860350196e-02
1.654145488040082226e-02
1.703274106351655715e-02
1.753517541397948964e-02
1.802989180243282433e-02
1.852889594755815356e-02
1.903990581136507168e-02
1.955005812383759159e-02
2.005849533364131507e-02
2.057550805678903458e-02
2.110709915262153763e-02
2.162496942710365536e-02
2.213512173957617873e-02
2.264698915471749160e-02
2.317000473720599169e-02
2.368015704967851506e-02
2.419716977282622764e-02
2.470903718796754744e-02
2.523462542445925952e-02
2.574477773693177596e-02
2.625750270340749745e-02
2.677880318322721498e-02
2.729838856037812567e-02
2.781197107818823844e-02
2.833069890400476479e-02
2.885199938382447538e-02
2.937244231230978428e-02
2.988430972745110409e-02
3.038417142391082806e-02
3.090804455773374024e-02
3.142848748621906302e-02
3.195236062004197519e-02
3.247451865119609093e-02
3.298124075833101104e-02
3.351540450816671568e-02
3.403155967998004044e-02
3.455800546780614380e-02
3.507416063961947550e-02
3.558002519542005637e-02
3.611075873991820284e-02
3.663034411706918292e-02
3.714735684021695794e-02
3.768923855206231244e-02
3.820453617254129797e-02
3.872154889568907993e-02
3.924542202951204067e-02
3.975471679065022829e-02
4.028373523247958526e-02
4.080332060963055146e-02
4.132290598678152460e-02
4.183734605592609457e-02
4.236979470309306522e-02
4.287051395088722211e-02
4.338581157136620764e-02
4.390625449985158940e-02
4.441211905565217027e-02
4.493856484347832914e-02
4.544785960461648899e-02
4.596916008443625162e-02
4.648960301292163338e-02
4.700404308206618254e-02
4.751076518920115122e-02
4.803549587435852058e-02
4.854050287882467896e-02
4.906094580731004684e-02
4.957195567111701007e-02
5.008553818892717835e-02
5.059397539873094346e-02
5.111613342988510084e-02
5.162285553702006952e-02
5.214672867084299557e-02
5.268003486934436097e-02
5.318847207914809833e-02
5.370205459695825967e-02
5.420191629341802875e-02
5.471464125989378147e-02
5.522736622636955500e-02
5.573666098750770792e-02
5.624081044063948542e-02
5.674839009910886273e-02
5.725939996291581208e-02
5.777126737805718393e-02
5.827370172852012337e-02
5.877699363031749225e-02
5.928371573745246786e-02
5.978529253658099868e-02
6.029372974638479155e-02
6.080388205885736003e-02
6.131060416599230095e-02
6.181303851645526121e-02
6.230861245624304962e-02
6.279818353668999154e-02
6.330833584916258083e-02
6.380305223761595368e-02
6.432521026877009718e-02
6.483622013257706040e-02
6.533693938037123117e-02
6.584537659017500322e-02
6.636238931332270885e-02
6.685967835577928675e-02
6.736211270624226088e-02
6.785854419736445098e-02
6.835326058581776831e-02
6.885397983361192520e-02
6.934269336272451401e-02
6.983740975117790073e-02
7.034327430697849548e-02
7.083713314409739725e-02
7.134900055923874829e-02
7.186429817971769218e-02
7.237102028685264699e-02
7.287431218865000893e-02
7.338274939845376710e-02
7.387746578690711219e-02
7.437475482936369009e-02
7.487976183382984152e-02
7.538819904363361357e-02
7.588120032941814141e-02
7.638449223121550336e-02
7.688692658167854688e-02
7.737392500812217966e-02
7.787121405057872980e-02
7.838479656838892584e-02
7.888294316217984992e-02
7.935450566460443278e-02
7.984836450172341782e-02
8.033965068483907290e-02
8.084036993263327142e-02
8.133251366708348085e-02
8.183151781220876497e-02
8.231765868731812097e-02
8.281151752443711989e-02
8.330108860488404099e-02
8.379151723666544704e-02
8.428108831711239590e-02
8.475179326820264647e-02
8.527052109401911384e-02
8.575151666112214299e-02
8.623422733089398939e-02
8.671265024399364696e-02
8.716363151439264489e-02
8.764891483816768247e-02
8.819508430668496213e-02
8.865892884709991595e-02
8.911848563084293073e-02
8.958576037659553293e-02
9.004617471167289389e-02
9.052288252210390074e-02
9.098329685718119231e-02
9.143342057624574692e-02
9.195129085072792363e-02
9.240655987779886060e-02
9.288241013689542414e-02
9.329823180258396687e-02
9.374235266230780683e-02
9.422334822941078047e-02
9.469405318050097553e-02
9.511845035953363225e-02
9.560630633731170835e-02
9.610016517443070727e-02
9.658459094687132929e-02
9.702099384458551246e-02
9.744024571561167580e-02
9.789808739668588722e-02
9.831305151104012541e-02
9.877603850012074693e-02
9.917985444712772158e-02
9.966513777090268977e-02
1.000809594365913158e-01
1.005413737716686490e-01
1.009932125934020763e-01
1.014339032477882957e-01
1.018583004268208692e-01
1.023075665945510221e-01
1.027619780702876129e-01
1.032086715840146857e-01
1.036399291737224587e-01
1.040943406494590079e-01
1.045607578438772084e-01
1.050340354489705808e-01
1.054995950920543241e-01
1.059368555411029089e-01
1.063629678228043413e-01
1.068336727738944669e-01
1.072863691469623237e-01
1.077536438927148704e-01
1.082603659998498113e-01
1.086761876655384373e-01
1.090594223805198132e-01
1.094838195595523728e-01
1.099219375599353454e-01
1.104758249904622541e-01
1.109422421848804408e-01
1.113520609912281856e-01
1.117661675542480221e-01
1.121631230905797000e-01
1.125849476156090961e-01
1.131173962627760321e-01
1.135220697611174084e-01
1.140185012522396124e-01
1.144394682259346485e-01
1.148784437776519674e-01
1.153071287133565492e-01
1.158052753071474872e-01
1.162073761514856723e-01
1.165734598397790700e-01
1.169575521060949447e-01
1.174376901218635028e-01
1.178595146468928989e-01
1.182942024419383065e-01
1.186774371569197656e-01
1.190452359478819944e-01
1.194370461762074564e-01
1.198074176211729458e-01
1.202215241841926990e-01
1.207436822153468425e-01
1.212092418584306136e-01
1.216516476154856086e-01
1.220846203078621711e-01
1.224935815628755420e-01
1.230191697993672784e-01
1.234469971837375141e-01
1.238996935568052737e-01
1.244244242419625945e-01
1.249997504558494898e-01
1.256076636204435382e-01
1.261135281762441329e-01
1.265910935380094582e-01
1.271243997365107681e-01
1.276800022697064663e-01
1.282862003316318500e-01
1.288881106368850726e-01
1.294076960140360666e-01
1.299221360831805672e-01
1.304845990270515621e-01
1.311190962830119655e-01
1.317295821016093438e-01
1.323091960721682059e-01
1.327764708179207109e-01
1.333303582484476335e-01
1.339785763257585471e-01
1.345787715283429664e-01
1.352132687843035086e-01
1.358366178729167595e-01
1.364711151288771906e-01
1.371184756548535499e-01
1.377709814888363471e-01
1.383694615887521018e-01
1.390305429360788603e-01
1.397207810287752761e-01
1.403895803381117746e-01
1.409957784000368808e-01
1.416491417853542878e-01
1.423127957866844040e-01
1.429018428219213932e-01
1.435877931579461197e-01
1.442917520719929070e-01
1.449699844460078102e-01
1.456182025233185018e-01
1.462381214065944235e-01
1.468528949818636575e-01
1.475114036751874746e-01
1.481999266652149483e-01
1.488824467959019848e-01
1.495701122345952649e-01
1.502046094905558904e-01
1.508322463358410526e-01
1.514461623597760376e-01
1.520232036763317363e-01
1.527288776930474934e-01
1.533633749490080633e-01
1.539961571022994136e-01
1.546529506929543718e-01
1.553320406183036351e-01
1.560377146350193645e-01
1.566867902636645549e-01
1.573581622270040503e-01
1.580544031790414861e-01
1.586545983816259886e-01
1.593336883069753074e-01
1.600470802857003327e-01
1.607141644923680557e-01
1.613838213530390531e-01
1.620491904570379449e-01
1.627008387396864375e-01
1.633336208929779265e-01
1.640084230616552785e-01
1.646832252303324640e-01
1.653408763723218655e-01
1.659479319855814983e-01
1.666355974242745563e-01
1.673043967336108884e-01
1.679466119515811706e-01
1.685931149262231699e-01
1.692421905548682493e-01
1.698818331188352848e-01
1.705626381468532959e-01
1.712082835701612960e-01
1.718659347121504199e-01
1.725484548428372067e-01
1.732146814981703475e-01
1.738817657048384036e-01
1.745462772575027133e-01
1.752279398368550012e-01
1.758632946441499867e-01
1.764652049494033481e-01
1.771605883501060352e-01
1.778594019561463568e-01
1.785522127028461303e-01
1.791952854721506061e-01
1.798795207055063072e-01
1.805260236801482787e-01
1.811382246014145159e-01
1.818198871807669426e-01
1.825212734408107884e-01
1.832029360201632429e-01
1.838794532915090374e-01
1.845413921901704613e-01
1.851750318947965324e-01
1.858035262914163321e-01
1.864337357907047688e-01
1.870845265220189013e-01
1.877430352153426074e-01
1.884101194220102471e-01
1.890651979099963742e-01
1.897194188466481690e-01
1.903787850913061241e-01
1.910347211306263060e-01
1.916649306299149091e-01
1.923062882965507481e-01
1.929768027085558002e-01
1.936010093485036609e-01
1.942629482471650015e-01
1.949403230698453227e-01
1.956031195198410788e-01
1.962367592244669001e-01
1.968721140317618856e-01
1.975580643677862791e-01
1.981977069317532869e-01
1.988545005224080786e-01
1.995198696264069427e-01
2.001629423957113352e-01
2.008240237430381769e-01
2.014628087556706582e-01
2.021075966276436320e-01
2.027438089862729775e-01
2.033740184855615252e-01
2.040368149355572258e-01
2.046738848455207371e-01
2.053195302688284041e-01
2.059643181408017387e-01
2.066022456021000264e-01
2.072350277553915154e-01
2.078420833686514257e-01
2.084525691872487763e-01
2.090733456218587805e-01
2.096366661170642187e-01
2.102445792816584336e-01
2.108602104082617779e-01
2.114689811241905470e-01
2.120554555054245949e-01
2.126324968219803768e-01
2.132258316138894993e-01
2.138157362004612649e-01
2.143987803763577338e-01
2.149732490389102413e-01
2.155502903554659677e-01
2.161341920826969076e-01
2.166897946158926891e-01
2.172453971490883595e-01
2.177984270282809776e-01
2.183085793407535391e-01
2.188247345125668153e-01
2.194017758291226250e-01
2.199436575409682570e-01
2.204752486368006248e-01
2.210248483106556916e-01
2.215881688058607690e-01
2.221480590957285728e-01
2.226976587695836118e-01
2.232464008921042908e-01
2.237754193339334674e-01
2.243130132891068829e-01
2.248514647956148804e-01
2.253830558914475812e-01
2.259163620899487523e-01
2.263450651719524920e-01
2.263450651719524920e-01
2.263450651719524920e-01
2.263450651719524920e-01
2.263450651719524920e-01
2.263450651719524920e-01
2.263450651719524920e-01
2.263450651719524920e-01
2.263450651719524920e-01
2.263450651719524920e-01
2.263450651719524920e-01
2.263450651719524920e-01
2.263450651719524920e-01
2.263450651719524920e-01
2.263450651719524920e-01
2.263450651719524920e-01
2.263450651719524920e-01
2.263450651719524920e-01
2.263450651719524920e-01
2.263450651719524920e-01
2.263450651719524920e-01
2.263450651719524920e-01
2.263450651719524920e-01
2.263450651719524920e-01
2.263450651719524920e-01
2.263450651719524920e-01
2.263450651719524920e-01
2.263450651719524920e-01
2.263450651719524920e-01
2.263450651719524920e-01
2.263450651719524920e-01
2.263450651719524920e-01
2.263450651719524920e-01
2.263450651719524920e-01
2.263450651719524920e-01
2.263450651719524920e-01
2.263450651719524920e-01
2.263450651719524920e-01
2.263450651719524920e-01
2.263450651719524920e-01
2.263450651719524920e-01
2.263450651719524920e-01
2.263450651719524920e-01
2.263450651719524920e-01
2.263450651719524920e-01
2.263450651719524920e-01
2.263450651719524920e-01
2.263450651719524920e-01
2.263450651719524920e-01
2.263450651719524920e-01
2.263450651719524920e-01
2.263450651719524920e-01
2.263450651719524920e-01
2.263450651719524920e-01
2.263450651719524920e-01
2.263450651719524920e-01
2.263450651719524920e-01
2.263450651719524920e-01
2.263450651719524920e-01
2.263450651719524920e-01
2.263450651719524920e-01
2.263450651719524920e-01
2.263450651719524920e-01
2.263450651719524920e-01
2.263450651719524920e-01
2.263450651719524920e-01
2.263450651719524920e-01
2.263450651719524920e-01
2.263450651719524920e-01
2.263450651719524920e-01
2.263450651719524920e-01
2.263450651719524920e-01
2.263450651719524920e-01
2.263450651719524920e-01
2.263450651719524920e-01
2.263450651719524920e-01
2.263450651719524920e-01
2.263450651719524920e-01
2.263450651719524920e-01
2.263450651719524920e-01
2.263450651719524920e-01
2.263450651719524920e-01
2.263450651719524920e-01
