4.908738521234051744e-03
1.472621556370215697e-02
2.454369260617025872e-02
3.436116964863836221e-02
4.417864669110646569e-02
5.399612373357457612e-02
6.381360077604268655e-02
7.363107781851079003e-02
8.344855486097889352e-02
9.326603190344698313e-02
1.030835089459150866e-01
1.129009859883832040e-01
1.227184630308513213e-01
1.325359400733193971e-01
1.423534171157875283e-01
1.521708941582556041e-01
1.619883712007237075e-01
1.718058482431918388e-01
1.816233252856599145e-01
1.914408023281280458e-01
2.012582793705960937e-01
2.110757564130642250e-01
2.208932334555323285e-01
2.307107104980004320e-01
2.405281875404685632e-01
2.503456645829366112e-01
2.601631416254047147e-01
2.699806186678728182e-01
2.797980957103409771e-01
2.896155727528090806e-01
2.994330497952771286e-01
3.092505268377452321e-01
3.190680038802133911e-01
3.288854809226814946e-01
3.387029579651495981e-01
3.485204350076176461e-01
3.583379120500857495e-01
3.681553890925538530e-01
3.779728661350220120e-01
3.877903431774901155e-01
3.976078202199581635e-01
4.074252972624263225e-01
4.172427743048944260e-01
4.270602513473624740e-01
4.368777283898306329e-01
4.466952054322986809e-01
4.565126824747668399e-01
4.663301595172348879e-01
4.761476365597030469e-01
4.859651136021711504e-01
4.957825906446391984e-01
5.056000676871074129e-01
5.154175447295754608e-01
5.252350217720436198e-01
5.350524988145116678e-01
5.448699758569797158e-01
5.546874528994478748e-01
5.645049299419159228e-01
5.743224069843840818e-01
5.841398840268521298e-01
5.939573610693202887e-01
6.037748381117884477e-01
6.135923151542564957e-01
6.234097921967246547e-01
