2.824077824650546298e-02
2.531402308538184195e-02
2.303550671198449640e-02
2.111523080272137420e-02
1.940927606665894534e-02
1.788821573036398355e-02
1.651921768695038817e-02
1.528821140430405325e-02
1.416390933190191971e-02
1.312927092388116966e-02
1.218823355148508994e-02
1.132024697192609078e-02
1.052337813127631784e-02
9.802393297891608473e-03
9.137561419242237054e-03
8.526676233288135731e-03
7.962535711603570959e-03
7.446679550974854601e-03
6.977289564018499674e-03
6.551702901873980404e-03
6.160118673301520457e-03
5.802902011508454319e-03
5.472132466145530373e-03
5.169199411286616933e-03
4.888348226402007210e-03
4.633493456329729893e-03
4.397178824661570652e-03
4.169439406727900102e-03
3.974534138226769493e-03
3.799614816521347700e-03
3.635992463785801213e-03
3.492673143377215007e-03
3.358461684813844172e-03
3.235864071571488507e-03
3.123133024528432396e-03
3.019295083758598546e-03
2.917931658437294181e-03
2.827972250930579044e-03
2.745361415307264689e-03
2.668647126237571731e-03
2.595378922299444897e-03
2.527705808443133501e-03
2.456085117127893534e-03
2.392942473847822424e-03
2.334411371302658102e-03
2.281181134973146989e-03
2.229412337139610560e-03
2.180375721041734154e-03
2.133524501917497072e-03
2.089310830565794131e-03
2.047148035139528376e-03
2.005671705044348527e-03
1.966395705907899964e-03
1.927773498789691871e-03
1.892533313722118441e-03
1.857874362699408512e-03
1.825139232098647304e-03
1.793355074984590534e-03
1.762991774830852468e-03
1.733127613219431285e-03
1.704669375809510050e-03
1.677217907770362513e-03
1.650562004708503502e-03
1.624628991240679521e-03
1.599436954345734036e-03
1.574746029689184403e-03
1.550502273612294974e-03
1.526835819509314834e-03
1.503556089241018948e-03
1.481343863489357256e-03
1.459558550111516358e-03
1.435667574481788158e-03
1.414349403680085961e-03
1.393573379548870145e-03
1.372584023898938427e-03
1.352914745360913815e-03
1.333661689217132025e-03
1.314801753885078703e-03
1.296695138469438008e-03
1.278993917065870478e-03
1.261589949946565013e-03
1.244773656942105549e-03
1.228435375954424220e-03
1.212340129717595725e-03
1.195395893556461600e-03
1.179355734246844301e-03
1.164229681012050703e-03
1.149621465910771311e-03
1.134460402146573316e-03
1.120789840859457657e-03
1.107393302930025168e-03
1.094396897951193737e-03
1.081848133935020247e-03
1.069727307227118880e-03
1.057892379414042015e-03
1.046211999139104801e-03
1.035042424880374496e-03
1.024276886816601236e-03
1.013839763128643713e-03
1.003629607998669229e-03
9.935820591278738366e-04
9.839288440463931241e-04
9.728280387981520999e-04
9.626964874577001539e-04
9.532282020442491444e-04
9.440179245898714733e-04
9.352812465124409318e-04
9.268168382595475072e-04
9.186480047334054985e-04
9.106947559809611863e-04
9.029136471831696650e-04
8.954630862260393176e-04
8.880196224193200602e-04
8.809170733119898837e-04
8.741536761393543754e-04
8.676125016460564275e-04
8.612731170750944840e-04
8.551356938564143046e-04
8.492618696822130985e-04
8.434631837286566628e-04
8.378558999916202715e-04
8.323937775293388302e-04
8.271445063582472503e-04
8.221918805380564257e-04
8.173739181699751994e-04
8.126603528624634122e-04
8.060780793012086148e-04
8.014267797099021602e-04
7.971529114289985446e-04
7.929786848132871959e-04
7.889999614810628160e-04
7.850921008109401460e-04
7.814647509778623047e-04
7.779368581276960857e-04
7.746196133860890369e-04
7.713811330990065539e-04
7.683134559128083343e-04
7.653994533724955193e-04
7.626211548117492510e-04
7.599948390400606841e-04
7.574988613554089860e-04
7.548679202680016629e-04
7.524390006149747970e-04
7.502502343559683826e-04
7.480969888649895280e-04
7.461688729569747889e-04
7.442484376135305706e-04
7.424732997351338529e-04
7.407895339325375585e-04
7.392269876029878336e-04
7.375320029533038871e-04
7.361434158069289028e-04
7.348521411577007938e-04
7.336190440141320988e-04
7.323113600867639300e-04
7.310972600238932560e-04
7.300993602610889770e-04
7.291620771118198551e-04
7.283079082672000350e-04
7.274918646276444696e-04
7.266158440474455513e-04
7.258813653827660877e-04
7.252446047669334692e-04
7.241373864027596382e-04
7.235543601349734427e-04
7.230363869144365054e-04
7.225568859238506222e-04
7.221332168696002057e-04
7.215518460974026070e-04
7.211062152537180657e-04
7.206585111710146936e-04
7.203354029767639445e-04
7.200484715150444991e-04
7.197776308499011840e-04
7.193160962630744523e-04
7.190543220357292504e-04
7.188366093813208357e-04
7.186259638467980271e-04
7.184336236159805621e-04
7.182584674821929777e-04
7.180882253976328226e-04
7.179460523699095296e-04
7.177476368343886333e-04
7.176093232793053639e-04
7.174777252474633235e-04
7.173675355839054637e-04
7.172496236946218715e-04
7.171413076552797484e-04
7.170480131004955925e-04
7.169485883570571056e-04
7.168590703916967325e-04
7.167487556281210712e-04
7.166554460244605991e-04
7.165774704423039619e-04
7.165095143947737858e-04
7.164339888209901933e-04
7.162600738320934642e-04
7.161839440368671355e-04
7.161177068342974199e-04
7.160472186571209844e-04
7.159944014100184679e-04
7.159361108838305709e-04
7.158850387238375936e-04
7.158403065838460149e-04
7.158001070391396478e-04
7.157573964229798627e-04
7.156948910961080440e-04
7.156634981533237759e-04
7.156339988147620429e-04
7.156053493750800989e-04
7.155700187807116945e-04
7.155380468081989648e-04
7.155083386192858308e-04
7.154850936328131707e-04
7.154612397232501747e-04
7.154318749051559066e-04
7.154093604298786182e-04
7.153818956644360239e-04
7.153521729976622476e-04
7.153373062188507579e-04
7.153225738871131847e-04
7.153044728744519919e-04
7.152889584240139939e-04
7.152428290754540624e-04
7.152244161518500490e-04
7.152109063608734843e-04
7.152015240086785153e-04
7.151920487398863869e-04
7.151800501038238066e-04
7.151558022645132648e-04
7.151462337918172317e-04
7.151297932392952162e-04
7.151221791679824268e-04
7.151109969898809815e-04
7.151016386110385040e-04
7.150935993592319288e-04
7.150892043451097593e-04
7.150852876079981423e-04
7.150807301842473668e-04
7.150759632792075054e-04
7.150715851540576529e-04
7.150661827904282886e-04
7.150638574692310843e-04
7.150603991250168920e-04
7.150588182265418292e-04
7.150548354797822692e-04
7.150518759714013942e-04
7.150440685645767253e-04
7.150394374033046526e-04
7.150365033765987074e-04
7.150319662401380090e-04
7.150286430222022559e-04
7.150256436925323195e-04
7.150224828950145018e-04
7.150212826359926641e-04
7.150060032213281704e-04
7.149889502580480906e-04
7.149840250986218542e-04
7.149784440908554632e-04
7.149730098681851944e-04
7.149692385618743344e-04
7.149602051503001210e-04
7.149568225573878612e-04
7.149545942980280655e-04
7.149498458051959434e-04
7.149476001447961204e-04
7.149452946468576190e-04
7.149437424620108195e-04
7.149414356167597571e-04
7.149393411980313560e-04
7.149377281297033572e-04
7.149368279860965694e-04
7.149357694037762438e-04
7.149331705674565962e-04
7.149304389508653618e-04
7.149287924915092478e-04
7.149244000142613263e-04
7.149206359669757699e-04
7.149171871454296050e-04
7.149136498443431223e-04
7.149117124999048193e-04
7.149091562159605321e-04
7.149061708047270945e-04
7.149027659539507716e-04
7.148975845676702398e-04
7.148881663003221493e-04
7.148840613376793423e-04
7.148816739626400385e-04
7.148806317680863991e-04
7.148793690640168393e-04
7.148779460539998352e-04
7.148763399464222804e-04
7.148739438386920823e-04
7.148717045794250298e-04
7.148689969892063753e-04
7.148675012898364619e-04
7.148670530935986346e-04
7.148652339219309457e-04
7.148625172737503369e-04
7.148595758480597549e-04
7.148585934990115114e-04
7.148543207199186235e-04
7.148469116115748487e-04
7.148428799502567956e-04
7.148409576567843916e-04
7.148378632518103803e-04
7.148363460351376620e-04
7.148286504742326717e-04
7.148228522190264080e-04
7.148202172707969655e-04
7.148008902909105738e-04
7.147980379178171025e-04
7.147975468389257923e-04
7.147956607757441827e-04
7.147929357216298556e-04
7.147877926740170678e-04
7.147814767790128081e-04
7.147790119493566737e-04
7.147727562670537754e-04
7.147689005816710434e-04
7.147639959238215887e-04
7.147560888363000634e-04
7.147516241173913548e-04
7.147494894463905183e-04
7.147435282860496687e-04
7.147405501441121819e-04
7.147366294687728912e-04
7.147271243361812869e-04
7.147110439289289978e-04
7.146976465216527607e-04
7.146937039977744330e-04
7.146851833442458782e-04
7.146822931531735153e-04
7.146798198315293437e-04
7.146792965470956556e-04
7.146718478174158293e-04
7.146688175687440506e-04
7.146668311219031566e-04
7.146641961807304608e-04
7.146634191957401162e-04
7.146606151929830271e-04
7.146567051127158650e-04
7.146506717029474376e-04
7.146081542933267446e-04
7.146041132475536729e-04
7.145970563589461311e-04
7.145940289215030328e-04
7.145919948502848238e-04
7.145912313091452210e-04
7.145763674327676668e-04
7.145751018838445226e-04
7.145683016621718654e-04
7.145621634201087917e-04
7.145587754884522198e-04
7.145532385722140004e-04
7.145291972901214031e-04
7.145187087740825348e-04
7.145159409167923820e-04
7.145016097062068363e-04
7.144831395130011101e-04
7.144652798400821618e-04
7.144489514059744169e-04
7.144412341289731660e-04
7.144293065797308268e-04
7.144247687873767115e-04
7.144232309500968834e-04
7.143926332028305553e-04
7.143828466388312589e-04
7.143678416543055350e-04
7.143684136485463528e-04
7.143568860470869133e-04
7.143479161917002480e-04
7.143419754540300060e-04
7.143247871015255719e-04
7.143199611954884802e-04
7.143041167879943384e-04
7.142872991633946594e-04
7.142831775740313442e-04
7.142621660944205655e-04
7.142578639243119063e-04
7.141650564910140189e-04
7.141091354386845625e-04
7.141030897703986918e-04
7.141080991491436216e-04
7.140122451030324682e-04
7.139482100243403151e-04
7.105560249158385895e-04
7.107154748763633853e-04
7.107385996091467690e-04
7.108586651959692467e-04
7.115577739245713788e-04
7.126087563390405425e-04
7.148534572577241921e-04
7.177942457219084298e-04
7.212829957180354320e-04
7.288166487406710697e-04
7.415201386228017838e-04
7.639820359764969192e-04
8.100119585717577980e-04
8.864024196518526574e-04
9.763414277295604654e-04
1.165882103227252296e-03
1.485489903615991271e-03
1.959455114970111260e-03
2.310799688189016290e-03
2.659771306481766191e-03
3.280671457696441706e-03
4.778407959823373699e-03
5.648198816206297969e-03
7.238964357096232434e-03
1.139092132748196345e-02
1.717963538845626234e-02
2.538740885213090076e-02
3.310840903055667361e-02
4.750572588719862571e-02
7.319128426539163457e-02
1.466904858948826773e-01
8.691221230884932369e-01
8.971119222281109095e+08
8.971119221340032816e+08
8.971119220398962498e+08
8.971119219457899332e+08
8.971119218516843319e+08
8.971119217575795650e+08
8.971119216634744406e+08
8.971119215693706274e+08
8.971119214752672911e+08
8.971119213811649084e+08
8.971119212870620489e+08
8.971119211929610968e+08
8.971119210988605022e+08
8.971119210047601461e+08
8.971119209106613398e+08
8.971119208165614605e+08
8.971119207224633694e+08
8.971119206283661127e+08
8.971119205342684984e+08
8.971119204401721954e+08
8.971119203460766077e+08
8.971119202519806623e+08
8.971119201578862667e+08
8.971119200637921095e+08
8.971119199696986675e+08
8.971119198756060600e+08
8.971119197815138102e+08
8.971119196874219179e+08
8.971119195933312178e+08
8.971119194992413521e+08
8.971119194051513672e+08
8.971119193110626936e+08
8.971119192169741392e+08
8.971119191228867769e+08
8.971119190287995338e+08
8.971119189347126484e+08
8.971119188406262398e+08
8.971119187465409040e+08
8.971119186524562836e+08
8.971119185583723783e+08
8.971119184642889500e+08
8.971119183702058792e+08
8.971119182761235237e+08
8.971119181820418835e+08
8.971119180879611969e+08
8.971119179938805103e+08
8.971119178998004198e+08
8.971119178057210445e+08
8.971119177116429806e+08
8.971119176175656319e+08
8.971119175234879255e+08
8.971119174294118881e+08
8.971119173353352547e+08
8.971119172412601709e+08
8.971119171471855640e+08
8.971119170531111956e+08
8.971119169590375423e+08
8.971119168649648428e+08
8.971119167708926201e+08
8.971119166768206358e+08
8.971119165827492476e+08
8.971119164886785746e+08
8.971119163946092129e+08
8.971119163005400896e+08
8.971119162064716816e+08
8.971119161124036312e+08
8.971119160183360577e+08
8.971119159242691994e+08
8.971119158302026987e+08
8.971119157361373901e+08
8.971119156420722008e+08
8.971119155480083227e+08
8.971119154539446831e+08
8.971119153598817587e+08
8.971119152658195496e+08
8.971119151717576981e+08
8.971119150776959658e+08
8.971119149836351871e+08
8.971119148895754814e+08
8.971119147955160141e+08
8.971119147014576197e+08
8.971119146073989868e+08
8.971119145164767504e+08
