9.216388954308585291e-01
9.221701413182412654e-01
9.232349353773325884e-01
9.248378646285063676e-01
9.269857646938843843e-01
9.296876630713485357e-01
9.329546989796080325e-01
9.368000163020788751e-01
9.412386257699365544e-01
9.462872324240796384e-01
9.519640246070946166e-01
9.582884212693817405e-01
9.652807752211720604e-01
9.729620311003744915e-01
9.813533382142000105e-01
9.904756199941440187e-01
1.000349103509779791e+00
1.010992814237060777e+00
1.022424042985400572e+00
1.034657793467013143e+00
1.047706220357863982e+00
1.061578068777224937e+00
1.076278126841838878e+00
1.091806703289452729e+00
1.108159142095168193e+00
1.125325385526547262e+00
1.143289596225901317e+00
1.162029847717653608e+00
1.181517891277431342e+00
1.201719005440575749e+00
1.222591932647559165e+00
1.244088905696493885e+00
1.266155764864328015e+00
1.288732164821637216e+00
1.311751868838933577e+00
1.335143126286802540e+00
1.358829128074374282e+00
1.382728533445017893e+00
1.406756060440773393e+00
1.430823131341308674e+00
1.454838563464815993e+00
1.478709294880782288e+00
1.502341133833651643e+00
1.525639520032313623e+00
1.548510285459410163e+00
1.570860402047052462e+00
1.592598703512698943e+00
1.613636568916182013e+00
1.633888556148322069e+00
1.653272974643338111e+00
1.671712388149937834e+00
1.689134040399100423e+00
1.705470198934015080e+00
1.720658415144775466e+00
1.734641701564553884e+00
1.747368630589081206e+00
1.758793361806030298e+00
1.768875607881513545e+00
1.777580551264024811e+00
1.784878725665508536e+00
1.790745877229249938e+00
1.795162820404125226e+00
1.798115302777050895e+00
1.799593891492592190e+00
