1.429905072246752809e-05
4.567666409079068754e-04
8.773031197622985613e-04
1.301213615744543960e-03
1.735246163110349413e-03
2.167591701912230991e-03
2.613433309225524602e-03
3.066866455076488768e-03
3.529578148029048450e-03
3.985541806725897453e-03
4.427165892629373461e-03
4.887347072736038765e-03
5.352589278534485885e-03
5.796743877283848032e-03
6.266203604492108850e-03
6.721323758906994940e-03
7.163791349092432127e-03
7.637468597710518788e-03
8.090058239279518740e-03
8.557830957923865875e-03
9.034882223669804188e-03
9.479036822419170671e-03
9.935843985397990394e-03
1.040192969547840823e-02
1.085114531991955567e-02
1.132229205569175098e-02
1.178078622723449480e-02
1.223759339021331972e-02
1.268090448468072243e-02
1.314024216050542655e-02
1.362066744337922346e-02
1.404542144364343166e-02
1.450897664087796336e-02
1.497674935952230876e-02
1.543946105247485934e-02
1.590807727540117372e-02
1.635644939556035390e-02
1.682675262705058544e-02
1.729789936282277729e-02
1.777832464569657073e-02
1.826296744998016919e-02
1.875604529708341586e-02
1.923225305854738693e-02
1.969918227290975987e-02
2.017370302580980684e-02
2.063472771019843680e-02
2.112611854873775244e-02
2.159136075453619782e-02
2.205575945605268637e-02
2.253112371323470059e-02
2.299214839762333748e-02
2.349113077470031674e-02
2.394878144196109851e-02
2.440980612634972846e-02
2.490035346060707686e-02
2.538752677773658400e-02
2.585529949638092420e-02
2.634584683063828300e-02
2.682205459210225407e-02
2.731091491779568184e-02
2.780314926061695432e-02
2.827767001351703252e-02
2.873194666364991753e-02
2.924189459639244676e-02
2.969954526365321118e-02
3.016394396516974136e-02
3.065280429086314484e-02
3.112226401807138831e-02
3.160521981379111472e-02
3.209408013948449045e-02
3.256522687525671700e-02
3.305746121807797561e-02
3.351679889390270228e-02
3.398119759541923246e-02
3.445824886116512220e-02
3.492096055411771094e-02
3.541909942691273683e-02
3.590795975260614031e-02
3.638754153119800466e-02
3.685531424984232057e-02
3.734754859266360694e-02
3.783050438838334029e-02
3.830249462843744734e-02
3.876858033851788427e-02
3.928021527982436534e-02
3.977666714405541509e-02
4.025624892264729332e-02
4.073414369267519541e-02
4.123818709544391919e-02
4.172198639544560939e-02
4.221506424254885953e-02
4.270645508108814048e-02
4.321134198813886967e-02
4.371285487806178538e-02
4.419581067378147016e-02
4.463068672542920556e-02
4.509086790553588908e-02
4.556876267556381893e-02
4.605256197556544667e-02
4.652876973702940039e-02
4.698895091713609085e-02
4.747359372141971012e-02
4.795739302142133093e-02
4.842263522721981100e-02
4.889799948440184257e-02
4.937252023730185485e-02
4.988837270001815483e-02
5.034433635871499169e-02
5.083235318012641057e-02
5.130518692446252305e-02
5.178392519877242361e-02
5.223061031036767277e-02
5.272200114890696759e-02
5.324628865444286374e-02
5.372502692875275043e-02
5.422991383580346575e-02
5.467406843455285131e-02
5.516039824740037734e-02
5.563070147889059847e-02
5.607991710333176671e-02
5.656455990761531660e-02
5.706607279753826006e-02
5.752456696908098827e-02
5.797800011493192684e-02
5.849047856052033006e-02
5.894053768924355230e-02
5.940577989504190748e-02
5.991572782778437078e-02
6.041808422198932660e-02
6.090357053055489578e-02
6.144557162601195499e-02
6.190743981468258689e-02
6.237943005473682578e-02
6.284467226053519484e-02
6.336895976607105629e-02
6.381901889479422996e-02
6.431547075902539767e-02
6.479167852048929588e-02
6.525439021344184298e-02
6.573987652200750931e-02
6.623885889908444347e-02
6.671337965198452513e-02
6.722923211470072102e-02
6.775014560310883838e-02
6.826093704013332097e-02
6.874473634013489320e-02
6.926311931569707758e-02
6.973595306003327332e-02
7.021722184718891258e-02
7.071620422426591612e-02
7.119578600285776659e-02
7.167958530285946372e-02
7.221146434693291594e-02
7.269610715121654909e-02
7.321280311821477815e-02
7.370419395675410767e-02
7.414075701696580534e-02
7.466588802678357506e-02
7.516318339529669268e-02
7.563095611394110573e-02
7.610041584114933533e-02
7.661205078245572619e-02
7.709922409958529232e-02
7.758302339958701721e-02
7.804826560538540015e-02
7.851182080261985552e-02
7.902176873536245760e-02
7.945411427416439187e-02
7.989911237719565795e-02
8.037616364294158933e-02
8.086755448148093273e-02
8.138425044847927281e-02
8.179719538879588747e-02
8.225822007318452089e-02
8.269562663767818234e-02
8.317942593767993498e-02
8.366153822911756577e-02
8.411497137496856680e-02
8.456418699940970729e-02
8.503111621377221208e-02
8.545924423116424418e-02
8.595485259111339260e-02
8.640575522411839127e-02
8.686171888281533915e-02
8.736660578986603365e-02
8.780063833723190936e-02
8.832239532992189335e-02
8.873871428736654354e-02
8.920901751885673692e-02
8.968100775891095500e-02
9.010913577630300098e-02
9.057016046069171766e-02
9.101431505944113098e-02
9.143991256398724399e-02
9.197685263375265929e-02
9.243956432670519252e-02
9.292589413955280875e-02
9.335317865266279380e-02
9.379648974713027110e-02
9.424486186728944781e-02
9.472950467157313648e-02
9.516353721893885953e-02
9.566251959601590471e-02
9.615222342599129279e-02
9.662505717032743302e-02
9.708523835043407491e-02
9.752433192349174718e-02
9.801066173633929401e-02
9.847506043785587970e-02
9.890065794240197883e-02
9.935915211394476254e-02
9.985729098673977455e-02
1.002879495169778090e-01
1.007506612099303422e-01
1.011813197401683073e-01
1.016777716043994056e-01
1.021548228701453925e-01
1.026200650759438032e-01
1.030743417260767125e-01
1.035404274361571286e-01
1.040022956248277813e-01
1.044557287706787962e-01
1.049116924293756054e-01
1.053794651480199907e-01
1.058371158152807134e-01
1.062888619525677730e-01
1.067389210812908912e-01
1.071611445687091629e-01
1.075892725861012506e-01
1.080882549631782680e-01
1.085189134934162469e-01
1.089436674936804655e-01
1.093760130324822610e-01
1.098243851526415349e-01
1.102305820587025365e-01
1.106620840932224792e-01
1.111340743332766418e-01
1.115697938892063201e-01
1.119439376325527535e-01
1.124074928297873199e-01
1.128533344371005914e-01
1.133430382670761599e-01
1.137602007288025657e-01
1.141824242162207959e-01
1.146248918064062816e-01
1.150454282852606674e-01
1.155241665595705264e-01
1.159902522696509702e-01
1.164251283212985461e-01
1.168718134328939617e-01
1.173800743570724836e-01
1.178335075029234014e-01
1.183054977429776194e-01
1.187445913160350419e-01
1.191668148034535218e-01
1.196008473508192033e-01
1.200492194709783661e-01
1.205153051810588377e-01
1.209822343954212315e-01
1.214255454898884451e-01
1.218654825672281089e-01
1.223349422944363385e-01
1.227850014231593873e-01
1.232671137145971985e-01
1.237146423304743836e-01
1.242094071861413185e-01
1.246670578534022217e-01
1.250968728793581675e-01
1.256051338035366893e-01
1.259969911368043205e-01
1.264866949667796669e-01
1.269283190526830085e-01
1.274593545924746496e-01
1.278967611569681584e-01
1.283198281486685743e-01
1.287597652260080716e-01
1.291718666620430001e-01
1.296143342522283470e-01
1.301200646635609082e-01
1.305760283222578699e-01
1.310809152293084812e-01
1.315647145293101505e-01
1.319962165638300933e-01
1.324547107353727382e-01
1.329410405482201185e-01
1.334914766864970237e-01
1.339162306867611174e-01
1.344379876794510043e-01
1.348947948424298882e-01
1.354022122623264324e-01
1.358699849809706928e-01
1.363655933409199383e-01
1.368746977693805766e-01
1.373559665565362853e-01
1.378406093608199323e-01
1.383530878064082037e-01
1.389052109532487866e-01
1.393611746119456096e-01
1.398424433991015403e-01
1.403464868018702572e-01
1.408665567859964107e-01
1.413714436930469664e-01
1.418780176086616440e-01
1.423862785328401381e-01
1.429055050126842585e-01
1.434331665353480445e-01
1.439439579723723606e-01
1.445163252219799910e-01
1.450532652917454202e-01
1.455792398058453618e-01
1.461288324398400951e-01
1.466337193468907896e-01
1.471664418952462194e-01
1.476974774350378883e-01
1.482622531461079418e-01
1.487730445831324522e-01
1.493133586700255977e-01
1.498612642954564866e-01
1.504547191521133087e-01
1.509882852047508550e-01
1.515210077531065624e-01
1.520646958571273966e-01
1.526159754996861406e-01
1.531883427492937988e-01
1.537286568361869443e-01
1.543094591286142958e-01
1.548489297112256025e-01
1.553782782424531772e-01
1.559050962608349022e-01
1.564766200061606383e-01
1.570177775973359002e-01
1.575445956157175142e-01
1.581009362839681798e-01
1.586716165250119936e-01
1.592650713816688712e-01
1.598197250413551929e-01
1.603642566496583655e-01
1.609602420191610095e-01
1.615165826874115640e-01
1.620973849798389432e-01
1.626739697508566007e-01
1.632513980261560138e-01
1.638465398913769577e-01
1.644264986795223593e-01
1.650511631946119939e-01
1.656285914699116846e-01
1.662136112837488688e-01
1.668028486189958581e-01
1.673937729628069693e-01
1.679771057680801982e-01
1.685781521632747082e-01
1.691791985584691349e-01
1.697920540136110823e-01
1.703863523745498820e-01
1.709907727868722749e-01
1.716204983276534979e-01
1.722333537827956118e-01
1.728394612036818490e-01
1.734177329832632397e-01
1.740305884384050761e-01
1.746459744063931507e-01
1.752681084086367691e-01
1.758615632652936467e-01
1.764583921390783239e-01
1.770729346027843099e-01
1.776613284337492660e-01
1.782699663674817414e-01
1.788996919082628811e-01
1.795285739447622653e-01
1.801228723057009817e-01
1.807407887865347951e-01
1.813882279172373546e-01
1.820297625179661261e-01
1.826291219045966807e-01
1.832807785567090175e-01
1.839248436702837219e-01
1.845402296382717688e-01
1.851522415891318218e-01
1.857904021727327659e-01
1.864192842092321778e-01
1.870852804341377740e-01
1.876922313593063218e-01
1.883253309172154555e-01
1.889643350050985438e-01
1.896100871272368982e-01
1.902516217279657529e-01
1.909235224828450261e-01
1.915667440921376696e-01
1.922006871543287809e-01
1.928599353449788056e-01
1.935402711426779387e-01
1.941590311277937853e-01
1.948064702584961783e-01
1.954623444320182646e-01
1.961249666397963110e-01
1.968053024374952220e-01
1.975016648165516808e-01
1.981735655714312594e-01
1.988657104290776911e-01
1.995553247738782177e-01
2.002516871529345655e-01
2.009379274806075699e-01
2.016266983211263131e-01
2.023298087344384821e-01
2.030093010278555543e-01
2.037056634069119021e-01
2.043792511703553805e-01
2.050806745751035387e-01
2.057837849884155135e-01
2.065020784788028085e-01
2.072119369263707711e-01
2.078973337497616869e-01
2.086257492915327694e-01
2.093491038076120414e-01
2.100859543922025952e-01
2.108143699339735944e-01
2.115655600913577405e-01
2.123015671716664554e-01
2.130519138247684574e-01
2.137921384264868940e-01
2.145357370453331580e-01
2.152919882284090314e-01
2.160617354799964640e-01
2.168340132444294688e-01
2.175944819489150917e-01
2.183735077476038344e-01
2.191449420077549171e-01
2.199315593449814032e-01
2.207266117250273885e-01
2.214786453866933180e-01
2.222568276811001109e-01
2.230375404883527257e-01
2.238081312442220527e-01
2.245863135386287901e-01
2.253670263458816547e-01
2.261485826574161362e-01
2.269090513619021476e-01
2.276619285278502491e-01
2.284645724464338945e-01
2.292410677322767876e-01
2.299981624196344998e-01
2.307518830898644957e-01
2.315199433328877510e-01
2.322787250288095851e-01
2.330476287761143184e-01
2.338021929506269025e-01
2.345710966979319689e-01
2.353459049752110732e-01
2.360507023970868645e-01
2.367318816990683916e-01
2.374729498050688059e-01
2.382367925266821729e-01
2.389947307183218905e-01
2.397695389956008005e-01
2.405333817172145283e-01
2.412170915320413778e-01
2.419514116037861651e-01
2.426848881712485861e-01
2.434470438842984419e-01
2.441349712205354017e-01
2.448819438565094930e-01
2.455530011071068996e-01
2.462459894690355866e-01
2.469760920193707354e-01
2.477146296125254110e-01
2.484666632741913406e-01
2.491520600975819233e-01
2.498585445280221695e-01
2.505641854541804103e-01
2.512942880045152538e-01
2.519923373921356680e-01
2.527156919082147457e-01
2.533892796716586959e-01
2.540974511106622868e-01
2.548233361395871310e-01
2.555137939886697462e-01
2.561890687606772632e-01
2.568854311397339996e-01
2.575657669374328829e-01
2.582435722222861108e-01
2.588606451988378909e-01
2.595156758680783882e-01
2.601403403831681893e-01
2.607860925053062662e-01
2.614090700118319455e-01
2.619864982871316084e-01
2.625883881866077907e-01
2.632037741545961707e-01
2.638124120883283963e-01
2.644202065177786443e-01
2.649959477845139078e-01
2.655902461454529018e-01
2.661727354464442641e-01
2.667653467988194138e-01
2.673722977239878507e-01
2.679092377937528080e-01
2.684976316247180694e-01
2.690539722929685684e-01
2.696609232181365057e-01
2.702223249120790927e-01
2.707685840510169473e-01
