2.061106933983033185e-01
1.865483655830949272e-01
1.790434483307003499e-01
1.724292878700924014e-01
1.671169369353337764e-01
1.622756708681957483e-01
1.578191846244479113e-01
1.536067510808366288e-01
1.495361604234867747e-01
1.457364780115303071e-01
1.421196057403324997e-01
1.386702174668941467e-01
1.353944072543060706e-01
1.321280975405883518e-01
1.291056718074845011e-01
1.262149218885353086e-01
1.233294022839564880e-01
1.206758917511230877e-01
1.181200076890417394e-01
1.156627720730444286e-01
1.133052746532493826e-01
1.110410513102598612e-01
1.088543339671697308e-01
1.067372081433981684e-01
1.046875068616547333e-01
1.027047726983597031e-01
1.007886036596347679e-01
9.891268845279496680e-02
9.710220119380877368e-02
9.533675023778066804e-02
9.361949833051944059e-02
9.195064416218229342e-02
9.032078958749122088e-02
8.873674340789562687e-02
8.719410282227560427e-02
8.569304119997625535e-02
8.423065914238686558e-02
8.280127546114426917e-02
8.139692981052833176e-02
8.003031301413456033e-02
7.868942639499827696e-02
7.737299743504108540e-02
7.608923936850242598e-02
7.483497052231759261e-02
7.360358539168226910e-02
7.239874482408127643e-02
7.122687850367147300e-02
7.008151690490138641e-02
6.896436625702422052e-02
6.787018195869701231e-02
6.680411301642519284e-02
6.574899676626130840e-02
6.472777402909481170e-02
6.373039729188753610e-02
6.275424024118672617e-02
6.179853085486022857e-02
6.085663208201456953e-02
5.993674264220322928e-02
5.903922222882621723e-02
5.815838346822412713e-02
5.729996707081461138e-02
5.646114022738884380e-02
5.564100494943181180e-02
5.483825854696885299e-02
5.405474351634592667e-02
5.328604236246024806e-02
5.253618724969101594e-02
5.180362537305252535e-02
5.108733609511546814e-02
5.038725237872401091e-02
4.969347030526620468e-02
4.902025877330637438e-02
4.835954617958783397e-02
4.771428277849702748e-02
4.708213618782512017e-02
4.646213097134509196e-02
4.585653986222961581e-02
4.526444518502110992e-02
4.468529361376861325e-02
4.411683179318939829e-02
4.356030517419023224e-02
4.301453115100721536e-02
4.247896653062374628e-02
4.195601399211310034e-02
4.143856119280690115e-02
4.093416085329207310e-02
4.043849445850784818e-02
3.995488588012560682e-02
3.947992840542555171e-02
3.901067096001559903e-02
3.855219334176252649e-02
3.810358521065163734e-02
3.766529914364912662e-02
3.723589113182098481e-02
3.681474634969342241e-02
3.640229981912293522e-02
3.599862022958977975e-02
3.560273857462963043e-02
3.521486808391299100e-02
3.483134251889891120e-02
3.445787076306394692e-02
3.409232697073917573e-02
3.373289666687938337e-02
3.338137958543618833e-02
3.303684011693035910e-02
3.269713971852500345e-02
3.236355505123519188e-02
3.203739030224973805e-02
3.171809418311629519e-02
3.140446352219353199e-02
3.108760406403776599e-02
3.078627816411785498e-02
3.049171589054982048e-02
3.015563182651846003e-02
2.987027162080478984e-02
2.958904865954335370e-02
2.931430543511515455e-02
2.904293815540666401e-02
2.877523916259920947e-02
2.851571303259458484e-02
2.826094349609736128e-02
2.801002873152235936e-02
2.776413584698869327e-02
2.752404585546374891e-02
2.728807431525667390e-02
2.705555161927946858e-02
2.682828317355906433e-02
2.660431720010664192e-02
2.638483587472485042e-02
2.616998465439388660e-02
2.595833368616238049e-02
2.575068565539317608e-02
2.554804588918837757e-02
2.534955733761966312e-02
2.515477746001446024e-02
2.496417957560287393e-02
2.477714797536164498e-02
2.459365497256050734e-02
2.441420401516393099e-02
2.423300568899299651e-02
2.406033569566324443e-02
2.389151909224521836e-02
2.368834611002721205e-02
2.352445613832195026e-02
2.336352781803857637e-02
2.320542992987319197e-02
2.305041880463724532e-02
2.289873981430354949e-02
2.274998878110722975e-02
2.260415293498350270e-02
2.246158806062946087e-02
2.232177616438735940e-02
2.218467960635321645e-02
2.205059365863723184e-02
2.191859198825835825e-02
2.178828975866330120e-02
2.166164188208987221e-02
2.153697998524578897e-02
2.141455247187370667e-02
2.129496986252176274e-02
2.117831721259952338e-02
2.106320774156179160e-02
2.094975655190392874e-02
2.083891402192797684e-02
2.073058763551046887e-02
2.062403048826747312e-02
2.051925833496279911e-02
2.041741334402163294e-02
2.031829483821362761e-02
2.022090378511015238e-02
2.012533059709555039e-02
2.003113775988507594e-02
1.993952118899436701e-02
1.984944743576668932e-02
1.976107691635257957e-02
1.967463842998977419e-02
1.958959131292583797e-02
1.950652430419531902e-02
1.942525199663907437e-02
1.934578511078987456e-02
1.926820349901773102e-02
1.919176525459316551e-02
1.911742947536077333e-02
1.904445853020225385e-02
1.897262608214621976e-02
1.890239183141454588e-02
1.883355766264795464e-02
1.876550941182369980e-02
1.869930030152981010e-02
1.863438668658229033e-02
1.857092463965942519e-02
1.850916035626239478e-02
1.844880963007024949e-02
1.838990522855633858e-02
1.832892636983646587e-02
1.827167608639542265e-02
1.821577246616096213e-02
1.816117073427281695e-02
1.810768760645483505e-02
1.805550630953996899e-02
1.800441622144641207e-02
1.795413527691701663e-02
1.790468816850262698e-02
1.785550257909124250e-02
1.780824389378980396e-02
1.776213115195331496e-02
1.771719035483416277e-02
1.767315637958202443e-02
1.763007734174318678e-02
1.758802814293287942e-02
1.754697850586527802e-02
1.750675821536526455e-02
1.746755274487486395e-02
1.742900149151948436e-02
1.739138758611690622e-02
1.735443523506773750e-02
1.731836471884571488e-02
1.728293445906431067e-02
1.724829155820319787e-02
1.721456376683367512e-02
1.718141762464171080e-02
1.714918273021628914e-02
1.711708657825568997e-02
1.708572299037564371e-02
1.705539880917093798e-02
1.702581092439183624e-02
1.699686605402779549e-02
1.696833695190321997e-02
1.694039961618572232e-02
1.691270852578595843e-02
1.688486005799244571e-02
1.685850396856692843e-02
1.683276259942782793e-02
1.680747982994538689e-02
1.678272151747748492e-02
1.675843249515061861e-02
1.673367954379834793e-02
1.671032774148020414e-02
1.668754039025003785e-02
1.666495269229546078e-02
1.664121438460159155e-02
1.661753549730254909e-02
1.659608783312392991e-02
1.657515110614336817e-02
1.655467468197588735e-02
1.653480275450998349e-02
1.651526407876784813e-02
1.649625775769664529e-02
1.647768031668110644e-02
1.645958880074344793e-02
1.644097512214601209e-02
1.642348622042533873e-02
1.640595772694227253e-02
1.638910758049166166e-02
1.637267700311681451e-02
1.635662998591017395e-02
1.634031657320736408e-02
1.632490678393272790e-02
1.630988344340237109e-02
1.629520139683498375e-02
1.628082657720179502e-02
1.626666289999697396e-02
1.625295045434979949e-02
1.623936922179973485e-02
1.622612532051480663e-02
1.621288583879474873e-02
1.620011029172984882e-02
1.618759585969612239e-02
1.617518376820976933e-02
1.616308534325231611e-02
1.615119063994818402e-02
1.613944768351005185e-02
1.612727018170263815e-02
1.611580853946407640e-02
1.610476134463766779e-02
1.609396285357782980e-02
1.608332911227305234e-02
1.607292774037102565e-02
1.606246416894931486e-02
1.605220745300120488e-02
1.604186816077740607e-02
1.603184295671165535e-02
1.602201843572848353e-02
1.601234099638107825e-02
1.600274404775095874e-02
1.599328352870238446e-02
1.598408169287417885e-02
1.597491136324489039e-02
1.596591148471296698e-02
1.595715827909133591e-02
1.594857268640409095e-02
1.594006027314570986e-02
1.593167624356144757e-02
1.592334106499692856e-02
1.591523986384188460e-02
1.590712976934154435e-02
1.589888816410127415e-02
1.589117362827644625e-02
1.588362305267567928e-02
1.587617448371247617e-02
1.586887287525769186e-02
1.586164841596329408e-02
1.585467944974635821e-02
1.584784287922100937e-02
1.584115892867791336e-02
1.583464500586521245e-02
1.582833839797932046e-02
1.582191938007921489e-02
1.581585763137983297e-02
1.581000929963177412e-02
1.580419382054615643e-02
1.579862412533710944e-02
1.579316037506732842e-02
1.578787780144227243e-02
1.578268868331041130e-02
1.577771399174158345e-02
1.577277319283772530e-02
1.576804305495161165e-02
1.576291309575501148e-02
1.575835781349596218e-02
1.575393988920826757e-02
1.574966069323603321e-02
1.574551189204852208e-02
1.574156879314723284e-02
1.573753812770387409e-02
1.573374561222262713e-02
1.573014160981940981e-02
1.572665923387804240e-02
1.572312750272847684e-02
1.571923554468217937e-02
1.571599827877274633e-02
1.571291190759127251e-02
1.570992750598627918e-02
1.570700833408117045e-02
1.570411248618552857e-02
1.570144550131194819e-02
1.569882971457578144e-02
1.569630652831795897e-02
1.569384976215707633e-02
1.569149365413918806e-02
1.568917746777241315e-02
1.568693909625712771e-02
1.568476155578381326e-02
1.568262846855849116e-02
1.568020095131655856e-02
1.567816437648682573e-02
1.567623127465239685e-02
1.567437311741395889e-02
1.567254402004699537e-02
1.567065910618634095e-02
1.566893571051652598e-02
1.566726424714731669e-02
1.566569222230365308e-02
1.566418911086059698e-02
1.566263456437578389e-02
1.566118859882563441e-02
1.565983737774456416e-02
1.565856492596382973e-02
1.565733626837207196e-02
1.565612635084284374e-02
1.565498224513982295e-02
1.565372723190639262e-02
1.565266810026929092e-02
1.565165905587724907e-02
1.565066260687765498e-02
1.564969432519263542e-02
1.564879648420794758e-02
1.564794492184314045e-02
1.564711552753879700e-02
1.564631345097372908e-02
1.564556036387934612e-02
1.564485166087235465e-02
1.564414841867733941e-02
1.564339914360866543e-02
1.564272488340073819e-02
1.564211259250834415e-02
1.564150825691806163e-02
1.564090403971435395e-02
1.564035510755056035e-02
1.563980183159908305e-02
1.563929393756133268e-02
1.563876825820453148e-02
1.563828411436081131e-02
1.563784399801438144e-02
1.563740805297040778e-02
1.563699952248969599e-02
1.563661296069054213e-02
1.563624939551974333e-02
1.563590066054810351e-02
1.563554836091436001e-02
1.563522585133198667e-02
1.563484698879636509e-02
1.563455381138969397e-02
1.563428656711556702e-02
1.563403705019286022e-02
1.563379519428651637e-02
1.563355779818169713e-02
1.563334549462928186e-02
1.563308764863406003e-02
1.563289292449106596e-02
1.563270078240824867e-02
1.563252522262713329e-02
1.563235373840780179e-02
1.563220078531164445e-02
1.563201354638580481e-02
1.563185940696699625e-02
1.563169573465940029e-02
1.563099114547829988e-02
1.563084943632284118e-02
1.563074587799994850e-02
1.563064014498541029e-02
1.563053775589884342e-02
1.563043589656393229e-02
1.563035773610309959e-02
1.563027839785190512e-02
1.563020963091781013e-02
1.563014168998975648e-02
1.563007767698940814e-02
1.563002087909112769e-02
1.562996533396799129e-02
1.562991577243684135e-02
1.562986204338092516e-02
1.562983484996978076e-02
1.562979653832398397e-02
1.562976524950424051e-02
1.562973968053779292e-02
1.562968947272220036e-02
1.562967263206777382e-02
1.562965779746608441e-02
1.562963370630588225e-02
1.562960258456145071e-02
1.562959027703457460e-02
1.562957862085863694e-02
1.562955791835251435e-02
1.562955054713875691e-02
1.562954376443713433e-02
1.562950583358025877e-02
1.562947333985983608e-02
1.562946906048486365e-02
1.562945912254835173e-02
1.562945479416178243e-02
1.562945177226528204e-02
1.562944390459107546e-02
1.562944039306564392e-02
1.562941179556815580e-02
1.562941056480670124e-02
1.562940487365033215e-02
1.562939663817360797e-02
1.562939561359485627e-02
1.562939170854629051e-02
1.562938279050300402e-02
1.562937485793888456e-02
1.562937039739189377e-02
1.562935079578080602e-02
1.562933366865020338e-02
1.562928549657785840e-02
1.562927517213136622e-02
1.562925814875884556e-02
1.562922603900307808e-02
1.562908369865065664e-02
1.562875177294559617e-02
1.562869909565150345e-02
1.562869044156693643e-02
1.562866166443202531e-02
1.562860401891448883e-02
1.562856715201232927e-02
1.562844773288139116e-02
1.562838745361229062e-02
1.562834212897334929e-02
1.562822597963409166e-02
1.562815447784560510e-02
1.562800181742727071e-02
1.562784590856946404e-02
1.562766061126556402e-02
1.562755358792857277e-02
1.562765668438855643e-02
1.562715198311526513e-02
1.562838437027148225e-02
1.563429490628411717e-02
1.564025347220474732e-02
1.564895033990242393e-02
1.567075117854916863e-02
1.570775814067338141e-02
1.576095283400712199e-02
1.584136101216279333e-02
1.598969196082399361e-02
1.613362305653500209e-02
1.637879549110059577e-02
1.658216706810815289e-02
1.677932349181297453e-02
1.707220370984602331e-02
1.763821116025942812e-02
1.839230092482636511e-02
1.914168466404771174e-02
2.026101484477678405e-02
2.180242539877910377e-02
2.329168927002429890e-02
2.548979203033384031e-02
2.773255541114531125e-02
3.079677753553618225e-02
3.441448267232302682e-02
