4.014376414689482536e-06
3.131213603457799343e-04
6.222283442768683590e-04
9.313353282079566212e-04
1.240442312139050955e-03
1.549549296070145289e-03
1.858656280001234635e-03
2.167763263932314440e-03
2.476870247863393812e-03
2.785977231794472750e-03
3.095084215725552989e-03
3.404191199656631493e-03
3.713298183587730381e-03
4.022405167518839676e-03
4.331512151449948972e-03
4.640619135381059135e-03
4.949726119312168431e-03
5.258833103243276859e-03
5.567940087174387022e-03
5.877047071105497185e-03
6.186154055036605613e-03
6.495261038967714909e-03
6.804368022898825072e-03
7.113475006829933500e-03
7.422581990761042796e-03
7.731688974692151224e-03
8.040795958623262255e-03
8.349902942554370683e-03
8.659009926485480846e-03
8.968116910416589274e-03
9.277223894347699437e-03
9.586330878278807865e-03
9.895437862209918028e-03
1.020454484614102819e-02
1.051365183007213662e-02
1.082275881400324678e-02
1.113186579793435695e-02
1.144097278186546364e-02
1.175007976579657380e-02
1.205918674972768397e-02
1.236829373365879239e-02
1.267740071758990256e-02
1.298650770152101272e-02
1.329561468545212288e-02
1.360472166938322958e-02
1.391382865331433974e-02
1.422293563724544817e-02
1.453204262117655833e-02
1.484114960510766849e-02
1.515025658903877519e-02
1.545936357296988535e-02
1.576847055690099725e-02
1.607757754083210394e-02
1.638668452476321410e-02
1.669579150869432427e-02
1.700489849262543443e-02
1.731400547655654112e-02
1.762311246048765129e-02
1.793221944441876145e-02
1.824132642834986814e-02
1.855043341228097831e-02
1.885954039621208847e-02
1.916864738014319863e-02
1.947775436407430880e-02
1.978686134800541896e-02
2.009596833193652912e-02
2.040507531586763582e-02
2.071418229979874598e-02
2.102328928372985614e-02
2.133239626766096284e-02
2.164150325159207300e-02
2.195061023552318316e-02
2.225971721945429332e-02
2.256882420338540349e-02
2.287793118731651365e-02
2.318703817124762034e-02
2.349614515517873051e-02
2.380525213910984067e-02
2.411435912304095083e-02
2.442346610697206100e-02
2.473257309090317116e-02
2.504168007483428132e-02
2.535078705876538455e-02
2.565989404269649471e-02
2.596900102662760487e-02
2.627810801055871504e-02
2.658721499448982520e-02
2.689632197842093536e-02
2.720542896235204552e-02
2.751453594628315222e-02
2.782364293021426238e-02
2.813274991414537254e-02
2.844185689807648271e-02
2.875096388200759287e-02
2.906007086593869956e-02
2.936917784986980973e-02
2.967828483380091642e-02
2.998739181773202658e-02
3.029649880166313675e-02
3.060560578559424691e-02
3.091471276952535707e-02
3.122381975345646724e-02
3.153292673738757740e-02
3.184203372131868409e-02
3.215114070524979079e-02
3.246024768918090442e-02
3.276935467311201111e-02
3.307846165704312474e-02
3.338756864097423144e-02
3.369667562490534507e-02
3.400578260883645176e-02
3.431488959276755846e-02
3.462399657669866515e-02
3.493310356062977878e-02
3.524221054456088548e-02
3.555131752849199911e-02
3.586042451242310580e-02
3.616953149635421250e-02
3.647863848028532613e-02
3.678774546421643282e-02
3.709685244814754645e-02
3.740595943207865315e-02
3.771506641600976678e-02
3.802417339994087347e-02
3.833328038387198017e-02
3.864238736780308686e-02
3.895149435173420049e-02
3.926060133566530719e-02
3.956970831959642082e-02
3.987881530352752751e-02
4.018792228745864115e-02
4.049702927138974784e-02
4.080613625532085453e-02
4.111524323925196817e-02
4.142435022318307486e-02
4.173345720711418849e-02
4.204256419104529519e-02
4.235167117497640882e-02
4.266077815890750857e-02
4.296988514283862221e-02
4.327899212676973584e-02
4.358809911070084253e-02
4.389720609463194922e-02
4.420631307856306286e-02
4.451542006249416955e-02
4.482452704642528318e-02
4.513363403035638988e-02
4.544274101428750351e-02
4.575184799821861020e-02
4.606095498214970996e-02
4.637006196608083053e-02
4.667916895001193028e-02
4.698827593394305085e-02
4.729738291787415061e-02
4.760648990180527118e-02
4.791559688573637094e-02
4.822470386966747763e-02
4.853381085359859126e-02
4.884291783752969796e-02
4.915202482146081159e-02
4.946113180539191828e-02
4.977023878932303191e-02
5.007934577325413861e-02
5.038845275718524530e-02
5.069755974111635893e-02
5.100666672504746563e-02
5.131577370897857926e-02
5.162488069290968595e-02
5.193398767684079959e-02
5.224309466077190628e-02
5.255220164470301297e-02
5.286130862863412661e-02
5.317041561256523330e-02
5.347952259649634693e-02
5.378862958042745362e-02
5.409773656435856726e-02
5.440684354828967395e-02
5.471595053222077371e-02
5.502505751615189428e-02
5.533416450008299403e-02
5.564327148401411460e-02
5.595237846794521436e-02
5.626148545187625860e-02
5.657059243580688651e-02
5.687969941973752136e-02
5.718880640366814233e-02
5.749791338759877024e-02
5.780702037152940509e-02
5.811612735546003994e-02
5.842523433939066091e-02
5.873434132332128882e-02
5.904344830725192367e-02
5.935255529118254464e-02
5.966166227511317949e-02
5.997076925904380740e-02
6.027987624297442837e-02
6.058898322690506322e-02
6.089809021083569113e-02
6.120719719476632598e-02
6.151630417869694695e-02
6.182541116262758180e-02
6.213451814655820971e-02
6.244362513048883068e-02
6.275273211441946553e-02
6.306183909835010037e-02
6.337094608228072135e-02
6.368005306621135619e-02
6.398916005014197717e-02
6.429826703407261201e-02
6.460737401800323298e-02
6.491648100193386783e-02
6.522558798586450268e-02
6.553469496979512365e-02
6.584380195372575850e-02
6.615290893765637947e-02
6.646201592158701432e-02
6.677112290551763529e-02
6.708022988944827014e-02
6.738933687337889111e-02
6.769844385730952596e-02
6.800755084124016081e-02
6.831665782517078178e-02
6.862576480910141663e-02
6.893487179303203760e-02
6.924397877696267245e-02
6.955308576089329342e-02
6.986219274482392827e-02
7.017129972875456312e-02
7.048040671268518409e-02
7.078951369661581894e-02
7.109862068054643991e-02
7.140772766447707476e-02
7.171683464840769573e-02
7.202594163233833058e-02
7.233504861626896543e-02
7.264415560019958640e-02
7.295326258413022125e-02
7.326236956806084222e-02
7.357147655199147707e-02
7.388058353592209804e-02
7.418969051985273289e-02
7.449879750378336773e-02
7.480790448771398871e-02
7.511701147164462355e-02
7.542611845557525840e-02
7.573522543950587937e-02
7.604433242343650035e-02
7.635343940736713519e-02
7.666254639129775617e-02
7.697165337522839101e-02
7.728076035915902586e-02
7.758986734308966071e-02
7.789897432702028168e-02
7.820808131095090265e-02
7.851718829488153750e-02
7.882629527881215847e-02
7.913540226274279332e-02
7.944450924667342817e-02
7.975361623060404914e-02
8.006272321453468399e-02
8.037183019846530496e-02
8.068093718239593981e-02
8.099004416632656078e-02
8.129915115025719563e-02
8.160825813418783048e-02
8.191736511811845145e-02
8.222647210204908630e-02
8.253557908597972115e-02
8.284468606991034212e-02
8.315379305384096309e-02
8.346290003777159794e-02
8.377200702170223279e-02
8.408111400563285376e-02
8.439022098956348861e-02
8.469932797349412346e-02
8.500843495742474443e-02
8.531754194135536540e-02
8.562664892528600025e-02
8.593575590921662122e-02
8.624486289314725607e-02
8.655396987707789092e-02
8.686307686100852576e-02
8.717218384493914674e-02
8.748129082886976771e-02
8.779039781280040255e-02
8.809950479673102353e-02
8.840861178066165837e-02
8.871771876459229322e-02
8.902682574852292807e-02
8.933593273245354904e-02
8.964503971638417001e-02
8.995414670031480486e-02
9.026325368424542583e-02
9.057236066817606068e-02
9.088146765210669553e-02
9.119057463603733038e-02
9.149968161996793747e-02
9.180878860389857232e-02
9.211789558782920717e-02
9.242700257175982814e-02
9.273209517927577528e-02
