1.437179128962391564e-03
1.322976181474537017e-03
1.228168696498914284e-03
1.145324331253551797e-03
1.070811326632779923e-03
1.003232469747004918e-03
9.416574005920886215e-04
8.850983946060201300e-04
8.326278108942797383e-04
7.840288742398311174e-04
7.388712049813452596e-04
6.966016283622924630e-04
6.569405071614811686e-04
6.197096751253279015e-04
5.847648501844007318e-04
5.519032832901240703e-04
5.209660285105297516e-04
4.917915488942593578e-04
4.642536931894791536e-04
4.382225555502311369e-04
4.136431528421292492e-04
3.904267418683026619e-04
3.684060373850736028e-04
3.475011630272524564e-04
3.276173014822197677e-04
3.087088590504116293e-04
2.907620571981232643e-04
2.737265732439764449e-04
2.575507845204046391e-04
2.421961315340315473e-04
2.276223705460207031e-04
2.137670836098358939e-04
2.005867720533266181e-04
1.880465285653726043e-04
1.761284274550883660e-04
1.648133273382536258e-04
1.540635232858582945e-04
1.438408489697655596e-04
1.341273345852116400e-04
1.249089008498495954e-04
1.161639794539579538e-04
1.078702239550313681e-04
1.000130149694231682e-04
9.257887082223382851e-05
8.555792005356983735e-05
7.893594067600229105e-05
7.269298785282840211e-05
6.681590495020188144e-05
6.129282169688163372e-05
5.611312276001720177e-05
5.126629315850976971e-05
4.673752541659905986e-05
4.251579165382077377e-05
3.860226581567806331e-05
3.498107342007232486e-05
3.163588194238015403e-05
2.856067030427134176e-05
2.574642378887775313e-05
2.318052746117847218e-05
2.085326695061443395e-05
1.875500533778168540e-05
1.687473303176599863e-05
1.519922837780194455e-05
1.371102494297277303e-05
1.238230082103794658e-05
1.118019805745093256e-05
1.008972366348258867e-05
9.100465282629350986e-06
8.205416302902402098e-06
7.395695431821759416e-06
6.664624148912350659e-06
6.002921420396690872e-06
5.407881076100070902e-06
4.875518837922388163e-06
4.399316702318364305e-06
3.972390335530768270e-06
3.590573649625759564e-06
3.251050125642003025e-06
2.948185176021628995e-06
2.677688150550853693e-06
2.438100378954895283e-06
2.224268884809063239e-06
2.033285891202079868e-06
1.864809085607247816e-06
1.712841307325821553e-06
1.573868143837084583e-06
1.448203772213940070e-06
1.334121756812016183e-06
1.227605577522683400e-06
1.132173759759174173e-06
1.044160844836787811e-06
9.635940207654919299e-07
8.891235960282519683e-07
8.214063368625323710e-07
7.587777402312149839e-07
7.019248362555782103e-07
6.496565397901413446e-07
6.023193159079205471e-07
5.593884232489217331e-07
5.202356156878957127e-07
4.853284529519015703e-07
4.517633501271885012e-07
4.222052122028501129e-07
3.955399814885828355e-07
3.712123165120876224e-07
3.494578946894455288e-07
3.301498903856831644e-07
3.128059863000120860e-07
2.970503557729860090e-07
2.822716869800957092e-07
2.692529319085103837e-07
2.570522584462690233e-07
2.458850786939693022e-07
2.361428481696066251e-07
2.265479592253977519e-07
2.182430288905965927e-07
2.105449572438386964e-07
2.032902634079495602e-07
1.972717905325164854e-07
1.914725352942741656e-07
1.864578781682777016e-07
1.820181247843973048e-07
1.768194512665797823e-07
1.728624295558896154e-07
1.692368344840572291e-07
1.653971115943882855e-07
1.623467269872021860e-07
1.592249056598301667e-07
1.569102103332479484e-07
1.540994208551721635e-07
1.522761100296869250e-07
1.508194335104183262e-07
1.494355507150641265e-07
1.477483695047574376e-07
1.462066279978367117e-07
1.450347244071114367e-07
1.439632186560237090e-07
1.424688163401492652e-07
1.417711540357404581e-07
1.404990669586032743e-07
1.400139932447125566e-07
1.399741747455015720e-07
1.399411249761857736e-07
1.396962799390030322e-07
1.393144944790936848e-07
1.388432993032234425e-07
1.387989963116874878e-07
1.387846838758255789e-07
1.386731172551102181e-07
1.385224693634990361e-07
1.382820496343072527e-07
1.380838790440177003e-07
1.379976904278615704e-07
1.377656197178525731e-07
1.375875590643540322e-07
1.369899466690964718e-07
1.366320660572333578e-07
1.363431127086924571e-07
1.361453996644640719e-07
1.360939607761724619e-07
1.359598411389247722e-07
1.359228186969875396e-07
1.358943238536671139e-07
1.357937013011236858e-07
1.355475213728861380e-07
1.354792077972657926e-07
1.354699230932190397e-07
1.353945635582089583e-07
1.349863398535273878e-07
1.348788156112323852e-07
1.347568404690418431e-07
1.347031008693717247e-07
1.346378219342937820e-07
1.344962784564515677e-07
1.339424717301977328e-07
1.335737669147572816e-07
1.330987021834443578e-07
1.328651590008710278e-07
1.328240966500599117e-07
1.327596610831664793e-07
1.327305353838964875e-07
1.326984757313467133e-07
1.326771681108277940e-07
1.326199388457488643e-07
1.325869701150027932e-07
1.323401477655712837e-07
1.322403391335430925e-07
1.320086998075673738e-07
1.319974881835686204e-07
1.319135229190678177e-07
1.314493552617146439e-07
1.314265632885865662e-07
1.314228923934020207e-07
1.313994367784247253e-07
1.313621756725426065e-07
1.313254433964530152e-07
1.312394716789941996e-07
1.311420165493429292e-07
1.311142297972497526e-07
1.310682454039273625e-07
1.310529615074608994e-07
1.310053825941345950e-07
1.309568656275681790e-07
1.305735606977387652e-07
1.298815037185119715e-07
1.297249742230155068e-07
1.293734894566966106e-07
1.292366430894826085e-07
1.292115147836600496e-07
1.288560214418550770e-07
1.288473956691153103e-07
1.288414946645768366e-07
1.288306078514132998e-07
1.284289371337138663e-07
1.282037100933501855e-07
1.281385123273141608e-07
1.281078898259499191e-07
1.276847155972786322e-07
1.276481324408696988e-07
1.275997325677013452e-07
1.275541116584602364e-07
1.274389375095058194e-07
1.270665329009864630e-07
1.269949083553973333e-07
1.268327259719265160e-07
1.264150342167681736e-07
1.258730231111991560e-07
1.258106165010575199e-07
1.258044448125855751e-07
1.257695068291489867e-07
1.257417799998015143e-07
1.256100780572540699e-07
1.255044155660465025e-07
1.254352569584063847e-07
1.251262176331862692e-07
1.246028936682390388e-07
1.241843099927056517e-07
1.241468197530136782e-07
1.237376400539200366e-07
1.232020242075513961e-07
1.226963626985571692e-07
1.225341333717552001e-07
1.223252753098170939e-07
1.222100830146620514e-07
1.221396312262207076e-07
1.219719322940715421e-07
1.214478884462038614e-07
1.212973880388303813e-07
1.212245736356328083e-07
1.211491454374798300e-07
1.207707031189734251e-07
1.204057042208825134e-07
1.201157090603782736e-07
1.198918926302717412e-07
1.195965557436354593e-07
1.194217982397840729e-07
1.193622310403073048e-07
1.191243515895282522e-07
1.188715040838668179e-07
1.185294761898634360e-07
1.184129498501429510e-07
1.183179842339978372e-07
1.181726786928740150e-07
1.179417055296926096e-07
1.177121620787466753e-07
1.176670852227894063e-07
1.173467989636201043e-07
1.171522913684691780e-07
1.168175359878068733e-07
1.164849707530047570e-07
1.162623667323263856e-07
1.159537205360508860e-07
1.157671686798479077e-07
1.156759163567625575e-07
1.154038837416273382e-07
1.149776615598286521e-07
1.147132601536561637e-07
1.142344982727759714e-07
1.139171472702557656e-07
1.135302143077336543e-07
1.133959250708086963e-07
1.130598386806912432e-07
1.127381332443091235e-07
1.125498275506338775e-07
1.123601473582005046e-07
1.122840348753185991e-07
1.122185836237635095e-07
1.121909935979442244e-07
1.119245999075423134e-07
1.117172886740001630e-07
1.116964979233733527e-07
1.115833064950605017e-07
1.114615498098114617e-07
1.112249899699500456e-07
1.111069460593603001e-07
1.110094626350487975e-07
1.109819645032394885e-07
1.108741590133919335e-07
1.105514812124861487e-07
1.103733684993362224e-07
1.101434052745881852e-07
