1.381039722533010883e+00
1.381586844341359255e+00
1.382683714600930092e+00
1.384335452783513443e+00
1.386549410471433985e+00
1.389334797292959278e+00
1.392702213193313776e+00
1.396663112055425815e+00
1.401229225962878022e+00
1.406411982369828673e+00
1.412221947886736828e+00
1.418668332133280030e+00
1.425758583046558003e+00
1.433498101149273118e+00
1.441890094668583977e+00
1.450935590247913742e+00
1.460633605613820052e+00
1.470981481336483432e+00
1.481975359209709353e+00
1.493610785265848895e+00
1.505883406528633728e+00
1.518789722766585193e+00
1.532327848174987350e+00
1.546498233452859639e+00
1.561304296461347274e+00
1.576752909772984657e+00
1.592854696103137568e+00
1.609624087913981150e+00
1.627079115369205242e+00
1.645240897147695724e+00
1.664132821126082185e+00
1.683779416187829669e+00
1.704204931834802483e+00
1.725431658125050394e+00
1.747478033871070924e+00
1.770356605047979981e+00
1.794071907009482159e+00
1.818618352498495794e+00
1.843978211848174675e+00
1.870119771747574600e+00
1.896995754381824772e+00
1.924542069901620467e+00
1.952676962636232139e+00
1.981300596129403457e+00
2.010295105023851558e+00
2.039525124187735905e+00
2.068838788344014024e+00
2.098069179748369262e+00
2.127036187842176407e+00
2.155548733705152653e+00
2.183407303706596192e+00
2.210406730950385867e+00
2.236339159708698787e+00
2.260997126729767270e+00
2.284176693729247365e+00
2.305680567187440744e+00
2.325321144463387224e+00
2.342923428949494014e+00
2.358327761329834349e+00
2.371392318828916768e+00
2.381995339548226287e+00
2.390037034515041903e+00
2.395441155864913796e+00
2.398156195602957563e+00
