1.686215186001793038e-05
5.235842589949555887e-04
1.031163917464291910e-03
1.524165203248839268e-03
2.020596694370982958e-03
2.516170634158728433e-03
3.025465395296865739e-03
3.535617707769402127e-03
4.047485122910736248e-03
4.554207230045672836e-03
5.053211375171013341e-03
5.557360828302753547e-03
6.053792319424896803e-03
6.555369118553437159e-03
7.058661020350780885e-03
7.549089652132126224e-03
8.036088078575878701e-03
8.546240391048414223e-03
9.031523714823359861e-03
9.542533578630283189e-03
1.003639241574921098e-02
1.052510594486174254e-02
1.102153743598386845e-02
1.151196606776519991e-02
1.200239469954652964e-02
1.250311394734065530e-02
1.300469074646917744e-02
1.350798264826650295e-02
1.401985006340782623e-02
1.453343258121794594e-02
1.504272734235606590e-02
1.555030700082538769e-02
1.606388951863550046e-02
1.656803897176722246e-02
1.705332229554215595e-02
1.755318399200187993e-02
1.805047303445840579e-02
1.853661390956773750e-02
1.902018213067388150e-02
1.950203524911122560e-02
1.999074877822376237e-02
2.047688965333309755e-02
2.095445501509843322e-02
2.144745630088296801e-02
2.193616982999550130e-02
2.241888049976723321e-02
2.293503567158055104e-02
2.342117654668989316e-02
2.393818926983760226e-02
2.442347259361253922e-02
2.492676449540986300e-02
2.542576864053517835e-02
2.592305768299171462e-02
2.641605896877623899e-02
2.695879823195592925e-02
2.745437217174366215e-02
2.796452448421616471e-02
2.846610128334468859e-02
2.896853563380761415e-02
2.946325202226092455e-02
2.997597698873664257e-02
3.047755378786518032e-02
3.098684854900328814e-02
3.147899228345342471e-02
3.198314173658513976e-02
3.249758180572965421e-02
3.299229819418297849e-02
3.349730519864910216e-02
3.399459424110563149e-02
3.449702859156854318e-02
3.500546580137226665e-02
3.550790015183521997e-02
3.602148266964538131e-02
3.654021049546196664e-02
3.704864770526573176e-02
3.751506489968392533e-02
3.803293517416609509e-02
3.853879972996668984e-02
3.903523122108885912e-02
3.955310149557104971e-02
4.005124808936200154e-02
4.056654570984100094e-02
4.107584047097916080e-02
4.156712665409495466e-02
4.208070917190513682e-02
4.258914638170891581e-02
4.310444400218787359e-02
4.358200936395326824e-02
4.410845515177942711e-02
4.461346215624561323e-02
4.511332385270537537e-02
4.562090351117475961e-02
4.611905010496571838e-02
4.662748731476949043e-02
4.712563390856049778e-02
4.765550990172423562e-02
4.815965935485602700e-02
4.864751533263420719e-02
4.915509499110358449e-02
4.964209341754734911e-02
5.014367021667592850e-02
5.064610456713889569e-02
5.113824830158909124e-02
5.165697612740563494e-02
5.216112558053740550e-02
5.265412686632200273e-02
5.310768079072417797e-02
5.359467921716796340e-02
5.410054377296853734e-02
5.459611771275633268e-02
5.509340675521291752e-02
5.558726559233187481e-02
5.608798484012605945e-02
5.658870408792023021e-02
5.708170537370481357e-02
5.758156707016457571e-02
5.808228631795874647e-02
5.857786025774651406e-02
5.907343419753431635e-02
5.958444406134125876e-02
6.007916044979461773e-02
6.057216173557920108e-02
6.106087526469173438e-02
6.157445778250190266e-02
6.209147050564968462e-02
6.257589627809023725e-02
6.306203715319960712e-02
6.356704415766578631e-02
6.406004544345035578e-02
6.456247979391334380e-02
6.505119332302591872e-02
6.555191257082006173e-02
6.604405630527025728e-02
6.653362738571726165e-02
6.703091642817379792e-02
6.751534220061439218e-02
6.802120675641493142e-02
6.850649008018989961e-02
6.900377912264649138e-02
6.949335020309348188e-02
6.998120618087159961e-02
7.047678012065934638e-02
7.096806630377507086e-02
7.146106758955966809e-02
7.195835663201620436e-02
7.244964281513194271e-02
7.293921389557891932e-02
7.342106701401630853e-02
7.391149564579760356e-02
7.440106672624456630e-02
7.489321046069477572e-02
7.538621174647927581e-02
7.586977996758542675e-02
7.635935104803244500e-02
7.684206171780412487e-02
7.731448177156312329e-02
7.781005571135093946e-02
7.830648720247301853e-02
7.878233746156959594e-02
7.926161792600382172e-02
7.973746818510037138e-02
8.020817313619052480e-02
8.069688666530308585e-02
8.117530957840288219e-02
8.165802024817461757e-02
8.213558560993994284e-02
8.262001138238050935e-02
8.310014939814910906e-02
8.358286006792085832e-02
8.406385563502381808e-02
8.453627568878271936e-02
8.501212594787935228e-02
8.548711865564144474e-02
8.596811422274448777e-02
8.644910978984744754e-02
8.693525066495688680e-02
8.741710378339417886e-02
8.790152955583484251e-02
8.839367329028487152e-02
8.887295375471905567e-02
8.936252483516594902e-02
8.985381101828168737e-02
9.032022821269987400e-02
9.079607847179650693e-02
9.126592587155227254e-02
9.175378184933034864e-02
9.222105659508289532e-02
9.270633991885780800e-02
9.317104201060721902e-02
9.367176125840133427e-02
9.412102742613154271e-02
9.458058420987455750e-02
9.506500998231513788e-02
9.554257534408054642e-02
9.601413784650505989e-02
9.647883993825447091e-02
9.694611468400698984e-02
9.746484250982352660e-02
9.797413727096164482e-02
9.844055446537978982e-02
9.891554717314196554e-02
9.940168804825129378e-02
9.990326484737989399e-02
1.003739697984700613e-01
1.008138029015219206e-01
1.013008013279656783e-01
1.017869422030751037e-01
1.022559320514964398e-01
1.027412153752713941e-01
1.032264986990463207e-01
1.037006338554740531e-01
1.041721963578986360e-01
1.046437588603232605e-01
1.051333299407702510e-01
1.056451973559115742e-01
1.061098994476609852e-01
1.065926101174327068e-01
1.070410187338284996e-01
1.075528861489698645e-01
1.080004372140312835e-01
1.084754299217934037e-01
1.089598556942340257e-01
1.094408512613368883e-01
1.099372827524590229e-01
1.104371444489188059e-01
1.109593024800729077e-01
1.114342951878350141e-01
1.118869915609028015e-01
1.123482634473145780e-01
1.128489826951086794e-01
1.132871006954916382e-01
1.137355093118873894e-01
1.141521885289104310e-01
1.146374718526853853e-01
1.150884531230843555e-01
1.155754515495281687e-01
1.160118544472423519e-01
1.164859896036701953e-01
1.169429737334098662e-01
1.174171088898376403e-01
1.178569419928894718e-01
1.184134020774195856e-01
1.188763890665002348e-01
1.193702479036190950e-01
1.198340924440340766e-01
1.203219484218121665e-01
1.208295280802815647e-01
1.213336775334132589e-01
1.217769408418026278e-01
1.222236343555295618e-01
1.227174931926485607e-01
1.232756683798474917e-01
1.237961113083327902e-01
1.242599558487477163e-01
1.247701081612203472e-01
1.252759727170208448e-01
1.257878401321622097e-01
1.262765536612747430e-01
1.267901361790848558e-01
1.272805648108662480e-01
1.277709934426475014e-01
1.282674249337696637e-01
1.287827225542486353e-01
1.292774389427019388e-01
1.298416169892417371e-01
1.303834987010869806e-01
1.308773575382058685e-01
1.314140939420448129e-01
1.319053801251604818e-01
1.324841365443849284e-01
1.329342602634495385e-01
1.335130166826739850e-01
1.341123543339240165e-01
1.346490907377629054e-01
1.352038357196241880e-01
1.357825921388486623e-01
1.362858840406460381e-01
1.368432016765104287e-01
1.374356789170853299e-01
1.379732728722587176e-01
1.385365933674639616e-01
1.390921959006597708e-01
1.396289323044986597e-01
1.402051160697199705e-01
1.408121716829795755e-01
1.413729195241816561e-01
1.419645392134223638e-01
1.425595891080004285e-01
1.431709324779318337e-01
1.437248199084590894e-01
1.443258726623779797e-01
1.448849054009114512e-01
1.454610891661327343e-01
1.460784353954050485e-01
1.466709126359800885e-01
1.472719653898988956e-01
1.478764483491556980e-01
1.485058002971097191e-01
1.490828416136651680e-01
1.497019029456067019e-01
1.503346850988982186e-01
1.509357378528173310e-01
1.515247848880547366e-01
1.521429886686614663e-01
1.527963520539789566e-01
1.534274191046016977e-01
1.540533408472185006e-01
1.546741172818285326e-01
1.553060418837856616e-01
1.559259607670616388e-01
1.565750363957067182e-01
1.572558414237250068e-01
1.578963415390262637e-01
1.585385567569961573e-01
1.592347977090335653e-01
1.599181753910548509e-01
1.606178465484298379e-01
1.612875034091006965e-01
1.619648782317809066e-01
1.626585465298152622e-01
1.633384940064989410e-01
1.640467406772177783e-01
1.647712808232900394e-01
1.654495131973050814e-01
1.660994463772846041e-01
1.668136959073444892e-01
1.674533384713114692e-01
1.681075594079629032e-01
1.688158060786819070e-01
1.695223376467318577e-01
1.702220088041068169e-01
1.708985260754526392e-01
1.716230662215252334e-01
1.723424610595912232e-01
1.730301264982846421e-01
1.737323703096626537e-01
1.744106026836772516e-01
1.751025558790425818e-01
1.757567768156943488e-01
1.764221459196933794e-01
1.771252472824057789e-01
1.778163429264364714e-01
1.785177291864803173e-01
1.791839558418135137e-01
1.798441796378059399e-01
1.805378479358398791e-01
1.812126501045173144e-01
1.819157514672296583e-01
1.826111348679325674e-01
1.832713586639251879e-01
1.839547363459460294e-01
1.846484046439803850e-01
1.853120586453102514e-01
1.860160175593572607e-01
1.866702384960089722e-01
1.873570463833675870e-01
1.880532873354048840e-01
1.887443829794357153e-01
1.894200426994474828e-01
1.901085656894749010e-01
1.907936584741651564e-01
1.914633153348359595e-01
1.921535534275323753e-01
1.928309282502127797e-01
1.935057304188899652e-01
1.941968260629209908e-01
1.948664829235917106e-01
1.955472879516099993e-01
1.962032239909304032e-01
1.968368636955561690e-01
1.975065205562271942e-01
1.981821802762387119e-01
1.988569824449161194e-01
1.995317846135934714e-01
2.001988688202609445e-01
2.008436566922343347e-01
2.015158862069081902e-01
2.021632467328849103e-01
2.028183252208710374e-01
2.034948424922168597e-01
2.041456332235310200e-01
2.047904210955041604e-01
2.054652232641816234e-01
2.061142988928269248e-01
2.067676622781438045e-01
2.074313162794741427e-01
2.080803919081192499e-01
2.087166042667488175e-01
2.093433835606997029e-01
2.099881714326728432e-01
2.106295290993086822e-01
2.112511630852531019e-01
2.118736546225321038e-01
2.124644167604383127e-01
2.130860507463826770e-01
2.136888186029702874e-01
2.142958742162300312e-01
2.148917816621422616e-01
2.154902617620580441e-01
2.160767361432922862e-01
2.166674982811983563e-01
2.172282461224003258e-01
2.177889939636025729e-01
2.183360209834543653e-01
2.189164925053475597e-01
2.194437958445082659e-01
2.199410848869650936e-01
2.204778212908038160e-01
2.210377115806714809e-01
2.215933141138672346e-01
2.221446288903908828e-01
2.226968012182491963e-01
2.232386829300946340e-01
2.237857099499462044e-01
2.243121557377725506e-01
2.248420317309364758e-01
2.253830558914475812e-01
2.259163620899487523e-01
2.263506288663711397e-01
2.263506288663711397e-01
2.263506288663711397e-01
2.263506288663711397e-01
2.263506288663711397e-01
2.263506288663711397e-01
2.263506288663711397e-01
2.263506288663711397e-01
2.263506288663711397e-01
2.263506288663711397e-01
2.263506288663711397e-01
2.263506288663711397e-01
2.263506288663711397e-01
2.263506288663711397e-01
2.263506288663711397e-01
2.263506288663711397e-01
2.263506288663711397e-01
2.263506288663711397e-01
2.263506288663711397e-01
2.263506288663711397e-01
2.263506288663711397e-01
2.263506288663711397e-01
2.263506288663711397e-01
2.263506288663711397e-01
2.263506288663711397e-01
2.263506288663711397e-01
2.263506288663711397e-01
2.263506288663711397e-01
2.263506288663711397e-01
2.263506288663711397e-01
2.263506288663711397e-01
2.263506288663711397e-01
2.263506288663711397e-01
2.263506288663711397e-01
2.263506288663711397e-01
2.263506288663711397e-01
2.263506288663711397e-01
2.263506288663711397e-01
2.263506288663711397e-01
2.263506288663711397e-01
2.263506288663711397e-01
2.263506288663711397e-01
2.263506288663711397e-01
2.263506288663711397e-01
2.263506288663711397e-01
2.263506288663711397e-01
2.263506288663711397e-01
2.263506288663711397e-01
2.263506288663711397e-01
2.263506288663711397e-01
2.263506288663711397e-01
2.263506288663711397e-01
2.263506288663711397e-01
2.263506288663711397e-01
2.263506288663711397e-01
2.263506288663711397e-01
2.263506288663711397e-01
2.263506288663711397e-01
2.263506288663711397e-01
2.263506288663711397e-01
2.263506288663711397e-01
2.263506288663711397e-01
2.263506288663711397e-01
2.263506288663711397e-01
2.263506288663711397e-01
2.263506288663711397e-01
2.263506288663711397e-01
2.263506288663711397e-01
2.263506288663711397e-01
2.263506288663711397e-01
2.263506288663711397e-01
2.263506288663711397e-01
2.263506288663711397e-01
2.263506288663711397e-01
2.263506288663711397e-01
2.263506288663711397e-01
2.263506288663711397e-01
2.263506288663711397e-01
2.263506288663711397e-01
2.263506288663711397e-01
2.263506288663711397e-01
2.263506288663711397e-01
2.263506288663711397e-01
