5.039966588761580352e-02
4.626780009195557986e-02
4.296100555715647723e-02
4.012606933985980034e-02
3.759056276717449158e-02
3.529415444988768386e-02
3.319121999445971000e-02
3.126731012120081976e-02
2.950548886519227879e-02
2.788499210510090795e-02
2.638651309797232850e-02
2.498151809864064890e-02
2.367802442467019722e-02
2.246203410420862315e-02
2.132331315727012053e-02
2.024963402709955423e-02
1.924949553247237016e-02
1.831248888010739845e-02
1.743512494006964342e-02
1.661064393207110565e-02
1.584463945847209079e-02
1.512300029153324128e-02
1.444881655809098116e-02
1.381765194209750441e-02
1.322135000114721924e-02
1.266868167422414981e-02
1.213947181967593887e-02
1.165002551134805553e-02
1.119308249542858187e-02
1.076622922705085250e-02
1.036486281331453624e-02
9.990571363839542002e-03
9.632648555631340148e-03
9.297798575952528205e-03
8.980562097776341804e-03
8.682658819059664926e-03
8.401629401026376037e-03
8.137767792112568857e-03
7.889888429470574838e-03
7.655794597168534728e-03
7.434922180486370699e-03
7.225379741020362782e-03
7.017744178598090549e-03
6.828198890519031512e-03
6.649296446311631602e-03
6.481322210604805595e-03
6.318961722642775156e-03
6.167284940465916389e-03
6.020947211335749699e-03
5.880128250223064582e-03
5.748050866776571732e-03
5.619956456201274410e-03
5.501218322513246571e-03
5.388498174983914757e-03
5.271231993119760394e-03
5.166939242020166662e-03
5.066150349048392787e-03
4.971440314115330682e-03
4.880771854711179331e-03
4.795146683086722733e-03
4.713189036959812388e-03
4.634458981707533995e-03
4.560127529791653013e-03
4.488709514894832948e-03
4.420493205979800222e-03
4.355271816931680258e-03
4.292029044269241207e-03
4.231672492287588856e-03
4.164460708428449620e-03
4.107221794476100668e-03
4.052458466731140817e-03
4.000027624172067947e-03
3.948404671263426764e-03
3.897497183402316538e-03
3.848392605423584054e-03
3.800318476663410144e-03
3.753605478920283341e-03
3.707962128662661231e-03
3.663991651480844221e-03
3.621333981210183434e-03
3.580116487384119115e-03
3.539350609872002860e-03
3.500244011989341823e-03
3.462394083376518512e-03
3.425300437765713048e-03
3.389028010638364848e-03
3.353459433688499650e-03
3.319017954923786373e-03
3.284811173795152209e-03
3.251457443718808790e-03
3.219012975716953676e-03
3.186876568340386850e-03
3.155641968225968413e-03
3.125060622572013291e-03
3.095266637475238992e-03
3.065311704233937042e-03
3.036312445123231889e-03
3.008259356712487780e-03
2.980805609423842120e-03
2.953877497004965547e-03
2.927748009094194564e-03
2.901791988965802833e-03
2.876521475571514833e-03
2.849871880653805437e-03
2.824996897696247823e-03
2.801042092442118745e-03
2.777008962784792076e-03
2.753972289692604471e-03
2.731030529164000988e-03
2.708619479622776174e-03
2.686647555604201876e-03
2.665237419077441140e-03
2.643337994995908092e-03
2.622545953779306400e-03
2.602277109322271350e-03
2.582159355696994098e-03
2.562575242049709798e-03
2.543273205808165190e-03
2.524306898002660112e-03
2.505606491850484452e-03
2.487170659319625724e-03
2.469224802043935071e-03
2.451584370415023015e-03
2.433908910870996936e-03
2.401615959024164075e-03
2.384636033621737213e-03
2.368034337241010923e-03
2.351690769025045064e-03
2.335678312357053303e-03
2.320056073290736355e-03
2.304711755562479855e-03
2.289498660794561050e-03
2.274836383027773259e-03
2.252480613593186090e-03
2.237988224064629481e-03
2.224029238793498627e-03
2.210014689060787324e-03
2.196524007544009300e-03
2.183167475005375491e-03
2.170164444326404263e-03
2.157492573562552491e-03
2.145101226681770962e-03
2.133047478737205589e-03
2.121175661121866337e-03
2.109510116894354210e-03
2.097318045009925833e-03
2.085626215604354829e-03
2.074481156987556616e-03
2.063645817968859115e-03
2.052194087647265554e-03
2.041842875824636649e-03
2.031737899676506077e-03
2.021843462457231094e-03
2.012074500629960211e-03
2.002621817265695225e-03
1.993435265976703768e-03
1.984453690283551845e-03
1.975609468846437934e-03
1.966931367804290384e-03
1.958520888276068638e-03
1.950249880754140880e-03
1.942114125930320418e-03
1.934233921050865831e-03
1.926371821197495277e-03
1.918711349663818760e-03
1.911225904353781651e-03
1.903979068206112721e-03
1.896807379594256989e-03
1.889916476091295676e-03
1.883174785080827217e-03
1.876628265044615572e-03
1.870246294294359386e-03
1.863243367864733137e-03
1.857114288514812505e-03
1.851154614522195103e-03
1.845254016877583263e-03
1.839613428372975255e-03
1.834096546122297678e-03
1.828795655298489980e-03
1.823567734903227362e-03
1.818579053845505600e-03
1.813723428605134615e-03
1.809016774607468975e-03
1.804452567317114953e-03
1.800008543583467594e-03
1.795624422195802195e-03
1.791300606064443000e-03
1.787212392504607637e-03
1.783264185037801604e-03
1.779348514619636659e-03
1.775619952791774279e-03
1.772050663268478392e-03
1.768534798708146921e-03
1.765156687054948237e-03
1.761925625635124993e-03
1.758822317594373056e-03
1.755536118221448288e-03
1.752151952498168415e-03
1.749193188529362709e-03
1.746421841660765993e-03
1.743752786979109373e-03
1.741132918349595207e-03
1.738283277999091601e-03
1.735876717455802796e-03
1.733505901010224531e-03
1.731151833313381624e-03
1.728676791346776256e-03
1.726586968901228352e-03
1.724610709157839341e-03
1.722678155807630960e-03
1.720867851604696757e-03
1.719091074289202893e-03
1.717438634026732976e-03
1.715802788471056670e-03
1.714219273442700673e-03
1.712716917299314393e-03
1.711241165335403418e-03
1.709853470450171118e-03
1.708352145086737333e-03
1.707060481170313707e-03
1.705836596321023231e-03
1.704476400017411247e-03
1.703384497166223616e-03
1.702278678798808606e-03
1.701264780251205734e-03
1.699703540023240209e-03
1.698591879527742033e-03
1.697030973814880493e-03
1.696087298748341805e-03
1.695169808678175481e-03
1.694341514817541711e-03
1.693533106348340178e-03
1.692773121241560692e-03
1.692032404952784628e-03
1.691330741729687656e-03
1.690624579784423759e-03
1.689986526945389108e-03
1.689350607491255920e-03
1.688759856042529577e-03
1.688205196854970173e-03
1.687679976161609533e-03
1.687133761355483598e-03
1.686646841000322963e-03
1.686168353993019401e-03
1.685719741878110179e-03
1.685190166713829195e-03
1.684762402313806423e-03
1.684334133162876564e-03
1.683953683942906619e-03
1.683582619947197184e-03
1.683220441190577156e-03
1.678284585924757436e-03
1.677935964910930210e-03
1.677611062551526751e-03
1.677306024617860204e-03
1.677025737886110243e-03
1.676755733545465732e-03
1.676478353112195426e-03
1.676222990056781131e-03
1.675987040845003254e-03
1.675757660363919738e-03
1.675546052879523439e-03
1.675325522337716994e-03
1.675135004535841226e-03
1.674924312709018780e-03
1.674632342200313992e-03
1.674458816111914789e-03
1.674290725364481090e-03
1.674130933571438490e-03
1.673939264446477025e-03
1.673805741559455332e-03
1.673641030203910137e-03
1.673455946786297707e-03
1.673248700158840203e-03
1.673125484164785437e-03
1.672999434217731533e-03
1.672893161362195473e-03
1.672781941751799078e-03
1.672661007403961758e-03
1.672566480469169121e-03
1.672469620859208224e-03
1.672365270153497105e-03
1.672274468516872937e-03
1.672186706933393319e-03
1.672088849674869702e-03
1.672022040756396960e-03
1.671933522833080662e-03
1.671858675253580940e-03
1.671774308265445725e-03
1.671701984935399779e-03
1.671614767542178772e-03
1.671566117375705056e-03
1.671523817350424818e-03
1.671474665275444376e-03
1.671425489024025305e-03
1.671376978475235973e-03
1.671324350363413485e-03
1.671264519061716998e-03
1.671236631730270081e-03
1.671181201783983068e-03
1.671147583450123065e-03
1.671110759419410993e-03
1.671085165611315565e-03
1.671065518644929962e-03
1.671044557254200251e-03
1.671027391474545765e-03
1.671008262356150995e-03
1.670982034360035976e-03
1.670967329554391570e-03
1.670952811418601434e-03
1.670940580460404884e-03
1.670933429420368502e-03
1.670927576307370968e-03
1.670921569915729101e-03
1.670918647855540668e-03
1.670915058100058215e-03
1.670910748873616824e-03
1.670892395330082249e-03
1.670886679942568077e-03
1.670879593955799155e-03
1.670875837951393437e-03
1.670874148581065564e-03
1.670873711027410146e-03
1.670868606006606274e-03
1.670866992783946649e-03
1.670864483909985853e-03
1.670861500033686163e-03
1.670858283542618096e-03
1.670850580818859787e-03
1.670846925783871575e-03
1.670845205675476662e-03
1.670842039302786360e-03
1.670841163870676743e-03
1.670840446725090338e-03
1.670837984990322482e-03
1.670830540410618917e-03
1.670825895932035940e-03
1.670823094765343025e-03
1.670820618366363050e-03
1.670819259752986301e-03
1.670816569085710294e-03
1.670813237344201960e-03
1.670809057979794456e-03
1.670804980500870942e-03
1.670800961801649888e-03
1.670797879585576157e-03
1.670789698807585797e-03
1.670785718545999112e-03
1.670783847761481578e-03
1.670778420057947560e-03
1.670774391298474396e-03
1.670771575169468408e-03
1.670760627825363396e-03
1.670758274235897281e-03
1.670753262768007955e-03
1.670749680488683650e-03
1.670736764232953319e-03
1.670734539131318473e-03
1.670728838016913471e-03
1.670724759705469707e-03
1.670719032121658829e-03
1.670713678066176443e-03
1.670709650342808291e-03
1.670703704979945459e-03
1.670687501973056781e-03
1.670685088869968771e-03
1.670676994028429726e-03
1.670671123489275104e-03
1.670659002747011722e-03
1.670651127423406672e-03
1.670640894364359193e-03
1.670628855538526698e-03
1.670627423238146836e-03
1.670623959313738893e-03
1.670619524427769146e-03
1.670615343464564593e-03
1.670608202511789098e-03
1.670591484893992713e-03
1.670588210393289140e-03
1.670572175908744978e-03
1.670558314705395363e-03
1.670541606625842871e-03
1.670529459972133540e-03
1.670525515276471409e-03
1.670524850411337758e-03
1.670511725440758637e-03
1.670459202400931091e-03
1.670465998883832303e-03
1.669983122220138191e-03
1.669999221244789769e-03
1.670048994581591062e-03
1.669537456517940438e-03
1.669453957405290243e-03
1.670135343697992701e-03
1.670798882186351779e-03
1.672770001810016186e-03
1.676774795541756185e-03
1.684023699885522354e-03
1.703324639210202548e-03
1.737246808363107371e-03
1.816300587112765381e-03
1.981514806038309640e-03
2.262445531819189896e-03
2.748868494254130043e-03
2.996667221147645502e-03
3.751523557018102313e-03
4.008829325296282310e-03
5.693153644861712048e-03
7.319261766063791912e-03
1.082956301519018803e-02
1.572922498615704143e-02
1.936999354873816456e-02
2.800303002084236770e-02
3.720151068470356481e-02
5.219741173427062259e-02
7.636514719814545271e-02
1.456354339220573280e-01
8.760784602592366355e-01
8.971119264255113602e+08
8.971119263316302299e+08
8.971119262377510071e+08
8.971119261438717842e+08
8.971119260499930382e+08
8.971119259561148882e+08
8.971119258622379303e+08
8.971119257683614492e+08
8.971119256744861603e+08
8.971119255806107521e+08
8.971119254867362976e+08
8.971119253928619623e+08
8.971119252989884615e+08
8.971119252051160336e+08
8.971119251112439632e+08
8.971119250173721313e+08
8.971119249235012531e+08
8.971119248296309710e+08
8.971119247357606888e+08
8.971119246418920755e+08
8.971119245480237007e+08
8.971119244541556835e+08
8.971119243602881432e+08
8.971119242664219141e+08
8.971119241725561619e+08
8.971119240786911249e+08
8.971119239848256111e+08
8.971119238909615278e+08
8.971119237970981598e+08
8.971119237032353878e+08
8.971119236093733311e+08
8.971119235155118704e+08
8.971119234216505289e+08
8.971119233277896643e+08
8.971119232339299917e+08
8.971119231400711536e+08
8.971119230462123156e+08
8.971119229523538351e+08
8.971119228584964275e+08
8.971119227646402121e+08
8.971119226707838774e+08
8.971119225769295692e+08
8.971119224830746651e+08
8.971119223892201185e+08
8.971119222953660488e+08
8.971119222015134096e+08
8.971119221076605320e+08
8.971119220138088465e+08
8.971119219199578762e+08
8.971119218261070251e+08
8.971119217322576046e+08
8.971119216384080648e+08
8.971119215445597172e+08
8.971119214507112503e+08
8.971119213568633795e+08
8.971119212630172968e+08
8.971119211691712141e+08
8.971119210753257275e+08
8.971119209814807177e+08
8.971119208876360655e+08
8.971119207937924862e+08
8.971119206999493837e+08
8.971119206061069965e+08
8.971119205122654438e+08
8.971119204184240103e+08
8.971119203245834112e+08
8.971119202307431698e+08
8.971119201369043589e+08
8.971119200430654287e+08
8.971119199492268562e+08
8.971119198553897142e+08
8.971119197615529299e+08
8.971119196677166224e+08
8.971119195738813877e+08
8.971119194800456762e+08
8.971119193862117529e+08
8.971119192923780680e+08
8.971119191985450983e+08
8.971119191047120094e+08
8.971119190108805895e+08
8.971119189170491695e+08
8.971119188232181072e+08
8.971119187325161695e+08
