1.149100409974977532e+00
1.149603821892663191e+00
1.150608314015349354e+00
1.152110169643044468e+00
1.154105855922231472e+00
1.156593676890285805e+00
1.159574944492622661e+00
1.163054268464687180e+00
1.167038871826783897e+00
1.171537178268464707e+00
1.176557173582598814e+00
1.182105126551826979e+00
1.188185135378171609e+00
1.194799683322373740e+00
1.201951037107965359e+00
1.209643023113294191e+00
1.217882572343966352e+00
1.226680487081750481e+00
1.236051131511637369e+00
1.246011102384952718e+00
1.256577273744634571e+00
1.267764815997060479e+00
1.279585792690851154e+00
1.292048736196583558e+00
1.305159264471910552e+00
1.318921441155883612e+00
1.333339324724676311e+00
1.348418089811905141e+00
1.364164259810927815e+00
1.380584913349708120e+00
1.397686106769944647e+00
1.415471056146722750e+00
1.433938735182680668e+00
1.453083422036541839e+00
1.472895402311209967e+00
1.493362611886819735e+00
1.514472624260937872e+00
1.536214184903218927e+00
1.558577547001475327e+00
1.581553162414162772e+00
1.605128737570534758e+00
1.629285129221272665e+00
1.653991875446961579e+00
1.679203226352111056e+00
1.704855335171359565e+00
1.730864867664809958e+00
1.757128830413470233e+00
1.783525074058079696e+00
1.809912827100658150e+00
1.836132807020044666e+00
1.862006879607692067e+00
1.887337744060030076e+00
1.911909515579853558e+00
1.935490186748986652e+00
1.957836687545488008e+00
1.978702668960969469e+00
1.997848365058727316e+00
2.015051178845976843e+00
2.030115229647114550e+00
2.042878160397119114e+00
2.053214062349911995e+00
2.061032303153729650e+00
2.066273084036319041e+00
2.068901392267125328e+00
