1.315541923690725802e-05
5.919284158138771743e-04
1.167428920043357991e-03
1.777290593921476399e-03
2.370789806062146166e-03
2.972470249071538194e-03
3.574150692080930655e-03
4.195466089175265388e-03
4.838052686528278475e-03
5.497819868705614531e-03
6.146951450753605772e-03
6.818172356147151648e-03
7.491029507714445750e-03
8.167159151629231964e-03
8.834289441588427660e-03
9.496510993026381284e-03
1.017427688311491052e-02
1.086758711185401190e-02
1.155107986355064821e-02
1.221575578424921940e-02
1.288043170494779059e-02
1.357374193368689891e-02
1.426705216242599508e-02
1.495218116029635794e-02
1.562012957334239782e-02
1.635516407951196835e-02
1.705092867751166821e-02
1.776387386033568758e-02
1.847600092007284020e-02
1.920530856463431232e-02
1.991661750128458780e-02
2.064674326893292319e-02
2.137523279040753205e-02
2.209308671175278654e-02
2.280930438692429715e-02
2.353533953913827456e-02
2.424828472196228699e-02
2.498250110504500118e-02
2.569462816478213993e-02
2.641248208612740137e-02
2.712051853043018559e-02
2.784982617499165078e-02
2.857013446559750897e-02
2.928962463311648307e-02
3.000175169285361140e-02
3.074005869137065236e-02
3.144236827406533819e-02
3.216267656467118596e-02
3.286744051662646160e-02
3.358038569945046015e-02
3.425487909719147905e-02
3.491464627936881338e-02
3.557686783080669241e-02
3.623990750533148675e-02
3.688658471811884221e-02
3.752017196151623962e-02
3.817421228208543738e-02
3.880534515622221375e-02
3.943811427653274443e-02
4.010851705883937413e-02
4.078137421040661792e-02
4.142805142319398032e-02
4.207472863598132190e-02
4.270177089468372988e-02
4.330999632238808489e-02
4.394931042739358418e-02
4.459762388635467312e-02
4.524021048370765324e-02
4.588361520414751399e-02
4.654174614015108707e-02
4.719087772219907051e-02
4.780973875003276252e-02
4.844250787034328626e-02
4.907364074448009039e-02
4.969004740305316831e-02
5.032936150805864678e-02
5.096376687454294563e-02
5.156871980989979898e-02
5.217858148377790134e-02
5.279744251161159335e-02
5.345066470909393130e-02
5.407525259853571825e-02
5.471538482662809122e-02
5.534569957767800780e-02
5.597683245181478418e-02
5.660305658743034624e-02
5.726200564652088321e-02
5.787841230509404439e-02
5.851690828701276020e-02
5.914640491497585861e-02
5.977835591219959194e-02
6.043975934055073607e-02
6.107498283012197104e-02
6.172084191982252221e-02
6.236342851717558561e-02
6.303055880713483161e-02
6.368378100461725977e-02
6.430100578627725993e-02
6.494031989128283555e-02
6.558863335024399388e-02
6.624267367081329572e-02
6.688362402199261869e-02
6.754011871182249993e-02
6.819579527856550749e-02
6.889565049199963820e-02
6.954560019713457164e-02
7.022336608722311302e-02
7.091749443904916961e-02
7.155926291331533851e-02
7.221739384931898098e-02
7.287879727767006266e-02
7.353201947515249082e-02
7.419505914967733373e-02
7.485400820876780825e-02
7.552277474490082243e-02
7.617681506547009651e-02
7.682594664751811464e-02
7.750371253760672541e-02
7.815038975039412250e-02
7.884533622530703889e-02
7.950510340748444260e-02
8.015178062027185357e-02
8.081809278714424671e-02
8.147622372314790307e-02
8.212453718210901976e-02
8.280393931837129462e-02
8.345470714659308786e-02
8.412429180581297572e-02
8.478160461872971676e-02
8.544628053942834867e-02
8.612322830643005800e-02
8.677890487317306556e-02
8.743785393226360947e-02
8.810825671457032937e-02
8.877865949687702152e-02
8.941061049410080341e-02
9.009164887653678400e-02
9.073341735080300841e-02
9.141118324089156366e-02
9.209140350024078159e-02
9.275526129785255369e-02
9.341339223385618229e-02
9.406006944664362102e-02
9.474765281377464654e-02
9.540251125743087757e-02
9.609418523999625761e-02
9.677276925317175593e-02
9.742762769682793145e-02
9.810375734074278098e-02
9.876270639983328326e-02
9.943310918213998928e-02
1.001100569491417541e-01
1.007673697620585090e-01
1.014533168830158427e-01
1.021253559114962961e-01
1.028039399246717805e-01
1.034407996604167490e-01
1.041169293043316263e-01
1.048069670407232867e-01
1.054814604384643612e-01
1.061510450976842074e-01
1.068361740955546813e-01
1.075180306010776604e-01
1.081745252909075972e-01
1.088212025036950636e-01
1.094965140245230117e-01
1.101783705300459909e-01
1.108545001739608404e-01
1.115069042483563810e-01
1.121756707844893813e-01
1.128329835974061918e-01
1.135074769951474605e-01
1.141811522698015779e-01
1.148556456675427079e-01
1.154965960187222113e-01
1.161490000931177657e-01
1.168136760138165087e-01
1.174652619651252450e-01
1.181463003475613366e-01
1.188158850067812106e-01
1.195026502508255012e-01
1.201836886332615789e-01
1.208344564614834277e-01
1.215195854593538460e-01
1.221482639642301610e-01
1.228456648084037955e-01
1.234907057750175147e-01
1.241414736032392246e-01
1.247832420775055184e-01
1.254151930747293697e-01
1.260929589648179527e-01
1.267568167624296138e-01
1.274272195447364864e-01
1.281017129424776024e-01
1.287483901552649856e-01
1.294318829069618093e-01
1.300605614118380271e-01
1.307203285940154447e-01
1.313833682685405235e-01
1.320120467734167413e-01
1.326996301405477807e-01
1.333299448915978014e-01
1.340011657969915893e-01
1.346805679332538364e-01
1.353313357614757406e-01
1.359681954972206674e-01
1.366107820945739459e-01
1.372852754923150342e-01
1.379270439665814529e-01
1.386187179491467636e-01
1.392629407926736784e-01
1.398998005284186608e-01
1.405751120492467476e-01
1.412512416931615000e-01
1.418733752133428117e-01
1.425306880262596498e-01
1.431822739775684139e-01
1.438297693134427124e-01
1.445050808342707993e-01
1.451591211548401428e-01
1.458123433523224599e-01
1.464655655498049713e-01
1.471171515011136521e-01
1.477531931137718579e-01
1.484162327882967147e-01
1.490899080629509710e-01
1.497676739530394985e-01
1.504249867659564477e-01
1.510937533020893786e-01
1.517510661150061613e-01
1.524116514202704387e-01
1.530624192484922041e-01
1.537369126462334035e-01
1.544040429361926980e-01
1.550490839028063617e-01
1.556998517310282104e-01
1.563514376823368635e-01
1.569989330182111620e-01
1.576480646002592911e-01
1.583086499055235685e-01
1.589692352107878737e-01
1.596470011008764567e-01
1.603157676370094153e-01
1.609689898344919545e-01
1.616991156021403142e-01
1.623523377996226869e-01
1.630137412279738518e-01
1.636399653635893792e-01
1.643177312536779899e-01
1.649709534511604736e-01
1.656258118948166769e-01
1.662741253537779740e-01
1.669265294281734313e-01
1.675871147334375422e-01
1.682387006847463062e-01
1.688804691590125029e-01
1.695492356951453783e-01
1.701869135539774425e-01
1.708540438439365150e-01
1.715072660414189432e-01
1.721580338696406254e-01
1.728398903751635907e-01
1.734996575573409250e-01
1.741512435086497446e-01
1.748101925677401081e-01
1.754814134731337849e-01
1.761559068708748177e-01
1.767919484835328847e-01
1.774345350808859689e-01
1.781155734633222132e-01
1.787843399994550331e-01
1.794580152741093448e-01
1.801194187024603710e-01
1.808053658234176908e-01
1.814438618053363927e-01
1.821232639415988896e-01
1.828501172168996713e-01
1.835450636918126988e-01
1.841851959199049815e-01
1.848645980561672564e-01
1.855014577919121554e-01
1.861669518356979802e-01
1.868324458794833332e-01
1.875110298926587205e-01
1.881388902744481340e-01
1.888411998571429273e-01
1.895222382395789218e-01
1.901991860065806728e-01
1.908589531887580626e-01
1.915301740941516007e-01
1.922406649077151308e-01
1.929519738443654930e-01
1.936117410265429661e-01
1.942993243936740055e-01
1.949852715146312143e-01
1.957055798052370899e-01
1.964095256341056306e-01
1.971494688787965854e-01
1.978247803996244503e-01
1.985409980747960823e-01
1.992703057193576377e-01
2.000405195182629048e-01
2.007665546704769377e-01
2.014958623150383543e-01
2.022325330673817867e-01
2.029438420040320656e-01
2.036886939872442071e-01
2.043967304315470745e-01
2.051554905072360546e-01
2.058888887672320755e-01
2.065821989959710780e-01
2.073458678101814112e-01
2.080907197933933861e-01
2.088666604539067273e-01
2.095853324983389387e-01
2.103539100510702364e-01
2.111102157574985538e-01
2.118493408791026489e-01
2.126048284624439955e-01
2.133750422613493736e-01
2.141722541221212084e-01
2.149768290906750035e-01
2.157421341510590285e-01
2.165025304729217559e-01
2.172711080256532479e-01
2.180527755477746077e-01
2.188344430698959397e-01
2.196234736997991766e-01
2.204313211607004941e-01
2.212563492064261450e-01
2.220265630053313566e-01
2.228213204968426675e-01
2.235874436803134968e-01
2.243805649256511159e-01
2.251614143246854216e-01
2.259512630776754072e-01
2.267255674920146680e-01
2.275023262756147302e-01
2.283347174291215642e-01
2.291458373823697936e-01
2.299635023203132900e-01
2.307958934738204571e-01
2.316160127810242830e-01
2.324418589498361554e-01
2.332775225956908172e-01
2.340796431949837275e-01
2.349210337024464634e-01
2.357517886097796334e-01
2.365669991784622728e-01
2.374010265781432705e-01
2.382497801933877168e-01
2.390944431931978087e-01
2.399104718849674744e-01
2.407510442693429342e-01
2.415948891460662495e-01
2.424403702689633400e-01
2.432948507458161380e-01
2.441444224841474997e-01
2.450430816076909490e-01
2.458591102994607258e-01
2.467389525920063165e-01
2.476228854999862061e-01
2.485076365310530944e-01
2.493302102075176385e-01
2.502345961926694118e-01
2.511373459316477152e-01
2.520433681629730138e-01
2.529142111015628136e-01
2.537965077633690947e-01
2.546910762714784671e-01
2.555872810257613925e-01
2.565006663648690122e-01
2.573788724112407444e-01
2.582906215041745890e-01
2.592080974587161468e-01
2.601124834438676148e-01
2.610144150597587531e-01
2.619441628606037353e-01
2.628600025689716291e-01
2.637889322467295572e-01
2.647121350628792169e-01
2.656173391711179610e-01
2.665389057410941787e-01
2.674817435113289732e-01
2.684098550659999027e-01
2.693698734210588364e-01
2.703421636224212499e-01
2.712620939462234149e-01
2.722122948242402529e-01
2.731305889018688093e-01
2.741077878417520486e-01
2.750440806272921868e-01
2.759926452591351387e-01
2.769780254298871980e-01
2.779167725846875547e-01
2.788669734627041707e-01
2.798319005562846518e-01
2.808041907576465657e-01
2.817576641280106209e-01
2.827086831291141800e-01
2.836948814229533489e-01
2.846189023621901182e-01
2.855830113326835451e-01
2.865610283956541160e-01
2.875611347819697627e-01
2.885686042760672865e-01
2.895629838007749979e-01
2.905639083101781983e-01
2.915492884809303131e-01
2.925461223748988537e-01
2.935331387918247992e-01
2.945471532706177009e-01
2.955750758418870805e-01
2.965588197664654202e-01
2.975597442758680100e-01
2.985966662010932082e-01
2.996327700032315189e-01
3.006508750974585253e-01
3.016673439455120898e-01
3.027108108554319443e-01
3.037321884420064455e-01
3.047257498436274914e-01
3.057520361687229848e-01
3.067922305862954002e-01
3.078659680504297058e-01
3.088832550215699912e-01
3.099422662701405429e-01
3.110151856111880719e-01
3.120774693521059517e-01
3.131700236472383381e-01
3.142511242191547982e-01
3.153584047298508830e-01
3.164329603170720762e-01
3.175165152582488659e-01
3.186221595227713976e-01
3.197040782177742457e-01
3.207688163279528992e-01
3.218695518539541056e-01
3.229735598723025292e-01
3.240873853676937144e-01
3.251758490473917740e-01
3.262929470351304539e-01
3.274304981000407122e-01
3.284944180871324226e-01
3.295804273975698195e-01
3.306909804006132880e-01
3.317761715879644080e-01
3.328891789602681506e-01
3.340160944250492037e-01
3.351716441978701000e-01
3.362609260006551026e-01
3.373592071573957019e-01
3.384386714831387755e-01
3.395066820856654233e-01
3.405959638884504259e-01
3.416893363066695888e-01
3.427704368785859379e-01
3.438981704664534345e-01
3.449882703923254357e-01
3.461217308418015337e-01
3.472568275374512958e-01
3.483665624174080988e-01
3.494452086200635632e-01
3.505083104840683861e-01
3.515984104099403873e-01
3.526705116279010843e-01
3.537597934306859759e-01
3.547918066173899043e-01
3.558696346969585922e-01
3.569450084072665619e-01
3.580318358407906243e-01
3.591211176435756824e-01
3.602210350464901678e-01
3.613152255877961627e-01
3.624274148370135173e-01
3.635183328859721286e-01
3.645969790886275930e-01
3.656535359679375374e-01
3.666839129084680793e-01
3.677511053879076175e-01
3.687847548207847104e-01
3.698552197925716323e-01
3.709420472260954726e-01
3.719994222284925267e-01
3.730118004611116533e-01
3.740503586325106267e-01
3.750529193880871026e-01
3.760832963286169783e-01
3.770850389611063447e-01
3.780614197779034735e-01
3.790549811795244084e-01
3.800354526117554199e-01
3.810093790592912755e-01
3.819939411069568358e-01
3.828803283841972216e-01
3.838305292622138376e-01
3.847586408168848227e-01
3.856949336024247943e-01
3.866467707266150744e-01
3.875372486192902866e-01
3.883695743229499953e-01
