1.906406849044609345e-02
1.630911442630739519e-02
1.464056535773466255e-02
1.343488749077406154e-02
1.242109442703461311e-02
1.155099719168340561e-02
1.080082684551381816e-02
1.015014094707154119e-02
9.563662251171325610e-03
9.023258550708677592e-03
8.525205647177283227e-03
8.069107591145109268e-03
7.645510373692899000e-03
7.249771441168681788e-03
6.882221375493633581e-03
6.540708845528194447e-03
6.222924272153752996e-03
5.925857534453302447e-03
5.646413203620900823e-03
5.384164111474448906e-03
5.137019460069659066e-03
4.904666131650827626e-03
4.685627221825228693e-03
4.479479920683052986e-03
4.286343837894397713e-03
4.104011883032909237e-03
3.931912338424035404e-03
3.769261435347023067e-03
3.615066160276066403e-03
3.468819647969522378e-03
3.330083012995802959e-03
3.198464653536792213e-03
3.073783848250272177e-03
2.955719558609111973e-03
2.843539959004380210e-03
2.736730378353747356e-03
2.635591525682204860e-03
2.539625847948789091e-03
2.448680040347905526e-03
2.362133701376429792e-03
2.280202479792265216e-03
2.202318057118363408e-03
2.128249758340298135e-03
2.058090391963099397e-03
1.991307319435831839e-03
1.928095006116884239e-03
1.868196363622180896e-03
1.811424492542357658e-03
1.757647035728705570e-03
1.706735544354772436e-03
1.658397836079412340e-03
1.612146570557765161e-03
1.567831139490609817e-03
1.525849073329287433e-03
1.485799383329195747e-03
1.447517499143757521e-03
1.410899066638548810e-03
1.376026476151686901e-03
1.342961600906684158e-03
1.311609128880894927e-03
1.282068365015102919e-03
1.254180139274635149e-03
1.227903103208719806e-03
1.203113421308808382e-03
1.179651345439249564e-03
1.157480926001133855e-03
1.136431842931991815e-03
1.116565579301672089e-03
1.097901480018095236e-03
1.080106197524496924e-03
1.063322896765455739e-03
1.047246914704012344e-03
1.031926892830785066e-03
1.017274872187494406e-03
1.003254674174669514e-03
9.898359848436912977e-04
9.770261128099273946e-04
9.648200019788630592e-04
9.530140111898525047e-04
9.416196803303404422e-04
9.306168002267948712e-04
9.199410421560737369e-04
9.096281749970170933e-04
8.997016822456838136e-04
8.900001203675244905e-04
8.805292616332888308e-04
8.712810533757689825e-04
8.623135725373412899e-04
8.536443015166456094e-04
8.451094514801888759e-04
8.368837106547332653e-04
8.287405698666430341e-04
8.209171900110982193e-04
8.131963960450648782e-04
8.057340231588701199e-04
7.983704756101940928e-04
7.911970085863099340e-04
7.842399176028310099e-04
7.774607933485452784e-04
7.707667266079590079e-04
7.642404461888779605e-04
7.577698726479452666e-04
7.514782122148405121e-04
7.452639432735099975e-04
7.390748091519964286e-04
7.330872098423846760e-04
7.271920922767355008e-04
7.212012938697183635e-04
7.154906169158920101e-04
7.099017495776466756e-04
7.044172116405892107e-04
6.990338645368632687e-04
6.936758376662757958e-04
6.883457145662085419e-04
6.831484065774417027e-04
6.780307393355773909e-04
6.730384996410319334e-04
6.680495772837347990e-04
6.632041472273847178e-04
6.583260636588350243e-04
6.535836583360421547e-04
6.488751552488231664e-04
6.442369385689535304e-04
6.396587565387159852e-04
6.350892837203578941e-04
6.306119645812350866e-04
6.261827742102460187e-04
6.218334572522429262e-04
6.175164683678150464e-04
6.132244967046534233e-04
6.089600857018972633e-04
6.047628292456678004e-04
6.006129913668802316e-04
5.964996381445969616e-04
5.924397790491915282e-04
5.884356148381246401e-04
5.844582313020342144e-04
5.805335502549384494e-04
5.766319725829377723e-04
5.727492696642666123e-04
5.689361859902147952e-04
5.651431019214687079e-04
5.614256632125201119e-04
5.576447445785161824e-04
5.539413518669549126e-04
5.502892525444805834e-04
5.466336127432870270e-04
5.430526409127845724e-04
5.394952872785003292e-04
5.359808852738595641e-04
5.324990093741506243e-04
5.290252275016879774e-04
5.255856783068916290e-04
5.221399290636645658e-04
5.187506401798494581e-04
5.153713087513325884e-04
5.120600829104052665e-04
5.087587356449788491e-04
5.054455108762754027e-04
5.021948465664967777e-04
4.989727008630700329e-04
4.957278188533899939e-04
4.924588118055656756e-04
4.893215197714646109e-04
4.861933747281183254e-04
4.830529614373236711e-04
4.799430389144711826e-04
4.768520289064534512e-04
4.738316719446487640e-04
4.708258964687775405e-04
4.678628089685248049e-04
4.648741438023721315e-04
4.619199823213040318e-04
4.589599949960445897e-04
4.560537459936202763e-04
4.531589909886881372e-04
4.502509713539456495e-04
4.474189540617884387e-04
4.446128419955691245e-04
4.418046747601813914e-04
4.389376786132505293e-04
4.361551454971199682e-04
4.334003989648245740e-04
4.306527076502177846e-04
4.279430656229802677e-04
4.252615092200270051e-04
4.225987566265423392e-04
4.199714808401858049e-04
4.173552187013996597e-04
4.147773464614191953e-04
4.121618034689658117e-04
4.096105530813432872e-04
4.070678264831455368e-04
4.045256797207924895e-04
4.020204798098304879e-04
3.995145018540499182e-04
3.970371920759772346e-04
3.945781708376876131e-04
3.921362745148606731e-04
3.897205753621625114e-04
3.873098819869212292e-04
3.849299192888025792e-04
3.825588339758747062e-04
3.801903942421506750e-04
3.778366652400450085e-04
3.755178641550513527e-04
3.732125849697866303e-04
3.709073448024926742e-04
3.686219667429108961e-04
3.663383166697256675e-04
3.640774475955694178e-04
3.618553631594333630e-04
3.596487521816382196e-04
3.574072977949155328e-04
3.552212820192607746e-04
3.530531892300223674e-04
3.508951212721110537e-04
3.487601180574533954e-04
3.466403638213876775e-04
3.445302292132950556e-04
3.424080804596949966e-04
3.403255092757282428e-04
3.382655693831469420e-04
3.361443455975932125e-04
3.341096711157925730e-04
3.320816653617609344e-04
3.300529202497950987e-04
3.280415295885517218e-04
3.260621257404133170e-04
3.241033499578053123e-04
3.221511951625424439e-04
3.202198891682689666e-04
3.182998412838596025e-04
3.163899406559966539e-04
3.145042951862576084e-04
3.126174429317847342e-04
3.107530395105019506e-04
3.089065355365576589e-04
3.070684732714296637e-04
3.052442986594207960e-04
3.034135969734701047e-04
3.016045476189407209e-04
2.998074652377413145e-04
2.980110810356449810e-04
2.961799130506276019e-04
2.944122004930788713e-04
2.926703112724117375e-04
2.909527464382556899e-04
2.892219711284517848e-04
2.875139364248464478e-04
2.858202443981016348e-04
2.841297576592307001e-04
2.824611269917532319e-04
2.808176859263304833e-04
2.791818252786179414e-04
2.775552736239432407e-04
2.759464938756400949e-04
2.743489084757299700e-04
2.727675224836539837e-04
2.712029605266015175e-04
2.696450437623869952e-04
2.680971954065142844e-04
2.665580587654659277e-04
2.650377956252541870e-04
2.635309012785363872e-04
2.620342527960980387e-04
2.605545990580281990e-04
2.590844727353950206e-04
2.576354138800160702e-04
2.561881351050211046e-04
2.547583998534903816e-04
2.533430428458130013e-04
2.519363400573250943e-04
2.505265960973645503e-04
2.491416167224840407e-04
2.477673198247741146e-04
2.462785938032184042e-04
2.449189838662004805e-04
2.435849852188063899e-04
2.422518697998672448e-04
2.409357860966839589e-04
2.396225590917308286e-04
2.383227763193187653e-04
2.370263082715953339e-04
2.357332083893863008e-04
2.344725670336442419e-04
2.332297291528949088e-04
2.319998902680102306e-04
2.307776135048252464e-04
2.295691514737810521e-04
2.283627805752993232e-04
2.271935775522689407e-04
2.260313975719119609e-04
2.248654093187770430e-04
2.237113455169012228e-04
2.225827999082041048e-04
2.214779706812752748e-04
2.203782745863257599e-04
2.192633561458813996e-04
2.181894577117724084e-04
2.171176881658659142e-04
2.159222959992135131e-04
2.148681287836006219e-04
2.138492412358246970e-04
2.128479773042670311e-04
2.115960173663604773e-04
2.106066279806033457e-04
2.096310869999608913e-04
2.086760639263695748e-04
2.077320188631443865e-04
2.067993122834450577e-04
2.058340057172555076e-04
2.048260039121434705e-04
2.039311403722552654e-04
2.029313685910082458e-04
2.020602434765220114e-04
2.011523050047982881e-04
2.003095048401095724e-04
1.994609416391767798e-04
1.986467025043417217e-04
1.978374529499772724e-04
1.969818220101376819e-04
1.962115094026224693e-04
1.954335075379968838e-04
1.946715741100937954e-04
1.939373424003744753e-04
1.930662229795858972e-04
1.923482170872597443e-04
1.915299749685553680e-04
1.908347367115315106e-04
1.901588248965950187e-04
1.893403955707123620e-04
1.886822103972623230e-04
1.880388975317427388e-04
1.873912026247243404e-04
1.867488303879822882e-04
1.861469357929443715e-04
1.855591460967561833e-04
1.849531401775629329e-04
1.843742493040580362e-04
1.838138977006589087e-04
1.832693226382029752e-04
1.827366282391114968e-04
1.822104875015559747e-04
1.816306228795212167e-04
1.811234047549432598e-04
1.806316566825734167e-04
1.801457383637145883e-04
1.796728893258683695e-04
1.792022724002781929e-04
1.787425942851297237e-04
1.782754809764513311e-04
1.777826564362093174e-04
1.773526725377334628e-04
1.769286199077922510e-04
1.765228135407785550e-04
1.761227134955361639e-04
1.757102819346261814e-04
1.753254374720723677e-04
1.749410223083128213e-04
1.745720394548389541e-04
1.742155189937999742e-04
1.738651696445184746e-04
1.734408019868701357e-04
1.730749257069071013e-04
1.727460255718571750e-04
1.724345259654250315e-04
1.721011068333964293e-04
1.717932302084610992e-04
1.714991524509645372e-04
1.712150883331410470e-04
1.709411335393951200e-04
1.706449592067685263e-04
1.703096043616094486e-04
1.700564043601533791e-04
1.697909820311843568e-04
1.695532577236782761e-04
1.693305914691702247e-04
1.691176263328014197e-04
1.689106021263846755e-04
1.687134912381237691e-04
1.685208192670505415e-04
1.683215470206713847e-04
1.680980097005139540e-04
1.679110508279485383e-04
1.677443080044638377e-04
1.675919554297694819e-04
1.674277012151112530e-04
1.672844537511046080e-04
1.671267523246529590e-04
1.668812245815317469e-04
1.666973555608022839e-04
1.665675435804214852e-04
1.664449928445887095e-04
1.663248167163184916e-04
1.662107276215965426e-04
1.661096211363015504e-04
1.660156907140178167e-04
1.659135950083906572e-04
1.658251747518464897e-04
1.657435654751579523e-04
1.656074001520319949e-04
1.654758448760134401e-04
1.653721450050400679e-04
1.653024691381720600e-04
1.652337568023923558e-04
1.651464313929381842e-04
1.650856933062024154e-04
1.650295711230753682e-04
1.649738443092317488e-04
1.649255748062205358e-04
1.648798069145207611e-04
1.648352519183305732e-04
1.647413268103039576e-04
1.646903462793813597e-04
1.646512036480081583e-04
1.646195753251511712e-04
1.645844518243601610e-04
1.645469796001301321e-04
1.645191134394849528e-04
1.644869435059258234e-04
1.644374936047961677e-04
1.644066456281709861e-04
1.643812417503471006e-04
1.643605734119597654e-04
1.643332688490976206e-04
1.643158927693277318e-04
1.643015221598181756e-04
1.642850497231320144e-04
1.642719148680329879e-04
1.642568478195942545e-04
1.642463308479599217e-04
1.642091893323384215e-04
1.641990545352344465e-04
1.641905524966380244e-04
1.641803810648402085e-04
1.641696841519956417e-04
1.641592248698727071e-04
1.641516327534234905e-04
1.641459329184852831e-04
1.641366314870534328e-04
1.641317259929771114e-04
1.641301910441208872e-04
1.641241575045153194e-04
1.641197452456206725e-04
1.641192071859667661e-04
1.641172529930741365e-04
1.641126717879548308e-04
1.641116172052140628e-04
1.641113354339439551e-04
1.641079470524262334e-04
1.641027863527261342e-04
1.640993128621418354e-04
1.640989320092276610e-04
1.640977239803904605e-04
1.640914052813780086e-04
1.640906195122074124e-04
1.640895713341892354e-04
1.640883751777526126e-04
1.640872311324957547e-04
1.640863006489632725e-04
1.640841095989833682e-04
1.640803091441566590e-04
1.640611185229720224e-04
1.640602855293439816e-04
1.640537665240391436e-04
1.640511168234821677e-04
1.640490532753104201e-04
1.640449914168115922e-04
1.640401495094011785e-04
1.640271479969363682e-04
1.640246611340752479e-04
1.640215069436658181e-04
1.640173514895451232e-04
1.640140987820022775e-04
1.640102849415800662e-04
1.640063423193332951e-04
1.640015429969735473e-04
1.639998742504724305e-04
1.639921097556991424e-04
1.639858665902128203e-04
1.639759940671962489e-04
1.639674092184471030e-04
1.639638607756142678e-04
1.639598750158573312e-04
1.639449534380413688e-04
1.639102753310441724e-04
1.638907039469759920e-04
1.638407460188469344e-04
1.638104076118277190e-04
1.637909153308084382e-04
1.637637753783456336e-04
1.637466999429304797e-04
1.637427392881688555e-04
1.637319992155372109e-04
1.636982000277115612e-04
1.637210243229363787e-04
1.637259142624762002e-04
1.637236703163884733e-04
1.642248281405341806e-04
1.657442877706182926e-04
