4.014376414689482536e-06
4.335526527864645577e-04
8.630909291582347870e-04
1.292629205530014883e-03
1.722167481901795520e-03
2.151705758273556642e-03
2.581244034645316463e-03
3.010782311017075850e-03
3.440320587388835671e-03
3.869858863760630187e-03
4.299397140132431641e-03
4.728935416504233095e-03
5.158473692876033682e-03
5.588011969247836004e-03
6.017550245619636591e-03
6.447088521991438913e-03
6.876626798363239500e-03
7.306165074735040087e-03
7.735703351106842408e-03
8.165241627478642128e-03
8.594779903850444450e-03
9.024318180222245037e-03
9.453856456594047358e-03
9.883394732965849680e-03
1.031293300933765027e-02
1.074247128570945259e-02
1.117200956208125318e-02
1.160154783845305376e-02
1.203108611482485608e-02
1.246062439119665667e-02
1.289016266756845726e-02
1.331970094394026131e-02
1.374923922031206190e-02
1.417877749668386075e-02
1.460831577305566308e-02
1.503785404942746366e-02
1.546739232579926425e-02
1.589693060217106657e-02
1.632646887854286716e-02
1.675600715491466774e-02
1.718554543128646833e-02
1.761508370765827239e-02
1.804462198403007298e-02
1.847416026040187356e-02
1.890369853677367762e-02
1.933323681314547821e-02
1.976277508951727879e-02
2.019231336588907938e-02
2.062185164226088344e-02
2.105138991863268402e-02
2.148092819500448461e-02
2.191046647137628520e-02
2.234000474774808578e-02
2.276954302411988984e-02
2.319908130049169043e-02
2.362861957686349101e-02
2.405815785323529507e-02
2.448769612960709566e-02
2.491723440597889624e-02
2.534677268235069683e-02
2.577631095872250089e-02
2.620584923509430147e-02
2.663538751146610206e-02
2.706492578783790265e-02
2.749446406420970324e-02
2.792400234058150382e-02
2.835354061695330441e-02
2.878307889332510500e-02
2.921261716969691252e-02
2.964215544606871311e-02
3.007169372244051370e-02
3.050123199881231428e-02
3.093077027518411487e-02
3.136030855155591546e-02
3.178984682792771604e-02
3.221938510429952357e-02
3.264892338067132416e-02
3.307846165704312474e-02
3.350799993341492533e-02
3.393753820978672592e-02
3.436707648615852650e-02
3.479661476253032709e-02
3.522615303890213462e-02
3.565569131527393520e-02
3.608522959164573579e-02
3.651476786801753638e-02
3.694430614438933697e-02
3.737384442076113755e-02
3.780338269713293814e-02
3.823292097350473873e-02
3.866245924987653931e-02
3.909199752624833990e-02
3.952153580262014049e-02
3.995107407899194107e-02
4.038061235536374166e-02
4.081015063173554225e-02
4.123968890810734977e-02
4.166922718447915036e-02
4.209876546085095095e-02
4.252830373722275153e-02
4.295784201359455906e-02
4.338738028996635271e-02
4.381691856633816023e-02
4.424645684270995388e-02
4.467599511908176141e-02
4.510553339545355506e-02
4.553507167182536258e-02
4.596460994819717011e-02
4.639414822456896376e-02
4.682368650094077128e-02
4.725322477731256493e-02
4.768276305368437246e-02
4.811230133005616610e-02
4.854183960642797363e-02
4.897137788279978116e-02
4.940091615917157480e-02
4.983045443554338233e-02
5.025999271191517598e-02
5.068953098828698350e-02
5.111906926465877715e-02
5.154860754103058468e-02
5.197814581740238526e-02
5.240768409377418585e-02
5.283722237014598644e-02
5.326676064651778703e-02
5.369629892288958761e-02
5.412583719926138820e-02
5.455537547563319573e-02
5.498491375200499631e-02
5.541445202837679690e-02
5.584399030474859749e-02
5.627352858112030787e-02
5.670306685749144232e-02
5.713260513386257677e-02
5.756214341023371123e-02
5.799168168660483874e-02
5.842121996297597319e-02
5.885075823934710765e-02
5.928029651571824904e-02
5.970983479208938349e-02
6.013937306846051795e-02
6.056891134483164546e-02
6.099844962120277991e-02
6.142798789757391437e-02
6.185752617394504882e-02
6.228706445031618327e-02
6.271660272668731773e-02
6.314614100305844524e-02
6.357567927942957275e-02
6.400521755580071415e-02
6.443475583217184166e-02
6.486429410854298305e-02
6.529383238491412444e-02
6.572337066128525196e-02
6.615290893765637947e-02
6.658244721402752087e-02
6.701198549039864838e-02
6.744152376676978977e-02
6.787106204314091729e-02
6.830060031951204480e-02
6.873013859588318619e-02
6.915967687225431371e-02
6.958921514862545510e-02
7.001875342499658261e-02
7.044829170136771013e-02
7.087782997773885152e-02
7.130736825410999291e-02
7.173690653048112043e-02
7.216644480685226182e-02
7.259598308322338933e-02
7.302552135959451685e-02
7.345505963596565824e-02
7.388459791233678575e-02
7.431413618870791327e-02
7.474367446507905466e-02
7.517321274145018217e-02
7.560275101782132356e-02
7.603228929419245108e-02
7.646182757056357859e-02
7.689136584693471999e-02
7.732090412330586138e-02
7.775044239967698889e-02
7.817998067604813028e-02
7.860951895241925780e-02
7.903905722879038531e-02
7.946859550516152670e-02
7.989813378153265422e-02
8.032767205790379561e-02
8.075721033427492312e-02
8.118674861064605064e-02
8.161628688701719203e-02
8.204582516338831955e-02
8.247536343975946094e-02
8.290490171613060233e-02
8.333443999250172984e-02
8.376397826887285736e-02
8.419351654524399875e-02
8.462305482161512626e-02
8.505259309798626766e-02
8.548213137435740905e-02
8.591166965072853656e-02
8.634120792709966408e-02
8.677074620347080547e-02
8.720028447984193298e-02
8.762982275621307438e-02
8.805936103258420189e-02
8.848889930895532940e-02
8.891843758532647080e-02
8.934797586169759831e-02
8.977751413806872582e-02
9.020705241443986722e-02
9.063659069081099473e-02
9.106612896718213612e-02
9.149566724355326364e-02
9.192520551992439115e-02
9.235474379629553254e-02
9.278428207266666006e-02
9.321382034903780145e-02
9.364335862540892896e-02
9.407289690178005648e-02
9.450243517815119787e-02
9.493197345452232538e-02
9.536151173089346678e-02
9.579105000726459429e-02
9.622058828363572180e-02
9.665012656000686320e-02
9.707966483637800459e-02
9.750920311274914598e-02
9.793874138912027350e-02
9.836827966549141489e-02
9.879781794186254240e-02
9.922735621823366992e-02
9.965689449460481131e-02
1.000864327709759388e-01
1.005159710473470802e-01
1.009455093237182077e-01
1.013750476000893352e-01
1.018045858764604766e-01
1.022341241528316041e-01
1.026636624292027317e-01
1.030932007055738731e-01
1.035227389819450006e-01
1.039522772583161420e-01
1.043818155346872695e-01
1.048113538110583970e-01
1.052408920874295384e-01
1.056704303638006659e-01
1.060999686401718073e-01
1.065295069165429348e-01
1.069590451929140623e-01
1.073885834692852037e-01
1.078181217456563312e-01
1.082476600220274726e-01
1.086771982983986140e-01
1.091067365747697554e-01
1.095362748511408829e-01
1.099658131275120104e-01
1.103953514038831518e-01
1.108248896802542793e-01
1.112544279566254207e-01
1.116839662329965482e-01
1.121135045093676758e-01
1.125430427857388171e-01
1.129725810621099447e-01
1.134021193384810861e-01
1.138316576148522136e-01
1.142611958912233411e-01
1.146907341675944825e-01
1.151202724439656100e-01
1.155498107203367375e-01
1.159793489967078789e-01
1.164088872730790064e-01
1.168384255494501478e-01
1.172679638258212753e-01
1.176975021021924028e-01
1.181270403785635442e-01
1.185565786549346717e-01
1.189861169313058131e-01
1.194156552076769406e-01
1.198451934840480682e-01
1.202747317604192234e-01
1.207042700367903509e-01
1.211338083131614923e-01
1.215633465895326198e-01
1.219928848659037612e-01
1.224224231422748888e-01
1.228519614186460163e-01
1.232814996950171577e-01
1.237110379713882852e-01
1.241405762477594266e-01
1.245701145241305541e-01
1.249996528005016816e-01
1.254291910768728091e-01
1.258587293532439644e-01
1.262882676296150919e-01
1.267178059059862194e-01
1.271473441823573469e-01
1.275768824587284744e-01
1.280064207350996297e-01
1.284359590114707572e-01
1.288614829114272109e-01
