1.425368046425278977e-03
1.297119512848756958e-03
1.200040833054534951e-03
1.117980636665132478e-03
1.047486718311535069e-03
9.845949255709281547e-04
9.274209764771135581e-04
8.751539916384763447e-04
8.271712245538328026e-04
7.826224324653611184e-04
7.411726238161887121e-04
7.025537602879495342e-04
6.664819983048697778e-04
6.327459773152408753e-04
6.010098737324880581e-04
5.711002943397553181e-04
5.428605701482722796e-04
5.161728184096271406e-04
4.909455128327896989e-04
4.670906808107426087e-04
4.445599630069397320e-04
4.232573581630345123e-04
4.031297477576736062e-04
3.840745701492082097e-04
3.660201337233409354e-04
3.489240740390525805e-04
3.327430179721842696e-04
3.174269163776832553e-04
3.029478244908068705e-04
2.892407470605994871e-04
2.762812542775463587e-04
2.640363693546618094e-04
2.524602350998719487e-04
2.415317919018484193e-04
2.312480381408599695e-04
2.215442379065664684e-04
2.123937317231527021e-04
2.037834616578711893e-04
1.956787608518106110e-04
1.880461002948569007e-04
1.808763288970300612e-04
1.741475326810813578e-04
1.678254348416730046e-04
1.618998576300861327e-04
1.563534522801471435e-04
1.511678726894507717e-04
1.463159106475403373e-04
1.417778491313410817e-04
1.375272372607116197e-04
1.335504549891597045e-04
1.298219519456617185e-04
1.263308881605771934e-04
1.230659709009674263e-04
1.200204101247610763e-04
1.171724368691751898e-04
1.145197754144847705e-04
1.120406588743791735e-04
1.097085560475436221e-04
1.075119244474593731e-04
1.054481189516487806e-04
1.035150469277276551e-04
1.017021924566040351e-04
9.999978759977520934e-05
9.840048557531730692e-05
9.689313844702334517e-05
9.547388802256487773e-05
9.414193600136005623e-05
9.288496909128435221e-05
9.169724163972010097e-05
9.057680977881784798e-05
8.952173750915659524e-05
8.853008210567480600e-05
8.759362685403378180e-05
8.671750338276979712e-05
8.589245210991204560e-05
8.511048632241586729e-05
8.436559582479974569e-05
8.366106018865493367e-05
8.299774151630352423e-05
8.237113749105647801e-05
8.177966708557688597e-05
8.121972992630446732e-05
8.068571248321011616e-05
8.017816228036148867e-05
7.969822363162257369e-05
7.924293586075652315e-05
7.880958099499043689e-05
7.839718971456002198e-05
7.800057259599194135e-05
7.762185963905401302e-05
7.726035886616905619e-05
7.691503754690802452e-05
7.658680435329386538e-05
7.627084256658492919e-05
7.596742962467230395e-05
7.567676032908262447e-05
7.539211771652490855e-05
7.511818648650559448e-05
7.485373744512288055e-05
7.459776307566732818e-05
7.434939638003854935e-05
7.410944908440661601e-05
7.388072297217643323e-05
7.365703326608119051e-05
7.344008524824737340e-05
7.322889027519865199e-05
7.302562252797941507e-05
7.282864747960644434e-05
7.263815353379692768e-05
7.245101074675583581e-05
7.227215026289257117e-05
7.209912954530132739e-05
7.193003230476725709e-05
7.176737623045860437e-05
7.160548146265503918e-05
7.145151170100024754e-05
7.130269216477994878e-05
7.115987639978188929e-05
7.101839754557826088e-05
7.087950351428390708e-05
7.074675296927627501e-05
7.061828790937763392e-05
7.049204268206220520e-05
7.037007440701165844e-05
7.025102762697246208e-05
7.013674173912248224e-05
7.002518617651407344e-05
6.991696472409950124e-05
6.980835660621013039e-05
6.970292153443279244e-05
6.960390049793606956e-05
6.950645117646629938e-05
6.941270803699103561e-05
6.932097271421727236e-05
6.923068265507122414e-05
6.914368334920493846e-05
6.905780283007008271e-05
6.897606583438558941e-05
6.889559484217388694e-05
6.881783845256195264e-05
6.874197936968037684e-05
6.866688659875984499e-05
6.859354633670902604e-05
6.852186551394666273e-05
6.845149900367713679e-05
6.838608520779614671e-05
6.832006478151032554e-05
6.825567679821885737e-05
6.819387141769878548e-05
6.813338817248946523e-05
6.807580701590740290e-05
6.801760374411878194e-05
6.796251120254272367e-05
6.790917257688996978e-05
6.785648539033993683e-05
6.780465536927728304e-05
6.775410934711629759e-05
6.770477541979826421e-05
6.765841349022091262e-05
6.761244763271866847e-05
6.756677143043751102e-05
6.752233953756934712e-05
6.747939246953672354e-05
6.743888189560640100e-05
6.739691773954396305e-05
6.735712674488700496e-05
6.731903346585615478e-05
6.728033121777520485e-05
6.724440457464859870e-05
6.720872952663725815e-05
6.717436553067535315e-05
6.714052392312632985e-05
6.710754386622647507e-05
6.707588075499574100e-05
6.704476531504490226e-05
6.701448562424320318e-05
6.698570281350644487e-05
6.695706268082643377e-05
6.692910509102646644e-05
6.690179579883083320e-05
6.687486064752522219e-05
6.684914314066263581e-05
6.682413372416257124e-05
6.679994700795748063e-05
6.677630918441557716e-05
6.675191069082151265e-05
6.672889068526732348e-05
6.670608994984224694e-05
6.668408082973219025e-05
6.666351356233005435e-05
6.664332803527668202e-05
6.662353076167543012e-05
6.660336835491503717e-05
6.658408796501107357e-05
6.656593662634657414e-05
6.654771161204783706e-05
6.652936994724188030e-05
6.651254912500381244e-05
6.649553224673338740e-05
6.647942404953491855e-05
6.646382131754951074e-05
6.644876186844392741e-05
6.643387566030650520e-05
6.641962377327831205e-05
6.640553554844249207e-05
6.639174236766036809e-05
6.637705885155525303e-05
6.636434003280467832e-05
6.635083791085711323e-05
6.633759184635938189e-05
6.632543937115458442e-05
6.631318508284313542e-05
6.630210960593339560e-05
6.629065703615873314e-05
6.627985244630086453e-05
6.626959647705645278e-05
6.625953926318071745e-05
6.624957858930962382e-05
6.624022680831654264e-05
6.623057237198403183e-05
6.622137274696084889e-05
6.621199071336568139e-05
6.620293846212325277e-05
6.619463953443678465e-05
6.618658948077663009e-05
6.617871342619820641e-05
6.617119637803355893e-05
6.616425709306408094e-05
6.615630411878791384e-05
6.614964507341846193e-05
6.614276500294332154e-05
6.613603409132917069e-05
6.612944293058794891e-05
6.612288415924138737e-05
6.611692483451315941e-05
6.611120588437304478e-05
6.610580958326974486e-05
6.610047146265920354e-05
6.609513437936720870e-05
6.608977391931740897e-05
6.608406937288925501e-05
6.607914754592021298e-05
6.607491667439110224e-05
6.607054220556852521e-05
6.606656489638029750e-05
6.606246378981821482e-05
6.605813833585109885e-05
6.605385191980428592e-05
6.604990798290952584e-05
6.604637632812631947e-05
6.604265325128597986e-05
6.603937713422405994e-05
6.603621135119299216e-05
6.603301737819947505e-05
6.602998259011757522e-05
6.602703204421836306e-05
6.602444110652549579e-05
6.602173290765937720e-05
6.601914173260177595e-05
6.601685348902371769e-05
6.601469025905332025e-05
6.601242643121487438e-05
6.601029283731875191e-05
6.600817967451885673e-05
6.600581576394878500e-05
6.600399004643696139e-05
6.600234695639088666e-05
6.600072267517368243e-05
6.599903732837399659e-05
6.599769519907691998e-05
6.599645264977696427e-05
6.599520341320696745e-05
6.599408519718027587e-05
6.599295982015473960e-05
6.599191709812537272e-05
6.599092297597082210e-05
6.598979671953991840e-05
6.598902393093513600e-05
6.598828291848012604e-05
6.598717179768167512e-05
6.598661297598172853e-05
6.598600160012094325e-05
6.598564404533972306e-05
6.598501566143774924e-05
6.598470290557387175e-05
6.598412781346311171e-05
6.598347649179955735e-05
6.598301538301442368e-05
6.598245016932635556e-05
6.598187743493539562e-05
6.598127540161968557e-05
6.598064656844326436e-05
6.598016939357509642e-05
6.597918645894958482e-05
6.597876694045656093e-05
6.597818901391802647e-05
6.597762513405245580e-05
6.597660820433339304e-05
6.597596927355633262e-05
6.597433295696644349e-05
6.597301416697579296e-05
