7.963915431743700049e-03
6.854888892237584117e-03
6.201328127427928327e-03
5.704448697951634839e-03
5.297204088104619756e-03
4.952196357364282119e-03
4.653957591328988612e-03
4.389048447702929845e-03
4.149359699802006307e-03
3.928529519280563910e-03
3.725065103174051828e-03
3.537161849774872469e-03
3.362339455357210051e-03
3.199339222452714498e-03
3.047257267720643661e-03
2.905283808957264281e-03
2.772254886616467347e-03
2.647559746902367495e-03
2.531104934466360794e-03
2.421933489970286377e-03
2.318948393180778229e-03
2.222026412624188065e-03
2.130439449437551008e-03
2.043773366694041048e-03
1.961778512554647122e-03
1.884017167541941892e-03
1.810342015621095070e-03
1.740398234951712154e-03
1.673988381659532055e-03
1.610969962529478720e-03
1.551084379931306351e-03
1.494080381006378418e-03
1.439847944794239764e-03
1.388184888527564664e-03
1.338890756133149932e-03
1.291810323383340295e-03
1.246860465521304256e-03
1.203904623423357424e-03
1.162839641986797420e-03
1.123570362013271958e-03
1.085994285467100327e-03
1.050039501877704983e-03
1.015583790519533972e-03
9.825981800027721279e-04
9.510165224122049156e-04
9.207363871144339483e-04
8.917012131667694528e-04
8.638145846746308337e-04
8.370705066650416075e-04
8.113650694479273163e-04
7.866677796062462131e-04
7.629853954060892597e-04
7.403009700999266555e-04
7.185771778288675997e-04
6.977966010002333973e-04
6.779060674723819948e-04
6.588622565553070229e-04
6.406513094104065867e-04
6.232064514155229726e-04
6.065188702040535734e-04
5.906057730862970334e-04
5.754268733330150393e-04
5.610017147963382127e-04
5.472870571034902645e-04
5.342259568145127542e-04
5.218153113888898426e-04
5.100123766988666615e-04
4.987901304935684656e-04
4.881129088141200612e-04
4.779885798047659308e-04
4.683964289669298410e-04
4.593064488367609266e-04
4.507015394936140281e-04
4.425857890116368471e-04
4.348892465239501690e-04
4.275849688721075474e-04
4.206689480023887936e-04
4.141078360595796246e-04
4.079040135481210158e-04
4.020338033652867205e-04
3.964715617223939334e-04
3.911748063999169944e-04
3.861161322521793559e-04
3.812720825201496673e-04
3.766170659077612256e-04
3.721300044027331996e-04
3.678104153826344206e-04
3.636443125685622228e-04
3.596136159452164357e-04
3.557241810440108626e-04
3.519559144918704002e-04
3.483020993379436735e-04
3.447612764343710142e-04
3.413251158777687679e-04
3.379748880270986330e-04
3.347018835209707600e-04
3.315110052826055614e-04
3.283906131021794498e-04
3.253536242975499761e-04
3.223780560171234577e-04
3.194684568431287001e-04
3.166253641115424696e-04
3.138413632856711642e-04
3.111122578706547329e-04
3.084375074442897145e-04
3.058127781096993186e-04
3.032379771225351571e-04
3.007124676850409938e-04
2.982285537163329760e-04
2.957896501834739785e-04
2.933903319837365977e-04
2.910259640758615547e-04
2.887056238498441740e-04
2.864233732746867189e-04
2.841761232052560809e-04
2.819658503476050082e-04
2.797907178692114792e-04
2.776499114849246847e-04
2.755445651138407762e-04
2.734682618748327096e-04
2.714204849076954046e-04
2.693986133111835350e-04
2.674007654524759750e-04
2.654344886245832793e-04
2.634941984121494710e-04
2.615806225940281167e-04
2.596944762508106362e-04
2.578272711004997659e-04
2.559887212938740915e-04
2.541706348123413256e-04
2.523764829351437091e-04
2.505989049456834269e-04
2.488420706865217811e-04
2.471078005158852870e-04
2.453978454711273080e-04
2.437077347971102457e-04
2.420343818125702152e-04
2.403792145132971369e-04
2.387407817962636941e-04
2.371225232542813048e-04
2.355222369986293524e-04
2.339388905107896155e-04
2.323729939947838657e-04
2.308191043264524523e-04
2.292836585061523778e-04
2.277673380432149782e-04
2.262674550765810672e-04
2.247831640220983047e-04
2.233120865593950471e-04
2.218546848005344282e-04
2.204151758168940124e-04
2.189905359577290868e-04
2.175780989824619663e-04
2.161754031667576653e-04
2.147907207065262187e-04
2.134207792851452296e-04
2.120678339955477261e-04
2.107248025553482929e-04
2.093981197995371693e-04
2.080845599690482443e-04
2.067808663366464596e-04
2.054911232093373740e-04
2.042144152340750769e-04
2.029501012048684873e-04
2.017034337421307977e-04
2.004610009044993256e-04
1.992317743724547673e-04
1.980152423443426262e-04
1.968108540187832984e-04
1.956158083693680021e-04
1.944301395910184524e-04
1.932571236217617901e-04
1.920987373567094390e-04
1.909517555947589566e-04
1.898152942502754834e-04
1.886893309890317510e-04
1.875738883929650833e-04
1.864722330915794034e-04
1.853811481940107527e-04
1.842997348672900854e-04
1.832293643018893044e-04
1.821689015661406667e-04
1.811190689863793381e-04
1.800803869435758106e-04
1.790522307002016377e-04
1.780324736627211660e-04
1.770266311456040098e-04
1.760307865181825126e-04
1.750443533660465880e-04
1.740679958460920841e-04
1.731044050894969821e-04
1.721482977139056716e-04
1.712035900404266814e-04
1.702694731806629657e-04
1.693440516794230397e-04
1.684284187630540801e-04
1.675226420380912843e-04
1.666277897797421230e-04
1.657421714357166695e-04
1.648690285140161501e-04
1.640045305859839594e-04
1.631498807097092824e-04
1.623070654918941781e-04
1.614725289688415360e-04
1.606491177090504192e-04
1.598334964251884314e-04
1.590299469519531423e-04
1.582365201410337267e-04
1.574504587329279782e-04
1.566739505797408937e-04
1.559068360636989661e-04
1.551481863679813494e-04
1.543998629606533452e-04
1.536585770834830895e-04
1.529259064991190316e-04
1.522036140194138519e-04
1.514921555774499358e-04
1.507877318183552555e-04
1.500936220453114609e-04
1.494056020975536691e-04
1.487298975874497926e-04
1.480577596224878453e-04
1.473981640919893460e-04
1.467479552997221631e-04
1.461042828314956462e-04
1.454703104342526055e-04
1.448448863699442228e-04
1.442277756149039001e-04
1.436183117579112952e-04
1.430162494739278312e-04
1.424238401831454700e-04
1.418321316016583021e-04
1.412532060564204728e-04
1.406795225809421418e-04
1.401173942275484605e-04
1.395609115783466331e-04
1.390126673060790904e-04
1.384727733113176758e-04
1.379367623749193133e-04
1.374122211817639899e-04
1.368952646015554522e-04
1.363877611683255201e-04
1.358685037846815138e-04
1.353742709571069934e-04
1.348827587954169217e-04
1.344040581745965649e-04
1.339309064819025751e-04
1.334686190904449280e-04
1.330152433675956610e-04
1.325710550900626133e-04
1.321341753483927940e-04
1.316995475423187096e-04
1.312772415605622806e-04
1.308570789182917802e-04
1.304457628882363634e-04
1.300448892514614516e-04
1.296498675371543833e-04
1.292648164282875526e-04
1.288850481247337683e-04
1.285155350286820285e-04
1.281547277934327314e-04
1.277976908947859311e-04
1.274504378540401153e-04
1.271088932979719331e-04
1.267706448954357260e-04
1.264431970119976806e-04
1.261211195892982971e-04
1.258058756381546150e-04
1.254992842835239394e-04
1.251957941227055111e-04
1.249005383167361310e-04
1.246116546260657063e-04
1.243247199580234667e-04
1.240481262898493757e-04
1.237756503275607236e-04
1.235119340771648221e-04
1.232519438711775087e-04
1.229977871313539539e-04
1.227489456732865569e-04
1.225055288776852921e-04
1.222664458245302857e-04
1.220281866876970307e-04
1.218008269351167968e-04
1.215791230332724222e-04
1.213625822255545332e-04
1.211504642608796491e-04
1.209436941993317373e-04
1.207396047865998530e-04
1.205411697019263497e-04
1.203477145722465125e-04
1.201548286373667058e-04
1.199711306375368333e-04
1.197876928032785420e-04
1.196122706121441088e-04
1.194400512490431443e-04
1.192723844585711045e-04
1.191068822191558910e-04
1.189472716449461998e-04
1.187900060735432993e-04
1.186343611862265330e-04
1.184809967877078660e-04
1.183316842773510252e-04
1.181879878058454333e-04
1.180492166858605735e-04
1.179136204611934581e-04
1.177822988842404281e-04
1.176500698971312553e-04
1.175240893066965137e-04
1.174023309756422638e-04
1.172848024658467125e-04
1.171674403534611315e-04
1.170554462125548441e-04
1.169446887274922030e-04
1.168339210861724602e-04
1.167266168506467272e-04
1.166247566525445076e-04
1.165261210826037030e-04
1.164297696729628753e-04
1.163356475521922233e-04
1.162451517662167907e-04
1.161553812000119741e-04
1.160686700058300873e-04
1.159845445694305849e-04
1.159026614558624705e-04
1.158226733639752592e-04
1.157403166692976226e-04
1.156631409080919373e-04
1.155874507539640238e-04
1.155157030900664405e-04
1.154453280224320962e-04
1.153778231588595602e-04
1.153100511277809832e-04
1.152459728332503566e-04
1.151808060678640052e-04
1.151206731481610956e-04
1.150566569059206687e-04
1.149980490189284418e-04
1.149420396049214593e-04
1.148879440520323347e-04
1.148345362864654093e-04
1.147822811469908740e-04
1.147321684766998206e-04
1.146840396150899645e-04
1.146368239110854935e-04
1.145913368018108613e-04
1.145453546053279117e-04
1.145024441571159351e-04
1.144593590438385477e-04
1.144137928413083974e-04
1.143741196064474943e-04
1.143365132690009887e-04
1.143005674313020864e-04
1.142655053494087133e-04
1.142236833320689016e-04
1.141898300544393269e-04
1.141574480055087469e-04
1.141260677378515265e-04
1.140953978300464778e-04
1.140644520856919997e-04
1.140357954939953032e-04
1.140072507122730260e-04
1.139806317741268453e-04
1.139513604516186605e-04
1.139031123123426911e-04
1.138751201815022993e-04
1.138508302431479020e-04
1.138237983324693703e-04
1.138009220047181939e-04
1.137789344110770855e-04
1.137579509034114474e-04
1.137370953801249666e-04
1.137177142922940368e-04
1.136967419515144586e-04
1.136773248124069272e-04
1.136589941296869792e-04
1.136409649039409303e-04
1.136244215071132655e-04
1.136053351494901585e-04
1.135854810485398465e-04
1.135693095021918973e-04
1.135541879334043029e-04
1.135401438049052131e-04
1.135185557835504414e-04
1.135047903772631661e-04
1.134914259033362410e-04
1.134764725575405659e-04
1.134637606596886463e-04
1.134500214257183159e-04
1.134387338731940060e-04
1.134269058983156255e-04
1.134151871945144441e-04
1.134039327012863744e-04
1.133937872186698524e-04
1.133838734454079553e-04
1.133746160900330098e-04
1.133650475858474088e-04
1.133559772213309837e-04
1.133474806553143755e-04
1.133386996151391417e-04
1.133286595154015024e-04
1.133203246949703659e-04
1.133125102551770885e-04
1.133046293845738479e-04
1.132954101205914372e-04
1.132887006276204177e-04
1.132815309550232359e-04
1.132747365180361077e-04
1.132681173735121822e-04
1.132620790295615416e-04
1.132564204926723127e-04
1.132503464375285142e-04
1.132447125228360228e-04
1.132396392098315003e-04
1.132331134614965779e-04
1.132279838485040547e-04
1.132232318832209682e-04
1.132181561264943411e-04
1.132121027227591856e-04
1.132061784277351113e-04
1.132018023509436086e-04
1.131977977655824428e-04
1.131939005309893495e-04
1.131896444841441426e-04
1.131859328210428026e-04
1.131816253079824492e-04
1.131783200841976245e-04
1.131722092386694477e-04
1.131689073990702142e-04
1.131655987624597711e-04
1.131626523594221498e-04
1.131599279138441018e-04
1.131571491691248750e-04
1.131541286466213855e-04
1.131505727743525099e-04
1.131448266536363577e-04
1.131417704874737422e-04
1.131396383517324920e-04
1.131363151902806634e-04
1.131343271754326927e-04
1.131323846593027015e-04
1.131307155275895266e-04
1.131290388776428794e-04
1.131273968261091526e-04
1.131257121386733877e-04
1.131241331785385197e-04
1.131218956878198825e-04
1.131130119178381214e-04
1.131111745349928986e-04
1.131098228683482664e-04
1.131088416584549012e-04
1.131076621051550042e-04
1.131051816655129639e-04
1.131038098336788807e-04
1.131028601122139845e-04
1.131010782900538427e-04
1.131003223445022711e-04
1.130996897240841166e-04
1.130989203211597285e-04
1.130982588834986027e-04
1.130977866897187441e-04
1.130971846280968057e-04
1.130963529497849612e-04
1.130959106760435546e-04
1.130953928136359894e-04
1.130948843543315983e-04
1.130944688966187018e-04
1.130930054373610204e-04
1.130922665389796293e-04
1.130919189793923719e-04
1.130915171646083438e-04
1.130911491159575564e-04
1.130907291157998162e-04
1.130890604568586771e-04
1.130882565259861479e-04
1.130877860406351250e-04
1.130867559278916744e-04
1.130858516370681504e-04
1.130852522969777625e-04
1.130840691975942727e-04
1.130833375966622289e-04
1.130826752549056468e-04
1.130816300847453079e-04
1.130809513977833853e-04
1.130793881270453883e-04
1.130782492113335802e-04
1.130777021001239991e-04
1.130766720050273890e-04
1.130756345078683361e-04
1.130736726553703211e-04
1.130717854459448586e-04
1.130700545313542314e-04
1.130681527700791753e-04
1.130660131963151527e-04
1.130579720114848900e-04
1.130550945072924076e-04
1.130509682601988633e-04
1.130469051575544611e-04
1.130408545165344789e-04
1.130316074370013292e-04
1.130262605038357456e-04
1.130215371823026693e-04
