3.243428594425873390e-01
3.244849514924074696e-01
3.247684774480623093e-01
3.251923882424624379e-01
3.257556867014126945e-01
3.264578941287282765e-01
3.272993808352347433e-01
3.282814479602181867e-01
3.294061342641760870e-01
3.306758174064571287e-01
3.320927514465332742e-01
3.336587058035483944e-01
3.353748372320470850e-01
3.372418466552820626e-01
3.392603738756928000e-01
3.414314989191503114e-01
3.437571781157128803e-01
3.462404604924219642e-01
3.488854004504131079e-01
3.516966825491406046e-01
3.546790696147619215e-01
3.578368436077648540e-01
3.611734095531490274e-01
3.646911757733307113e-01
3.683917279757910057e-01
3.722762131513136508e-01
3.763457768361902489e-01
3.806018796142465188e-01
3.850463627708119452e-01
3.896812243137021681e-01
3.945081737048423132e-01
3.995281187200548367e-01
4.047407696926244580e-01
4.101445116011447900e-01
4.157366024927096060e-01
4.215136371849746433e-01
4.274721082082654222e-01
4.336088388890349532e-01
4.399210781165926454e-01
4.464061308537951023e-01
4.530605271412355695e-01
4.598788636400425456e-01
4.668525422233819056e-01
4.739686496082927691e-01
4.812091645232236536e-01
4.885505651990712517e-01
4.959637809045295831e-01
5.034143339895662539e-01
5.108624905553919016e-01
5.182632918178263770e-01
5.255664579521456270e-01
5.327162992079013115e-01
5.396518803529027908e-01
5.463077154155462356e-01
5.526151959155399807e-01
5.585047878527318321e-01
5.639088153526241598e-01
5.687644486142418021e-01
5.730163987332742570e-01
5.766188391155482318e-01
5.795362309995301109e-01
5.817429926711034094e-01
5.832222454431948977e-01
5.839641066893891397e-01
