1.315541923690725802e-05
5.935646619876217131e-04
1.215698182168825896e-03
1.852557917913731254e-03
2.545868146652824609e-03
3.249813975521260827e-03
3.949669188955335156e-03
4.660160002518751697e-03
5.387831400906489474e-03
6.145773353508505663e-03
6.884080352025580447e-03
7.626477965977028831e-03
8.366421210667865718e-03
9.092456362881872617e-03
9.819309638182749725e-03
1.055025352891799002e-02
1.124601812691770897e-02
1.196714454061048073e-02
1.268581658504262973e-02
1.340039801404042073e-02
1.410516196599573800e-02
1.483283336438346277e-02
1.557686722450863162e-02
1.630044800746199840e-02
1.703302814437095136e-02
1.776724452745366556e-02
1.851209651066571329e-02
1.927903781722331567e-02
2.002225355426162298e-02
2.077119615290803564e-02
2.154386432107374683e-02
2.230507876602324385e-02
2.307692881110207442e-02
2.382668953283534688e-02
2.459281271630607557e-02
2.535975402286366406e-02
2.612833157559499644e-02
2.690018162067383742e-02
2.766548668105768549e-02
2.843242798761525664e-02
2.920345990960717189e-02
2.995976561603538521e-02
3.074715999976476016e-02
3.152637315262542955e-02
3.228022448979304265e-02
3.306352825808803880e-02
3.384846827255678925e-02
3.461622770220120632e-02
3.538644150110625830e-02
3.616974526940126139e-02
3.694323156065381503e-02
3.772735345203571261e-02
3.848611352772456085e-02
3.927187166528019885e-02
4.006253854135708586e-02
4.082866172482779027e-02
4.160378426225411208e-02
4.238545178437539557e-02
4.317284616810476705e-02
4.394715058244423600e-02
4.472472748913115109e-02
4.550803125742616806e-02
4.627088194854941244e-02
4.704845885523632060e-02
4.783503511587882534e-02
4.861261202256576125e-02
4.940736951407700972e-02
5.019394577471954916e-02
5.096497769671150257e-02
5.175891706513589818e-02
5.253567584873594654e-02
5.332143398629161229e-02
5.409737464680478697e-02
5.486513407644926649e-02
5.565171033709180592e-02
5.644401345934246111e-02
5.723058971998502137e-02
5.801225724210638118e-02
5.880537848744398638e-02
5.957477416326227571e-02
6.036298667007863883e-02
6.114301794602624435e-02
6.193777543753761772e-02
6.272107920583275265e-02
6.351174608190969517e-02
6.430241295798667933e-02
6.509144358788990226e-02
6.588456483322746582e-02
6.668586730943376617e-02
6.747326169316321398e-02
6.826638293850081918e-02
6.905541356840405598e-02
6.985180730608908650e-02
7.064247418216604291e-02
7.143641355059046627e-02
7.222135356505929304e-02
7.301038419496252985e-02
7.384195722538314244e-02
7.463835096306824235e-02
7.544047156236141638e-02
7.625486400795769559e-02
7.705125774564273999e-02
7.788937576075832814e-02
7.868904199079089501e-02
7.947234575908602994e-02
8.019838091130010449e-02
8.091378046338483510e-02
8.146473727500820605e-02
8.205087337936706193e-02
8.257646837529741823e-02
8.307506530936095701e-02
8.356875350490323984e-02
8.419252327125825719e-02
8.471566389792796470e-02
8.522735080138141295e-02
8.579794256708969669e-02
8.634399064019185333e-02
8.683113385103913284e-02
8.733791201597139453e-02
8.790932190476659358e-02
8.838255702313706219e-02
8.885251964916006384e-02
8.935684344483171837e-02
8.985871287124272411e-02
9.042112340608234045e-02
9.097208021770571140e-02
9.152058266006844744e-02
9.199381777843892993e-02
9.257259077501599209e-02
9.317999807963353587e-02
9.376613418399239175e-02
9.438908582726053542e-02
9.489504586910595119e-02
9.541491400342816398e-02
9.602968441582762638e-02
9.658309559671160449e-02
9.726658834840828938e-02
9.782245389855286077e-02
9.833414080200635066e-02
9.887528013658729298e-02
9.940987448647313485e-02
9.995837692883585701e-02
1.004152495854689214e-01
1.010341106133027383e-01
1.016791515799164436e-01
1.021769303908931364e-01
1.027802470800763257e-01
1.033377488763946445e-01
1.039067043959292225e-01
1.044789324078112674e-01
1.050069817730022170e-01
1.055047605839789099e-01
1.059321808094845635e-01
1.063816903583357371e-01
1.069375559084803085e-01
1.074696958891056126e-01
1.079944727619490535e-01
1.086378774823890114e-01
1.092575566333096604e-01
1.098052409525855644e-01
1.102858391787379377e-01
1.108016166976257821e-01
1.113345748013380154e-01
1.119387096136080645e-01
1.127334671051193477e-01
1.134668653651153131e-01
1.144628811359973408e-01
1.154760774917035077e-01
1.164090977848962760e-01
1.171539497681084313e-01
1.178570774738900290e-01
1.184980278250692826e-01
1.190718920831252275e-01
1.197725654196461070e-01
1.204977824487733773e-01
1.211894564313388128e-01
1.218001362283039346e-01
1.222872794391513251e-01
1.227400614803500489e-01
1.233769212160950313e-01
1.243181227401566752e-01
1.251374239242741548e-01
1.257481037212391517e-01
1.262704262248220133e-01
1.269940070077755501e-01
1.275695075120050759e-01
1.280091995838138208e-01
1.284947065484874085e-01
1.290571170833269554e-01
1.296825230958557340e-01
1.303717427091605763e-01
1.311231396770677349e-01
1.320095269543087035e-01
1.328124656766888345e-01
1.338886575100843579e-01
1.348634020807076561e-01
1.358397828975045629e-01
1.365404562340255534e-01
1.371691347389018822e-01
1.380465226621872266e-01
1.388895494158241262e-01
1.395427716133066653e-01
1.404283407674607465e-01
1.409596626249992601e-01
1.415768874066593852e-01
1.421221173566746820e-01
1.427638858309408232e-01
1.433696568893846612e-01
1.440564221334288131e-01
1.445820171293591139e-01
1.451910606801505299e-01
1.457608343227717873e-01
1.466169510457986935e-01
1.473118975207116654e-01
1.479986627647557063e-01
1.488236908104813572e-01
1.493910100838421184e-01
1.500515953891065069e-01
1.507187256790656349e-01
1.513825834766774625e-01
1.521789772143625208e-01
1.529001036280555059e-01
1.538944831527636059e-01
1.544765286416882322e-01
1.554111851810547340e-01
1.564513795986277322e-01
1.574449410002490835e-01
1.584924985256040697e-01
1.596104146364300813e-01
1.604935294213235275e-01
1.615492681775471395e-01
1.621885822825527013e-01
1.626789979857475865e-01
1.635195703701237957e-01
1.640058954578841599e-01
1.646370283320209849e-01
1.653745172074511660e-01
1.660637368207559805e-01
1.669198535437828590e-01
1.678316026367169811e-01
1.686067251741432405e-01
1.692157687249346842e-01
1.700497961246158762e-01
1.707537419534843615e-01
1.713799660890999721e-01
1.720184620710186740e-01
1.727469515924933419e-01
1.738525958570160956e-01
1.745966297171414605e-01
1.751835839445871623e-01
1.757852643875966181e-01
1.768074600972584509e-01
1.774255030020052692e-01
1.779617335980648030e-01
1.785004185633850549e-01
1.792657236237689966e-01
1.798821302823421231e-01
1.806572528197685490e-01
1.814511921881930556e-01
1.824218461433818050e-01
1.833065971744489708e-01
1.839074594943715391e-01
1.847022169858829332e-01
1.857015052491122753e-01
1.865707119415290771e-01
1.876338138055344551e-01
1.885324729290786816e-01
1.891447889722175646e-01
1.899640901563350581e-01
1.908889292186591036e-01
1.915249708313170873e-01
1.924269024472086698e-01
1.934368263105674390e-01
1.944017534041483641e-01
1.954640371450670489e-01
1.961990716512365118e-01
1.967901164941165404e-01
1.974106137681239659e-01
1.982888198144963920e-01
1.993772834941948957e-01
2.003945704653354587e-01
2.014069486979550294e-01
2.024193269305744336e-01
2.033997983628058337e-01
2.043966322567747074e-01
2.052682933184519776e-01
2.059935103475791229e-01
2.066802755916233580e-01
2.073343159121927570e-01
2.082575187283431106e-01
2.091578140980607237e-01
2.101047424837302335e-01
2.107227853884768853e-01
2.116697137741465617e-01
2.123671146183201686e-01
2.130023381078912925e-01
2.136612871669818225e-01
2.143079643797694001e-01
2.151199024561050721e-01
2.158083039463230823e-01
2.164467999282417010e-01
2.171302926799384136e-01
2.178694178015423144e-01
2.187934387407794445e-01
2.196855528796288204e-01
2.203338663385900620e-01
2.211318963224488399e-01
2.221590007706320258e-01
2.231836508495544658e-01
2.241444873277011196e-01
2.251437755909305727e-01
2.257978159114993888e-01
2.262636879220880082e-01
2.272147069231916228e-01
2.282180858018549308e-01
2.290512950784489021e-01
2.301201238040619934e-01
2.310016023427814147e-01
2.316188271244411789e-01
2.322581412294464076e-01
2.331936158918994084e-01
2.340538232303601140e-01
2.348207645369174701e-01
2.355083479040483707e-01
2.364920918286267937e-01
2.372099457499718123e-01
2.377486307152917866e-01
2.382750438343089749e-01
2.390182595713467861e-01
2.398310157707690404e-01
2.406249551391931862e-01
2.415645204170805971e-01
2.423830034781105092e-01
2.432358477087893656e-01
2.442629521569721907e-01
2.452859659897204392e-01
2.462631649296040115e-01
2.471757321456244105e-01
2.482952845026236421e-01
2.493649313513239263e-01
2.503674921069004022e-01
2.511450690135870190e-01
2.521320854305128534e-01
2.529260247989367771e-01
2.535571576730733523e-01
2.543821857187988922e-01
2.553757471204199936e-01
2.563169486444808465e-01
2.573432349695762289e-01
2.581273568609577795e-01
2.587764884430056589e-01
2.595655190729085349e-01
2.603283697640313976e-01
2.612147570412720610e-01
2.622655870589739036e-01
2.632247872909463937e-01
2.638919175809053552e-01
2.647783048581461296e-01
2.654904319178829630e-01
2.661305641459753568e-01
2.667314264658978140e-01
2.676914448209566921e-01
2.685042010203787521e-01
2.693758620820557725e-01
2.702041626201285296e-01
2.708279323864834498e-01
2.716104180316913919e-01
2.726416130953082662e-01
2.734674592641203050e-01
2.745256523896039136e-01
2.756059348384333751e-01
2.766567648561352732e-01
2.775824220415459287e-01
2.785367135349968715e-01
2.792095706865637683e-01
2.801540447029723935e-01
2.810502494572557075e-01
2.820838988901334110e-01
2.828606576737331957e-01
2.833715264540996870e-01
2.841024703448347122e-01
2.850264912840717035e-01
2.859987814854337840e-01
2.869702535637088103e-01
2.878615495794706325e-01
2.888256585499640039e-01
2.896752302882955044e-01
2.904004473174222611e-01
2.910413976686011539e-01
2.917412528820349515e-01
2.926734550521403744e-01
2.934624856820433059e-01
2.944323215141450012e-01
2.951910815898337037e-01
2.959531141578698454e-01
2.967274185722090230e-01
2.976792556963991365e-01
2.984314707873924055e-01
2.993260392955018334e-01
3.001265236486210797e-01
3.010317277568597683e-01
3.020113810660038367e-01
3.029992156060166697e-01
3.040868611626275086e-01
3.051589623805882612e-01
3.061427063051668784e-01
3.071698107533495925e-01
3.082132776632693361e-01
3.091422073410272087e-01
3.099516910481021070e-01
3.108478958023853100e-01
3.118602740350046032e-01
3.127965668205442973e-01
3.136993165595224897e-01
3.146086112831959491e-01
3.154720911140040940e-01
3.161801275583066007e-01
3.171327828055836018e-01
3.179545383589611474e-01
3.187460233581250746e-01
3.195186915262902549e-01
3.204181687729209527e-01
3.212006544181287837e-01
3.219725044632071875e-01
3.229505215261773698e-01
3.239072673888888088e-01
3.249728236221544053e-01
3.259025714229992765e-01
3.266809664527730028e-01
3.272621938186102697e-01
3.282263027891036966e-01
3.290390589885257011e-01
3.300064404513669003e-01
3.310212730532463565e-01
3.319330221461798125e-01
3.326844191140865270e-01
3.334202717433425445e-01
3.342714797278479866e-01
3.351365958048296845e-01
3.359387164041226503e-01
3.370034545143010818e-01
3.380248321008754719e-01
3.387754109456951324e-01
3.396847056693681477e-01
3.405637298388269896e-01
3.414632070854577428e-01
3.422686001770983699e-01
3.431320800079067368e-01
3.437427598048712896e-01
3.445906952970286818e-01
3.453641815882808053e-01
3.462603863425638417e-01
3.472318584208391457e-01
3.481296994212958462e-01
3.488851870046371095e-01
3.498926564987349663e-01
3.506538709436841095e-01
3.516187980372645350e-01
3.525289108840244379e-01
3.532614910209330161e-01
3.540047067579708551e-01
3.549099108662095992e-01
3.557406657735430744e-01
3.566785948052566546e-01
3.575870714058432820e-01
3.584112813284814902e-01
3.593295754061103797e-01
3.601079704358834399e-01
3.609927214669506057e-01
3.617719346198106645e-01
3.627769497446481917e-01
3.636960619453635246e-01
3.645480880529555212e-01
3.655154695157968869e-01
3.664853053478982492e-01
3.673708745020519695e-01
3.683178028877210353e-01
3.692131895189176838e-01
3.699940389179516287e-01
3.707143472085573377e-01
3.715451021158907019e-01
3.724666686858667530e-01
3.731550701760844579e-01
3.741568128085739908e-01
3.751454654716735448e-01
3.759999459485264817e-01
3.766711668539199365e-01
3.774544706222145440e-01
3.783007698681986053e-01
3.792386988999121855e-01
3.801488117466721994e-01
3.810998307477754810e-01
3.820074892252747212e-01
3.826680745305386933e-01
3.833932915596660052e-01
3.842780425907325048e-01
3.851636117448865027e-01
3.859657323441791354e-01
3.867784885436014730e-01
3.876133340663691640e-01
3.883965723848167850e-01
