1.497875124411574433e-03
9.626741680138824891e-04
7.201467855278304584e-04
5.646992182905347319e-04
4.527783877196450528e-04
3.664701755430920319e-04
2.999027879633004053e-04
2.482037577819773129e-04
2.074468529382593473e-04
1.750656966327383032e-04
1.494975123246848278e-04
1.292229134569227768e-04
1.132347639766011319e-04
1.007164784577519633e-04
9.122402121570071117e-05
8.399014722619056283e-05
7.823382441099280889e-05
7.363057313889807430e-05
6.972174189646825569e-05
6.631799325505176974e-05
6.325716795631158612e-05
6.043997242263227364e-05
5.789866333042491058e-05
5.560527704480407689e-05
5.348673568245200592e-05
5.148515437549511345e-05
4.963250622458699056e-05
4.784292244270546546e-05
4.614794233538021601e-05
4.455395127983438993e-05
4.301593164903938282e-05
4.155372592382562848e-05
4.009802912232595100e-05
3.877159491722912581e-05
3.743511685023140519e-05
3.615744347608571484e-05
3.493951942942836222e-05
3.376531791078527499e-05
3.262369293239844776e-05
3.150005324230573290e-05
3.040656400357617589e-05
2.936591613527211707e-05
2.833811527213838413e-05
2.734635167105766701e-05
2.638893966256144051e-05
2.544438781184202932e-05
2.453676741120816842e-05
2.365784225134395292e-05
2.278722241071191838e-05
2.194690279792187230e-05
2.113725909598626780e-05
2.032401410736654776e-05
1.956031520046506579e-05
1.880960311534476427e-05
1.809370625813806692e-05
1.738840753036620732e-05
1.670717632565839393e-05
1.604319746721138068e-05
1.540891258111296770e-05
1.479315038003929988e-05
1.419335306904289739e-05
1.361385520743320742e-05
1.305354417722433423e-05
1.251656916001527252e-05
1.199668370600687942e-05
1.149873508972014512e-05
1.101244878363744337e-05
1.054849765751067634e-05
1.009974575775794532e-05
9.671568296665642589e-06
9.262099925367560054e-06
8.866634772108131677e-06
8.484788538889687185e-06
8.122440762941428625e-06
7.777285492005097815e-06
7.447477113818484275e-06
7.135989162964888497e-06
6.842811707161457350e-06
6.566227888824668171e-06
6.304146956939621268e-06
6.056613235413991169e-06
5.823703017353814207e-06
5.611164591208890757e-06
5.403088008472176509e-06
5.212175318324588405e-06
5.029559998864392927e-06
4.863523195035626702e-06
4.710103270350180593e-06
4.568399820175578860e-06
4.440977858838922036e-06
4.324997149813208193e-06
4.212335779754899241e-06
4.117592276572149274e-06
4.033152027784132626e-06
3.956847957283074353e-06
3.893683352128264769e-06
3.840980368255546543e-06
3.779946893511132048e-06
3.739147179884614163e-06
3.710205089133317693e-06
3.686654103973579089e-06
3.668478163282487808e-06
3.656069184738643275e-06
3.645588990164015607e-06
3.639863877753081553e-06
3.635495156979184454e-06
3.631632459107158345e-06
3.630440520842361166e-06
3.629086548099497597e-06
3.628884610988074489e-06
3.628488130170154097e-06
3.628347203059036794e-06
3.628119522660118953e-06
3.628039677062895658e-06
3.627970843081768790e-06
3.627960056955517308e-06
3.627201099581201442e-06
3.627120519502330739e-06
3.626951739760764035e-06
3.626647306619997208e-06
3.626577592145838493e-06
3.626456961103782259e-06
3.626345331270680940e-06
3.626289984301592430e-06
3.626166295369869991e-06
3.626045604368891249e-06
3.625927199668430512e-06
3.625905172247382752e-06
3.625860149534972088e-06
3.624883921977019709e-06
3.624457628992837191e-06
3.624218432338792334e-06
3.624141886188488400e-06
3.624073570953236273e-06
3.623977838282633952e-06
3.623825474229574527e-06
3.623659755794295348e-06
3.623533301164013219e-06
3.623485762037796233e-06
3.623434029980612576e-06
3.623358315295557314e-06
3.622971697029837593e-06
3.622934073685922948e-06
3.621968282218065815e-06
3.619827785791666156e-06
3.619601372434076791e-06
3.619314139119515880e-06
3.619194699574061701e-06
3.618894356211380937e-06
3.618768094304843841e-06
3.618520968511715893e-06
3.618326406949345224e-06
3.618245994546885675e-06
3.618199192826751558e-06
3.618074632514838926e-06
3.617976673401328767e-06
3.617664682687556655e-06
3.617584371323347680e-06
3.617298446859756388e-06
3.617134895477138437e-06
3.617081177085722138e-06
3.616845825283903779e-06
3.616418301675008613e-06
3.616221937463508344e-06
3.616046107837006033e-06
3.615599040999570943e-06
3.615508565473455832e-06
3.615425447743902686e-06
3.615369976778664338e-06
3.615028014231384296e-06
3.614789145692977566e-06
3.614575783291093050e-06
3.614343231861841278e-06
3.614159190082431167e-06
3.613935983617826269e-06
3.613821445128744558e-06
3.613626577502713383e-06
3.613510642646222256e-06
3.613393096566891140e-06
3.613242328674199899e-06
3.613192210904658604e-06
3.612965345385670976e-06
3.612578331254707255e-06
3.612394336882240423e-06
3.612286528868545004e-06
3.611694710970554653e-06
3.611605443752254426e-06
3.611202948854060717e-06
3.610955433921300200e-06
3.610684955949527068e-06
3.610351894168503620e-06
3.610220222964343254e-06
3.609960209156987105e-06
3.609567285053958903e-06
3.609391363132564280e-06
3.609371780281503173e-06
3.609357196213395831e-06
3.609053470287319798e-06
3.607452266426280383e-06
3.607253411584473324e-06
3.606872514591749252e-06
3.606151024852553157e-06
3.605947330009471968e-06
3.605619744625012364e-06
3.605378295182256891e-06
3.605028523580819833e-06
3.604851254264249278e-06
3.562962397856740252e-06
3.562077306136879895e-06
3.561682747598506618e-06
3.561221278498957667e-06
3.560999544461310148e-06
3.560771875531661835e-06
3.560639150276164696e-06
3.560342918123680013e-06
3.559865022946711322e-06
3.559567745582357144e-06
3.559331896182471687e-06
3.559152632276218572e-06
3.558586827163500522e-06
3.558362213288109928e-06
3.557949353743308306e-06
3.557878815945344438e-06
3.557551041567152298e-06
3.557415285752783052e-06
3.557416509998198772e-06
3.557246244415042803e-06
3.557098403621806919e-06
3.557108031193685324e-06
3.555239880279465073e-06
3.555127227041888153e-06
3.554763031229744643e-06
3.554055761746767882e-06
3.553885701318016493e-06
3.553436687222158459e-06
3.552776333489933293e-06
3.552258406132421698e-06
3.551916517678429262e-06
3.550575701776586690e-06
3.550469191374209288e-06
3.549355949025460576e-06
3.549193927956990037e-06
3.548841410875874299e-06
3.548281002391977932e-06
3.547890794225557472e-06
3.547424364866952607e-06
3.546994001355928149e-06
3.546902764761581456e-06
3.545889850550328775e-06
3.545311682862013559e-06
3.544754140648992419e-06
3.544659099361376964e-06
3.544176671465899948e-06
3.543378565929931948e-06
3.542536225563085878e-06
3.542033231922220761e-06
3.541503239787945932e-06
3.541292480820754297e-06
3.540937477580150814e-06
3.540740782202205569e-06
3.540363004913165538e-06
3.540033159428140949e-06
3.539842330626995811e-06
3.539736283237589539e-06
3.539224431921419099e-06
3.539190043562007545e-06
3.538244991616965779e-06
3.537806662308181987e-06
3.537358648974324348e-06
3.537007244057041098e-06
3.536722042625663080e-06
3.535606505237152140e-06
3.535528397604798740e-06
3.535381185020438800e-06
3.535317081267699126e-06
3.535153934959689200e-06
3.534548218497161750e-06
3.534201061222151662e-06
3.533906895386184215e-06
3.533906573802826060e-06
3.533842966014850767e-06
3.533794578691161068e-06
3.533806962851635302e-06
3.533629286346812633e-06
3.533632994856344353e-06
3.533354713214375001e-06
3.533120284531922708e-06
3.532579895642077955e-06
3.532222707138981728e-06
3.532062381665829563e-06
3.531729158038261428e-06
3.531293936417815090e-06
3.530984074240409324e-06
3.530810537164319454e-06
3.530523854610913874e-06
3.530003616029935910e-06
3.529076132572799722e-06
3.527988479946381617e-06
3.527396596216711508e-06
3.526793238545058168e-06
3.525889545264790195e-06
3.525448622984110550e-06
3.525068162860924131e-06
3.524861430412527464e-06
3.523910582801442988e-06
3.523629497104667632e-06
3.523269169889236019e-06
3.523239734970263883e-06
3.523177206720096699e-06
3.522913699673292100e-06
3.522593554213031825e-06
3.521893862855805747e-06
3.520598740800228760e-06
3.520343374311948675e-06
3.520288045982640521e-06
3.520197838215550590e-06
3.520083098085052557e-06
3.518500991823098505e-06
3.517241424983282742e-06
3.515842660107593119e-06
3.515269724607381818e-06
3.514247611414886242e-06
3.513615230619777496e-06
3.512564361731315375e-06
3.512076948673251466e-06
3.511730835307681672e-06
3.510709502626480882e-06
3.510067222645161668e-06
3.508440650142314681e-06
3.507812140700980852e-06
3.507380945834388325e-06
3.506644404791048463e-06
3.506281748770601421e-06
3.506120173726106709e-06
3.506064509453851358e-06
3.506020142131467120e-06
3.505638843516112344e-06
3.505650970302782488e-06
3.505566115687913102e-06
3.505478415606457685e-06
3.505403469704244494e-06
3.504495345070779366e-06
3.504183648421035753e-06
3.503034985201541669e-06
3.502058802465055977e-06
3.501762137913058167e-06
3.501641684597901156e-06
3.501574554985478242e-06
3.501632808178081971e-06
3.500388123194350214e-06
3.499381636118940993e-06
3.498932477389540331e-06
3.498308874723879685e-06
3.497914466378799236e-06
3.496741483096108318e-06
3.495935831334746912e-06
3.494364168825356093e-06
3.493630125873745197e-06
3.492562377466975644e-06
3.491207479108315449e-06
3.489108041179729831e-06
3.487738839551420612e-06
3.485957594042004227e-06
3.485358519798290540e-06
3.484271834064702240e-06
3.483029592461002900e-06
3.481260161065660546e-06
3.480382328939054622e-06
3.479542611620917062e-06
3.479526663036499650e-06
3.479243603530672453e-06
3.478534560695462997e-06
3.477790073335707813e-06
3.477012977139237688e-06
3.475942332444654046e-06
3.475475464909443552e-06
3.475211513410785076e-06
3.474978383135313318e-06
3.473214299564676143e-06
3.471060013313489225e-06
3.469592117971336605e-06
3.469597720686227535e-06
3.469108303498323146e-06
3.469409874347784749e-06
3.467851868760597226e-06
3.467319763423717686e-06
3.466712588608186295e-06
3.464102214775973859e-06
3.460547751483662002e-06
3.457491827004196660e-06
3.455824351511748870e-06
3.454991644765654394e-06
3.454542120120251603e-06
3.453431245806617185e-06
3.452694711512303286e-06
3.450530628399605974e-06
3.449747412201751197e-06
3.446575147212786443e-06
3.446409570198805763e-06
3.445113084953924992e-06
3.443961186605359621e-06
3.443782729403407372e-06
3.442993416508792096e-06
3.442356072090108808e-06
3.441841555260531126e-06
3.441290071890757707e-06
3.441231343056781766e-06
3.440941751310456526e-06
3.440815596383058350e-06
3.439044521956806357e-06
3.437132498828965340e-06
3.436361980487107449e-06
3.436263613463542662e-06
3.436147237846462633e-06
3.435638152778339096e-06
3.435400674958346074e-06
3.432858996881840185e-06
3.430977814262266858e-06
3.430174944004795852e-06
3.430823566521995466e-06
3.429572709316861213e-06
3.427339947754708424e-06
3.425328683240999529e-06
3.421246346784522915e-06
3.420866238490694092e-06
3.419670869462680469e-06
3.418663336708249106e-06
3.419024765266624531e-06
3.414085331894668702e-06
3.404023113106230029e-06
3.402354089067656789e-06
3.402990291174411605e-06
3.402195149046360539e-06
3.398755137194211701e-06
3.396017076285227201e-06
3.393036605886620376e-06
3.380765847871307833e-06
3.378214453886146308e-06
3.372838746241698598e-06
3.368367390250771186e-06
3.368582074026886320e-06
3.367813201998735804e-06
3.361837059129273333e-06
3.359035542476989573e-06
3.353687221048576797e-06
3.350909531141842363e-06
3.341481518077881909e-06
3.341839189904063347e-06
3.328563264969570163e-06
3.324172911849374959e-06
3.308819448291961048e-06
3.304861876392592244e-06
3.303554124835181728e-06
3.298300058584014222e-06
3.276651007900881110e-06
3.276844327279781420e-06
3.245861820589341080e-06
3.235467618116029367e-06
3.230131237013742601e-06
3.204495455515220613e-06
3.196877608249853890e-06
3.194594727319288132e-06
3.171888240421667166e-06
3.169380619221543787e-06
3.165487697214537102e-06
3.155754075714965566e-06
3.151123253111347309e-06
3.098493412771696027e-06
3.099687368670771392e-06
3.049246201768170528e-06
3.041344861264121813e-06
3.020634700357089205e-06
3.019172963943018407e-06
3.022326164247809117e-06
3.022579852507448383e-06
3.018067399967135403e-06
3.009983250491737772e-06
3.010115134191741407e-06
2.968279828351714033e-06
2.931300898505991514e-06
2.928323626478327900e-06
2.917606926808621013e-06
2.857791293179359704e-06
2.863508496696122692e-06
2.856719167235539397e-06
2.835582143375380996e-06
2.735443184821522907e-06
2.721258869538790753e-06
2.732219773061738869e-06
2.738640725520768297e-06
2.806187782546945544e-06
2.842427300885160040e-06
2.919222885401386726e-06
2.899546215699689000e-06
2.923848655730215945e-06
2.954886831719216156e-06
3.133961916055378063e-06
3.447481648682283715e-06
4.144581239760075182e-06
4.767840240387513100e-06
6.817139919311739452e-06
