0.000728600000000 0.097495603750164 0.000000762448339
0.001548275000000 0.207178157969273 0.000001193640954
0.002367950000000 0.316860712187855 0.000001431423638
0.003187625000000 0.426543266407110 0.000002721258870
0.004007300000000 0.536225820625563 0.000003599868185
0.004826975000000 0.645908374844217 0.000005951602667
0.005646650000000 0.755590929063273 0.000007709812221
0.006466325000000 0.865273483255934 0.000011412870999
0.007286000000000 0.974956037471592 0.000013848746021
0.008014600000000 1.072451641216987 0.000019846719212
0.008834275000000 1.182134195431815 0.000032829954250
0.009653950000000 1.291816749646973 0.000058549830908
0.010473625000000 1.401499303864364 0.000103866979792
0.011293300000000 1.511181858076810 0.000163698200028
0.012112975000000 1.620864412379565 0.000247207900309
0.012932650000000 1.730546966513379 0.000357440590952
0.013752325000000 1.840229520725453 0.000488091601028
0.014572000000000 1.949912074935004 0.000639037847779