2.662512364519730723e-01
2.664047074861364828e-01
2.667123146588239457e-01
2.671753831092540943e-01
2.677958875727060595e-01
2.685764359930114531e-01
2.695202463666854231e-01
2.706311158156022856e-01
2.719133807732113661e-01
2.733718671402149414e-01
2.750118293266919922e-01
2.768388772516448548e-01
2.788588906158046554e-01
2.810779200923430032e-01
2.835020754811181098e-01
2.861374013290039486e-01
2.889897410116522569e-01
2.920645907776692196e-01
2.953669457497711814e-01
2.989011403337064610e-01
3.026706858803066003e-01
3.066781087573588471e-01
3.109247921985861529e-01
3.154108253948908480e-01
3.201348632724114185e-01
3.250940002639972626e-01
3.302836611329808547e-01
3.356975115641942509e-01
3.413273908150395441e-01
3.471632682401702974e-01
3.531932249890553654e-01
3.594034616478159472e-01
3.657783320742367117e-01
3.723004031731511065e-01
3.789505398893740495e-01
3.857080142632973718e-01
3.925506370020042102e-01
3.994549096646907160e-01
4.063961952412807332e-01
4.133489046125685684e-01
4.202866961149221980e-01
4.271826851906390665e-01
4.340096608881157114e-01
4.407403057899216270e-01
4.473474158021548686e-01
4.538041161496488285e-01
4.600840699063377670e-01
4.661616754672854301e-01
4.720122495565078902e-01
4.776121926772255999e-01
4.829391343568438244e-01
4.879720561176468241e-01
4.926913908054459945e-01
4.970790977107134023e-01
5.011187137874779651e-01
5.047953821722847012e-01
5.080958600793511470e-01
5.110085089455547180e-01
5.135232703671277488e-01
5.156316318608543670e-01
5.173265867570177035e-01
5.186025925630710631e-01
5.194555319152347472e-01
5.198826797663836929e-01
