1.176853787657750434e-05
4.213394610654465225e-04
8.401889313559119483e-04
1.287717547233131060e-03
1.738620180238203668e-03
2.177713753295789853e-03
2.630303394864790673e-03
3.082049532151827712e-03
3.543917720822424913e-03
3.988072319571787927e-03
4.449940508242379925e-03
4.903373654093338453e-03
5.359337312790187456e-03
5.814457467205071811e-03
6.269577621619958768e-03
6.733976323136440373e-03
7.206810067472558048e-03
7.683017828936536051e-03
8.150790547580879716e-03
8.620250274789152678e-03
9.099832053380980598e-03
9.578570327690846473e-03
1.006152612341053125e-02
1.054785593625806941e-02
1.103924677479738506e-02
1.152388957908098872e-02
1.203805503323331430e-02
1.254547245312992963e-02
1.304698534305280024e-02
1.354934173725764329e-02
1.402554949872162303e-02
1.451862734582486450e-02
1.504207134707879340e-02
1.558322893825394434e-02
1.610414242666197496e-02
1.665036104352890858e-02
1.720332769465154898e-02
1.774617229439063790e-02
1.830841749261488335e-02
1.881330439966561602e-02
1.937892361501771660e-02
1.988465402635040957e-02
2.044521221601071012e-02
2.095262963590733066e-02
2.149547423564640222e-02
2.203747533110352735e-02
2.256091933235744237e-02
2.307086726509995078e-02
2.357153665074085760e-02
2.406545800212606459e-02
2.455600533638341992e-02
2.508451036332913150e-02
2.558771026181592620e-02
2.610103221168628973e-02
2.657639646886829007e-02
2.709984047012220509e-02
2.759629233435329648e-02
2.810117924140401180e-02
2.862968426834973726e-02
2.912529262829885446e-02
2.964283209957902995e-02
3.015868456229527789e-02
3.070827719629006317e-02
3.121063359049493918e-02
3.168431083911302237e-02
3.220438082323905105e-02
3.273963388444048328e-02
3.328500899702546700e-02
3.383038410961042991e-02
3.435045409373646552e-02
3.489667271060341303e-02
3.544120431890643297e-02
3.598489242292748219e-02
3.652689351838461773e-02
3.704358948538282598e-02
3.759149511081370104e-02
3.815120979619205516e-02
3.868224533598367543e-02
3.922424643144083872e-02
3.974347291128492443e-02
4.025932537400116196e-02
4.076589928961584647e-02
4.131464841932864368e-02
4.185580601050379462e-02
4.240792915734448859e-02
4.294402572282788461e-02
4.348180929687520124e-02
4.402465389661429362e-02
4.457593353917298218e-02
4.508672497619749253e-02
4.561607350742514361e-02
4.617747520136745998e-02
4.671357176685080742e-02
4.724545081092436372e-02
4.780094797489290587e-02
4.830752189050758344e-02
4.884783597740074285e-02
4.939827211567751619e-02
4.990822004842000725e-02
5.045275165672301332e-02
5.100318779499978666e-02
5.154181487332901851e-02
5.203067519902244975e-02
5.253050108038140320e-02
5.304466653453368541e-02
5.361703378414152399e-02
5.412445120403815146e-02
5.463692964962651999e-02
5.518567877933937271e-02
5.576226355035700244e-02
5.628064652591908967e-02
5.683023915991393393e-02
5.739332786242010848e-02
5.794123348785096272e-02
5.845961646341312629e-02
5.900414807171612541e-02
5.951831352586843538e-02
6.000717385156187356e-02
6.054073990419936435e-02
6.107177544399099156e-02
6.156907081250397734e-02
6.203262600973852986e-02
6.257800112232350664e-02
6.305083486665959136e-02
6.359536647496258355e-02
6.413989808326553410e-02
6.456971310922150764e-02
6.508303505909188158e-02
6.556177333340168500e-02
6.608521733465563819e-02
6.663818398577824043e-02
6.708486909737346182e-02
6.759566053439795830e-02
6.809717342432079767e-02
6.858181622860444471e-02
6.910779074270420597e-02
6.949964807597182326e-02
6.988475737498379969e-02
7.030191983671033040e-02
7.077897110245626178e-02
7.114721031582893485e-02
7.159220841886024256e-02
7.209625182162897328e-02
7.248389163348689657e-02
7.288924503526593435e-02
7.329459843704499988e-02
7.367211619751927454e-02
7.400155421392171085e-02
7.443558676128748941e-02
7.480045195753232123e-02
7.516700416234103899e-02
7.548210260595000776e-02
7.589336053770286139e-02
7.617387530575131516e-02
7.656320212617305498e-02
7.698964313500125667e-02
7.726509687735788612e-02
7.762068352650110248e-02
7.798133120133610152e-02
7.825172391800097604e-02
7.850524654902654720e-02
7.877901328281923521e-02
7.903000540099884563e-02
7.927677999776876205e-02
7.954211168874185389e-02
7.978382525981987661e-02
8.003903489940941696e-02
8.034907231732664468e-02
8.074261665915818953e-02
8.118255373649774231e-02
8.155332346271632060e-02
8.184564729071232281e-02
8.213037958017067874e-02
8.242776443385835261e-02
8.271924475757236328e-02
8.303265619261744612e-02
8.337896429465907477e-02
8.368309718260256991e-02
8.404711887456538244e-02
8.437740039524968538e-02
8.479371935269432170e-02
8.508266916356245491e-02
8.540029812001732890e-02
8.576263280341628326e-02
8.608532278556289830e-02
8.652694687146647579e-02
8.692892625611771396e-02
8.751394606995491210e-02
8.793448254880935344e-02
8.834067945487042439e-02
8.881266969492455920e-02
8.915476027555645222e-02
8.955589615592575436e-02
9.011308032845821714e-02
9.071918774934445429e-02
9.146616038531875381e-02
9.218867139711590941e-02
9.287997275048065493e-02
9.321278478401093248e-02
9.362826023717354951e-02
9.410615500720147242e-02
9.449801234046906195e-02
9.492445334929716649e-02
9.533486777676800084e-02
9.574359519567494925e-02
9.615063560601798398e-02
9.656779806774454245e-02
9.707774600048701963e-02
9.759359846320329879e-02
9.799389083929052613e-02
9.855023150754108063e-02
9.899101208916254169e-02
9.935250326827950451e-02
9.977810077282572854e-02
1.003234758854106567e-01
1.009844110846246229e-01
1.015162901286981723e-01
1.021822863536039627e-01
1.028600916384572322e-01
1.034552335036780651e-01
1.041052031472264883e-01
1.046868489439359146e-01
1.053359750832024294e-01
1.059311169484232068e-01
1.066114527461223677e-01
1.073879480319652469e-01
1.078337896392785600e-01
1.082568566309788649e-01
1.087878921707705060e-01
1.092033676239330536e-01
1.098136925662292207e-01
1.105581346893575456e-01
1.111558070674242005e-01
1.115704390163048954e-01
1.121402757530667871e-01
1.127269825754678989e-01
1.130985958059683855e-01
1.136439709185532859e-01
1.142416432966199130e-01
1.147448431951068187e-01
1.152269554865446299e-01
1.156078472641467875e-01
1.161759969923447378e-01
1.166690748394478699e-01
1.173004873887931315e-01
1.178728546384008452e-01
1.185270418033590872e-01
1.190479552917670519e-01
1.194946404033623982e-01
1.202230559451334391e-01
1.209894291795927806e-01
1.217178447213636827e-01
1.223374482107614375e-01
1.228102819550975500e-01
1.232890202294073534e-01
1.240090007283588674e-01
1.246631878933169985e-01
1.252304941172328601e-01
1.258787767522174250e-01
1.264503004975432165e-01
1.268590279164501788e-01
1.274659788416184214e-01
1.278822977990629051e-01
1.282994602607895329e-01
1.288490528947842662e-01
1.294197331358281911e-01
1.301110344891928949e-01
1.307044893458496893e-01
1.311587659959826957e-01
1.315666499106075693e-01
1.320276745949962582e-01
1.327392200511281206e-01
1.334212428573910980e-01
1.338561189090388959e-01
1.345634468437608144e-01
1.353256025568104204e-01
1.360759492099124224e-01
1.366845871436446480e-01
1.371903175549772369e-01
1.377669023259948389e-01
1.383426435927303244e-01
1.390735896473473399e-01
1.397100632223842731e-01
1.403752159430080859e-01
1.411331541346479423e-01
1.416903383071803357e-01
1.422669230781980210e-01
1.429076141746448703e-01
1.434513022786659542e-01
1.440295740582474282e-01
1.447267799415858647e-01
1.454104897564130749e-01
1.461152871782890050e-01
1.467922489588601442e-01
1.475771792875228694e-01
1.481385809814651788e-01
1.487910811378594378e-01
1.495237142010404363e-01
1.500395666637565906e-01
1.507224329743016289e-01
1.513420364636992033e-01
1.518806635420286155e-01
1.525432857498066896e-01
1.530507031697032616e-01
1.535151018712196946e-01
1.540663815137784387e-01
1.546809239774843137e-01
1.553519812280818591e-01
1.560559351456759780e-01
1.567944727388304038e-01
1.574241982796117101e-01
1.579467987765836579e-01
1.585503756846241008e-01
1.590012783176290856e-01
1.596217253113087764e-01
1.601569783725101670e-01
1.607622422891146485e-01
1.615066844122430012e-01
1.620672426019032220e-01
1.625485113890589028e-01
1.630002575263459486e-01
1.635751552887995952e-01
1.641542705726631024e-01
1.648160492761591434e-01
1.653420237902589462e-01
1.658216055688507828e-01
1.663560151257702235e-01
1.669891146836793294e-01
1.674104946668156790e-01
1.678462142227453990e-01
1.683359180527208288e-01
1.688871976952795173e-01
1.694637824662970638e-01
1.701171261269733004e-01
1.707755308133413752e-01
1.715191294321877780e-01
1.722399534354213113e-01
1.727870155565701116e-01
1.734951869955740356e-01
1.739739252698838390e-01
1.744973692711376534e-01
1.751709570345811595e-01
1.758909375335324654e-01
1.765839258954610969e-01
1.771537626322229886e-01
1.776535885135819004e-01
1.783178977299237356e-01
1.790285996817735925e-01
1.798084689847443962e-01
1.805065183723647826e-01
1.811497399816575371e-01
1.817178897098554180e-01
1.823189361050499280e-01
1.828525021576874188e-01
1.834484875271901738e-01
1.840993006750205052e-01
1.845628558722549883e-01
1.851006394463022287e-01
1.857253039613917522e-01
1.863035757409732540e-01
1.869527018802397689e-01
1.875925494724045850e-01
1.881337070635797915e-01
1.888115123484330193e-01
1.894302723335487548e-01
1.899655253947501732e-01
1.905513887128692796e-01
1.910849547655067981e-01
1.915670670569444844e-01
1.922170367004928937e-01
1.929758183964146445e-01
1.937118254767232761e-01
1.943845697358846658e-01
1.949569369854924628e-01
1.956010020990670562e-01
1.961075760146817337e-01
1.966200544602701439e-01
1.972767721380742634e-01
1.978272082763508910e-01
1.984603078342600802e-01
1.991077469649626397e-01
1.996548090861115232e-01
2.001951231730047243e-01
2.007573683712290114e-01
2.014183035704429914e-01
2.021374405651122086e-01
2.028253679013490851e-01
2.034011091680847094e-01
2.039135876136730918e-01
2.045736793086051220e-01
2.051848477551831973e-01
2.057302228677680977e-01
2.064232112296968125e-01
2.070385971976846096e-01
2.077914743636324890e-01
2.084262609301056612e-01
2.089800710855102550e-01
2.095161676509935678e-01
2.100050279766869366e-01
2.105951088162158202e-01
2.113125588023213042e-01
2.119245707531812739e-01
2.125171821055560351e-01
2.130153209783511581e-01
2.135581655780901811e-01
2.141161932549046909e-01
2.147197701629450228e-01
2.153022594639363574e-01
2.159159584233604212e-01
2.165752066140103349e-01
2.171307037779788562e-01
2.177123495746883519e-01
2.183572581925448397e-01
2.189026333051297402e-01
2.195357328630388460e-01
2.201140046426203756e-01
2.207352951405820440e-01
2.214493711095597006e-01
2.221119933173374417e-01
2.228218517649052099e-01
2.234777259384272963e-01
2.241209475477201896e-01
2.247970658240094621e-01
2.253162923038534438e-01
2.258734764763860314e-01
2.264045120161772562e-01
2.270586991811359701e-01
2.276504670292290589e-01
2.281713805176369125e-01
2.288340027254149311e-01
2.295151820273956533e-01
2.301997353465050078e-01
2.308176518273389877e-01
2.314701519837329691e-01
2.320627633361079245e-01
2.326376610985612381e-01
2.331990627925037973e-01
2.337511859393444358e-01
2.343227096846702551e-01
2.349591832597072438e-01
2.355770997405410294e-01
2.361958597256569869e-01
2.368407683435137523e-01
2.374527802943735832e-01
2.380934713908200440e-01
2.386987353074245255e-01
2.392837551212617930e-01
2.398763664736368872e-01
2.405583892798999202e-01
2.412319770433431487e-01
2.417798826687742320e-01
2.423463453884080465e-01
2.429988455448028328e-01
2.436049529656889867e-01
2.442726361991583994e-01
2.448930831928382568e-01
2.454856945452129902e-01
2.460487832477195325e-01
2.466920048570121760e-01
2.473630621076095548e-01
2.479657955113682699e-01
2.485567198551790480e-01
2.491940369344984585e-01
2.498769032450430527e-01
2.505074722901061146e-01
2.510967096253534647e-01
2.517146261061872226e-01
2.523114549799722051e-01
2.528812917167341801e-01
2.535076432403873814e-01
2.541348382683229490e-01
2.547198580821598557e-01
2.552643896904631671e-01
2.557844596745895149e-01
2.563239302572007383e-01
2.569376292166246634e-01
2.575192750133339370e-01
2.580722416644561923e-01
2.586041207085301719e-01
2.591579308639349599e-01
2.597066799936478265e-01
2.602621771576160148e-01
2.607957432102532280e-01
2.613520838785040046e-01
2.618611883069643098e-01
2.624158419666511310e-01
2.629983312676425489e-01
2.635926296285814874e-01
2.641498138011137420e-01
2.646842233580329884e-01
2.652835827446639594e-01
2.658272708486847935e-01
2.663937335683190799e-01
2.669475437237235349e-01
2.674954493491542018e-01
2.680678165987622208e-01
2.686410273526516068e-01
2.692581003292033315e-01
2.697933533904047221e-01
2.703598161100389530e-01
2.708773961033899558e-01
