1.722615488108364054e-02
1.550362165469109169e-02
1.413179641151816185e-02
1.294702333650253959e-02
1.188444392831164778e-02
1.092414460648764678e-02
1.005114575927640655e-02
9.247501275867438253e-03
8.512623466752451337e-03
7.838613046101405163e-03
7.218577780876317927e-03
6.648105014831204480e-03
6.119697260778514565e-03
5.633877324897697964e-03
5.179552365065816580e-03
4.759884094084274909e-03
4.373759009399170311e-03
4.020810957342964981e-03
3.696187520278149206e-03
3.396754606942579188e-03
3.124787245390912415e-03
2.875103081762915395e-03
2.645128723035236780e-03
2.435141229204002607e-03
2.243253185277851829e-03
2.068225892823497784e-03
1.910617017665819633e-03
1.764895915019884780e-03
1.635534284175945915e-03
1.518456190519986999e-03
1.411140252211860735e-03
1.315021715526632721e-03
1.229073793081664808e-03
1.152515939145428315e-03
1.083763685997117792e-03
1.020624276744236392e-03
9.640604129613581253e-04
9.128980051322260108e-04
8.661191007223223480e-04
8.217109575129073057e-04
7.820675729624356398e-04
7.450273587831562818e-04
7.134969158781032713e-04
6.847615125904225669e-04
6.586870458186819960e-04
6.358659202233060822e-04
6.162065688001847974e-04
5.974917906509028378e-04
5.817050153743462881e-04
5.635628207882956023e-04
5.509979880070480385e-04
5.396923175334834843e-04
5.294075529331414070e-04
5.192896809125499037e-04
5.088455202102999241e-04
5.011380857699138883e-04
4.942998009422307432e-04
4.878507550534301115e-04
4.819644544346527587e-04
4.762613417013712041e-04
4.707735265319601360e-04
4.654209831646136043e-04
4.603980671091838705e-04
4.555404650735746415e-04
4.477929509776604135e-04
4.427725558693334953e-04
4.383165698688862473e-04
4.340170969004955776e-04
4.297454266855019124e-04
4.255120593864457541e-04
4.214756107778921154e-04
4.176199479877724702e-04
4.138105939861667004e-04
4.101885232056782962e-04
4.067136054362042162e-04
4.033227838291603899e-04
3.999648711837238964e-04
3.967093482008336985e-04
3.933496237520444044e-04
3.900261092205856693e-04
3.870401515124373155e-04
3.840983576151410939e-04
3.812495906771721133e-04
3.784412092236705922e-04
3.757816939487553919e-04
3.732507870203417930e-04
3.707424862085510905e-04
3.683263754406698016e-04
3.659520605494154255e-04
3.636590941453899523e-04
3.614785896362380396e-04
3.592001902145646429e-04
3.569656674621266880e-04
3.549038551642338057e-04
3.528931156105353704e-04
3.510218491623661547e-04
3.490894966012918991e-04
3.472392227460936514e-04
3.455200178049457624e-04
3.438733679124896642e-04
3.423137736503481174e-04
3.407669171804051343e-04
3.391777100268304301e-04
3.377872490979072690e-04
3.364024218108361197e-04
3.350992943678216202e-04
3.338408011021699678e-04
3.325782776215339292e-04
3.314258218530825970e-04
3.303343484983282301e-04
3.293099008078345354e-04
3.283541837805275198e-04
3.273921003427381050e-04
3.265260687182018617e-04
3.256475063853962152e-04
3.248358215353313976e-04
3.239329324187929207e-04
3.232149535023986185e-04
3.225770376331592824e-04
3.218639034161523030e-04
3.212339608149561128e-04
3.204042680839975913e-04
3.197593344449064742e-04
3.191939945710133334e-04
3.187542402259252298e-04
3.183578402633581482e-04
3.178984549828917463e-04
3.175312975344846459e-04
3.171962041819877814e-04
3.168380387301946203e-04
3.165478340909748671e-04
3.161790456458498213e-04
3.157020770930209393e-04
3.154814482315883447e-04
3.152938095162495708e-04
3.151133530432204208e-04
3.148949900218726123e-04
3.147198933953364221e-04
3.145609963347082826e-04
3.144389272594040803e-04
3.142237786108056344e-04
3.141321466486637058e-04
3.140636731142005590e-04
3.140055135759719650e-04
3.138406097498945817e-04
3.137887154834785195e-04
3.136545403625712195e-04
3.136109636672356643e-04
3.135651802175346047e-04
3.135358799355720378e-04
3.135116846494209655e-04
3.134940959227507443e-04
3.134779861973173258e-04
3.134671439419487999e-04
3.134521104720697313e-04
3.134345844039098349e-04
3.134289655823971690e-04
3.134226087538314102e-04
3.134009991849842918e-04
3.133986061606724885e-04
3.133936297230936838e-04
3.133909584175474531e-04
3.133896698110885562e-04
3.133888496312139103e-04
3.133861078457078121e-04
3.133856385553688011e-04
3.133854046866301900e-04
3.133485133277257809e-04
3.132738555562672510e-04
3.127086389390691082e-04
3.127010550124897622e-04
3.126979927801987798e-04
3.126976338924144887e-04
3.126972526610634221e-04
3.126963616496980384e-04
3.126961158010450794e-04
3.126958501042832327e-04
3.126952305557915675e-04
3.126945432707087182e-04
3.126932364826184906e-04
3.126920745733366490e-04
3.126907844495872271e-04
3.126898329183683918e-04
3.126892381270255316e-04
3.126867969919286784e-04
3.126847104989617784e-04
3.126841867523729823e-04
3.126840230253071689e-04
3.126819544241141060e-04
3.126809741775115215e-04
3.126807385841699738e-04
3.126711116917472023e-04
3.126690124340195370e-04
3.126683837618919430e-04
3.126669878231975530e-04
3.126669188310438204e-04
3.126669266329591300e-04
3.126657266261590926e-04
3.126633508287435226e-04
3.126476965373838047e-04
3.126470427918997337e-04
3.101123689065493801e-04
3.097089530029629588e-04
3.095709237495098873e-04
3.095256936489222113e-04
3.095082559526352310e-04
3.094889322047964441e-04
3.094855045062237125e-04
3.094814646713024264e-04
3.094795006192474821e-04
3.094790045535096784e-04
3.094773070938698699e-04
3.094749563848538652e-04
3.094707290392842403e-04
3.094691876301684970e-04
3.094649027417850965e-04
3.094626140922862307e-04
3.094606023676352183e-04
3.094601937599457593e-04
3.094601691644361567e-04
3.094589512701096442e-04
3.094577460291499300e-04
3.094559131678349521e-04
3.094548180692885484e-04
3.094525363115589560e-04
3.094525325702701017e-04
3.094517689317115186e-04
3.094501524566711619e-04
3.094478476700244715e-04
3.094400306489703055e-04
3.094381841317871162e-04
3.094374309417612513e-04
3.094366225410017236e-04
3.094322408871460063e-04
3.094287601201228160e-04
3.094275371721564509e-04
3.094254688010271317e-04
3.094212333437199882e-04
3.094177819003953236e-04
3.094164830557340510e-04
3.094109904316764319e-04
3.094061742344583212e-04
3.094048046816041671e-04
3.094029062635264798e-04
3.094019214045872325e-04
3.093950931886401421e-04
3.093937648158551624e-04
3.093909519654687384e-04
3.093857632184724370e-04
3.093842422958011573e-04
3.093835088312151069e-04
3.093828513276650205e-04
3.093811528322496884e-04
3.093770755406975606e-04
3.093734909236648322e-04
3.093730618810718752e-04
3.093722517396802407e-04
3.093716626765215835e-04
3.093697669969588775e-04
3.093686641536554354e-04
3.093628745418083121e-04
3.093599210947293966e-04
3.093517218182091264e-04
3.093436667865015108e-04
3.093418636561954746e-04
3.093393438123604182e-04
3.093391059519757635e-04
3.093371196874263886e-04
3.093315690141574441e-04
3.093225443165259925e-04
3.093152451283824925e-04
3.093147536164648462e-04
3.093116319919282935e-04
3.093030481263678842e-04
3.093031421883198507e-04
3.093029596019952645e-04
3.093032680436444935e-04
3.093022560908866838e-04
3.092977481724802310e-04
3.092956810777626681e-04
3.092939906279560574e-04
3.092930463091696962e-04
3.092917882137156006e-04
3.092908408031041579e-04
3.092908000635331530e-04
3.092874507185461395e-04
3.092848640327826608e-04
3.092845489992781692e-04
3.092804689904632659e-04
3.092775711587587438e-04
3.092732885821780024e-04
3.092721783071241412e-04
3.092708600857927868e-04
3.092710832147780187e-04
3.092698123421612402e-04
3.092614770047633988e-04
3.092581364348946042e-04
3.092576310845154938e-04
3.092528920343888326e-04
3.092516279021188873e-04
3.092518790155113369e-04
3.092492526207708662e-04
3.092462900588394690e-04
3.092442165004188523e-04
3.092397854808827547e-04
3.092340397383632356e-04
3.092315700593705656e-04
3.092281042816657013e-04
3.092262723533896886e-04
3.092236779807010032e-04
3.092194455657398030e-04
3.092089065314783543e-04
3.092059050531736865e-04
3.091845868813750944e-04
3.091755923696022298e-04
3.091645779595435695e-04
3.091574168999200304e-04
3.091570727299091260e-04
3.091552493603608957e-04
3.091416930922247534e-04
3.091293179662983116e-04
3.091251903397976264e-04
3.091226232385560859e-04
3.091217854030910172e-04
3.091131003805793571e-04
3.091092582708642876e-04
3.091037692629102873e-04
3.090124125949390106e-04
3.089410021152290756e-04
3.089319868129207936e-04
3.089102775611140888e-04
3.089052135068783532e-04
3.088958211917384729e-04
3.088888837128532213e-04
3.088865146175434270e-04
3.088850240890844679e-04
3.088841691004366079e-04
3.088754273017207128e-04
3.088741984101273010e-04
3.088466110612786615e-04
3.088422640835700975e-04
3.088363019578120486e-04
3.088357154398627688e-04
3.088331424145061887e-04
3.088280765997947902e-04
3.088081304463534144e-04
3.088073784659594451e-04
3.088058675985264371e-04
3.088042738883962088e-04
3.088010063480916352e-04
3.087977418778575724e-04
3.087968415241166826e-04
3.087958368996575938e-04
3.086981946673577454e-04
3.086943801238429207e-04
3.086891357154858992e-04
3.086710363796002325e-04
3.086456689940153195e-04
3.086364202418626751e-04
3.086294070614003095e-04
3.086239305288894594e-04
3.086192896856452574e-04
3.086175424197561004e-04
3.086128647658954944e-04
3.086030218444169677e-04
3.085748270195486456e-04
3.085659332815418490e-04
3.085350434746034470e-04
3.085238195912231229e-04
3.085174774162938497e-04
3.085184958441369927e-04
3.085181977976149056e-04
3.085054205899585194e-04
3.083693316648584612e-04
3.083519275625424562e-04
3.083235116617865030e-04
3.082452997850653300e-04
3.082385234716579058e-04
3.082154061684454238e-04
3.081372674516174876e-04
3.081211518706828182e-04
3.081021569063707483e-04
3.080667925834448535e-04
3.080478954567062756e-04
3.080323732860542154e-04
3.080298150073944459e-04
3.080238586849520701e-04
3.080081611203124275e-04
3.079927390570087764e-04
3.079799956781676816e-04
3.079647404212351009e-04
3.079702947723968881e-04
3.079618282613233926e-04
3.079238760603703919e-04
3.079173174701411043e-04
3.079046140303296863e-04
3.078782153148559874e-04
3.078147348577877978e-04
3.077556995276733054e-04
3.076320117616306352e-04
3.076337571042583830e-04
3.075634901769273236e-04
3.074883662923826770e-04
3.073514124301801554e-04
3.072531163352286215e-04
3.070407793009761956e-04
3.069511599495484749e-04
3.069016666992959710e-04
3.068171730149459845e-04
3.067561470659987445e-04
3.066170174574561844e-04
3.065728532921816688e-04
3.064489492427609641e-04
3.061139142803921730e-04
3.059818984400734603e-04
3.057579776588299032e-04
3.057214187888926795e-04
3.056699087423100838e-04
3.056194394858654812e-04
3.056007929646470172e-04
3.055783759383739443e-04
3.055167671595913664e-04
3.055273501809350209e-04
3.054669839205694827e-04
3.052825113799430929e-04
3.051251897628114791e-04
3.050935387339853071e-04
3.049156231814441147e-04
3.047117931489873961e-04
3.045716676310554830e-04
3.045601068509791801e-04
3.045590380531371750e-04
3.043620587238150604e-04
3.044068849401493295e-04
3.042613318042013625e-04
3.042507259618748116e-04
3.042460974788793390e-04
3.040084131547805498e-04
3.035826885649267506e-04
3.036164792442099512e-04
3.036185371426492808e-04
3.036582339574474894e-04
3.036735615354392592e-04
3.032701042253331861e-04
3.035337879817781711e-04
3.030751280171297551e-04
3.030976549818951114e-04
3.032967354167040333e-04
3.038121368900645889e-04
3.043354154675900519e-04
3.056107016914688689e-04
3.051013335970115107e-04
3.056152108315642502e-04
3.069642229339867657e-04
3.072060561765648369e-04
3.085112183344199620e-04
3.109524473891431208e-04
3.145127041613583188e-04
3.161383128675090688e-04
3.187981713596857924e-04
3.214523996757035146e-04
3.234009432316591742e-04
3.284539918987263297e-04
3.337005997067733700e-04
3.417525362708160198e-04
3.526896002555237773e-04
3.652363407589689589e-04
3.767754601170061651e-04
3.926745979269616067e-04
4.069507043063791667e-04
4.273705750021163921e-04
4.620485719933652754e-04
4.868211474746602166e-04
5.304058906095182775e-04
5.934552673049920540e-04
6.457017577215402870e-04
7.095461205588468948e-04
7.925131342685957057e-04
8.852042240361659249e-04
9.764179262639375526e-04
1.118330291520202354e-03
1.269017028525866019e-03
1.413105500030727331e-03
1.603229695186353214e-03
1.883955511641614150e-03
2.228936393546158273e-03
2.638990395735073529e-03
2.907700630186208814e-03
3.417039542279535266e-03
4.098484472208232046e-03
4.879155831345424396e-03
5.659147009245574581e-03
6.745271950687218784e-03
7.913651041810847164e-03
9.748892757254115637e-03
1.150650760398776347e-02
1.402357331440962779e-02
1.676158591596484809e-02
2.083378581001932642e-02
2.395419089033089949e-02
2.842744376946098814e-02
