2.048086434239976494e+00
2.049266980656613057e+00
2.051633189677279034e+00
2.055195254680574735e+00
2.059968365937882240e+00
2.065972584555596736e+00
2.073232664353063637e+00
2.081777813960087986e+00
2.091641390557048563e+00
2.102860516457038642e+00
2.115475610199128553e+00
2.129529825006411858e+00
2.145068389346052040e+00
2.162137846857829171e+00
2.180785196002192006e+00
2.201056933293554785e+00
2.222998007775394136e+00
2.246650698283140013e+00
2.272053428837689459e+00
2.299239541021719901e+00
2.328236045226244055e+00
2.359062375049623572e+00
2.391729170751268896e+00
2.426237118415042193e+00
2.462575871318932741e+00
2.500723078946394562e+00
2.540643547169220362e+00
2.582288550486116829e+00
2.625595313954022458e+00
2.670486678762581167e+00
2.716870961446168131e+00
2.764642012667255067e+00
2.813679477485726554e+00
2.863849255169527819e+00
2.915004152986470309e+00
2.966984725093412933e+00
3.019620284621765904e+00
3.072730074334576233e+00
3.126124578769721385e+00
3.179606958548695683e+00
3.232974585489714059e+00
3.286020655302758886e+00
3.338535852975497598e+00
3.390310044527693467e+00
3.441133967698563723e+00
3.490800893448367415e+00
3.539108230038135794e+00
3.585859042045281608e+00
3.630863458116087461e+00
3.673939943659939811e+00
3.714916418118417329e+00
3.753631200893708275e+00
3.789933775415130768e+00
3.823685366994008294e+00
3.854759336815181126e+00
3.883041401313608976e+00
3.908429692906350894e+00
3.930834684184772332e+00
3.950179002812198803e+00
3.966397168148508179e+00
3.979435282734340440e+00
3.989250712011644051e+00
3.995811783951345397e+00
3.999097536652481910e+00
