1.429905072246752809e-05
4.533926237800534878e-04
9.236958552702825322e-04
1.341701821278784611e-03
1.767299325824957029e-03
2.192053326089168051e-03
2.620181343481232678e-03
3.071927480768271886e-03
3.512708062389784981e-03
3.973732746778413198e-03
4.429696405475261334e-03
4.889877585581928372e-03
5.338249705741105952e-03
5.805178920103478898e-03
6.266203604492107115e-03
6.730602306008591322e-03
7.171382887630100081e-03
7.641686119120334221e-03
8.105241316354858117e-03
8.559517966487788232e-03
9.021386155158387168e-03
9.485784856674875712e-03
9.961992618138851979e-03
1.042723482393730257e-02
1.090597309824716844e-02
1.135603222697027445e-02
1.181283938994909938e-02
1.225952450154435894e-02
1.273488875872636795e-02
1.320772250306249777e-02
1.368224325596254301e-02
1.412808486327584573e-02
1.458995305194644466e-02
1.505941277915471069e-02
1.552718549779905609e-02
1.597724462652216904e-02
1.643489529378294733e-02
1.691447707237478393e-02
1.735272714115040915e-02
1.781628233838493391e-02
1.829670762125873776e-02
1.877291538272270535e-02
1.922044399859993216e-02
1.968231218727052242e-02
2.016020695729842105e-02
2.063641471876238864e-02
2.110503094168868915e-02
2.159051725025426527e-02
2.207769056738374813e-02
2.252437567897901116e-02
2.300058344044297876e-02
2.346498214195945342e-02
2.393950289485950733e-02
2.441064963063170265e-02
2.487926585355800663e-02
2.534535156363842620e-02
2.581902881225649551e-02
2.627836648808121178e-02
2.676047877951893625e-02
2.721897295106166792e-02
2.768252814829618921e-02
2.812668274704556784e-02
2.859361196140793385e-02
2.905126262866870174e-02
2.952747039013271790e-02
2.999439960449504575e-02
3.050266052867366823e-02
3.096368521306227736e-02
3.145001502590979992e-02
3.189416962465922017e-02
3.234760277051011018e-02
3.280694044633485074e-02
3.328652222492670815e-02
3.375682545641688070e-02
3.421025860226786092e-02
3.468646636373189096e-02
3.516436113375973754e-02
3.563803838237782073e-02
3.610665460530417675e-02
3.658876689674184918e-02
3.707678371815333745e-02
3.757407908666644120e-02
3.803257325820913470e-02
3.852396409674845035e-02
3.903475553377298846e-02
3.953289440656795189e-02
4.002259823654334692e-02
4.051061505795486295e-02
4.100200589649417166e-02
4.149424023931541639e-02
4.196876099221549805e-02
4.245930832647288461e-02
4.294479463503843991e-02
4.344377701211540183e-02
4.390564520078604760e-02
4.440378407358110124e-02
4.488927038214662185e-02
4.534270352799758125e-02
4.584505992220245379e-02
4.631283264084682522e-02
4.679072741087468568e-02
4.726524816377473265e-02
4.777013507082549654e-02
4.828767454210571020e-02
4.878665691918264435e-02
4.926370818492857573e-02
4.972895039072707662e-02
5.023383729777781276e-02
5.070245352070412714e-02
5.121746247913837313e-02
5.169282673632039082e-02
5.219012210483347375e-02
5.265030328494017808e-02
5.311807600358448012e-02
5.361452786781557844e-02
5.409073562927958767e-02
5.460237057058604099e-02
5.505411670787304507e-02
5.554297703356645549e-02
5.596688752954869644e-02
5.643381674391110409e-02
5.687797134266048271e-02
5.733477850563935968e-02
5.776881105300512437e-02
5.824333180590511583e-02
5.872628760162486306e-02
5.921936544872816177e-02
5.965171098752999196e-02
6.010683114194483034e-02
6.055351625354003786e-02
6.100947991223700656e-02
6.148147015229128709e-02
6.194586885380761604e-02
6.240773704247819936e-02
6.286538770973901236e-02
6.333147341981952561e-02
6.379840263418189161e-02
6.427376689136386767e-02
6.477106225987686039e-02
6.524811352562287503e-02
6.575300043267370831e-02
6.618534597147546217e-02
6.664384014301821813e-02
6.709474277602327230e-02
6.757516805889712819e-02
6.807161992312824039e-02
6.854445366746429735e-02
6.903162698459379409e-02
6.951036525890362527e-02
6.999332105462337250e-02
7.048639890172665734e-02
7.096682418460034669e-02
7.145737151885771243e-02
7.192851825462985571e-02
7.241737858032339104e-02
7.289274283750543648e-02
7.334448897479238505e-02
7.385781092466274511e-02
7.432980116471690768e-02
7.482203550753817323e-02
7.529571275615633275e-02
7.576770299621052307e-02
7.627090289469720674e-02
7.673192757908585404e-02
7.721403987052358198e-02
7.773832737605948506e-02
7.822212667606115444e-02
7.868483836901371542e-02
7.914839356624818467e-02
7.964400192619733310e-02
8.011430515768751259e-02
8.059051291915153570e-02
8.106840768917951412e-02
8.159353869899728384e-02
8.210770415314956605e-02
8.259993849597084548e-02
8.311157343727727798e-02
8.357597213879382203e-02
8.409266810579205109e-02
8.460008552568853979e-02
8.510750294558518114e-02
8.557864968135735217e-02
8.608184957984417462e-02
8.659770204256048154e-02
8.711102399243088323e-02
8.761169337807167556e-02
8.812248481509617204e-02
8.860459710653387222e-02
8.906562179092247789e-02
8.955532562089794923e-02
9.005852551938479944e-02
9.054738584507814048e-02
9.099575796523730331e-02
9.150570589797978049e-02
9.201649733500424921e-02
9.250535766069772903e-02
9.301277508059435650e-02
9.354549762894980025e-02
9.404110598889886541e-02
9.454177537453978264e-02
9.502388766597748282e-02
9.557601081281816291e-02
9.607414968561321655e-02
9.658831513976552652e-02
9.707548845689499550e-02
9.757025331256213851e-02
9.803043449266878040e-02
9.856400054530629895e-02
9.906466993094728557e-02
9.959570547073889890e-02
1.000744437450487023e-01
1.005692086007158870e-01
1.010800000377403696e-01
1.016169401075056877e-01
1.021386971001957272e-01
1.026461145200924102e-01
1.031197917687105559e-01
1.036845674797806233e-01
1.042105419938804955e-01
1.047238639437508001e-01
1.052363423893391964e-01
1.057344812621342778e-01
1.062132195364442061e-01
1.067037668707016412e-01
1.072120277948802047e-01
1.077194452147768322e-01
1.081880614377032090e-01
1.086887308233440708e-01
1.091708431147817293e-01
1.096866955774980640e-01
1.102379752200568913e-01
1.107673237512845216e-01
1.112350964699288791e-01
1.117458879069533340e-01
1.122136606255976360e-01
1.127337306097236924e-01
1.132149993968795121e-01
1.137316953638778383e-01
1.142273037238269590e-01
1.147499042207988096e-01
1.152387645464923310e-01
1.157250943593396281e-01
1.162223897278527873e-01
1.167576427890542334e-01
1.172844608074360834e-01
1.177986262615882129e-01
1.182917041086916227e-01
1.187856254600766076e-01
1.192862948457175665e-01
1.198240784197647790e-01
1.203483659253007099e-01
1.208650618922989112e-01
1.213775403378873491e-01
1.218554351079150916e-01
1.223780356048871226e-01
1.228812355033738063e-01
1.234097405303196671e-01
1.239416195743932442e-01
1.244642200713651503e-01
1.249716374912616668e-01
1.254773679025944222e-01
1.259721327582614403e-01
1.265132903494368410e-01
1.270333603335628558e-01
1.275357167277675341e-01
1.280886833788902057e-01
1.286062228501703431e-01
1.291254493300143802e-01
1.296345537584751018e-01
1.300972654514276350e-01
1.305844387685569374e-01
1.310884821713257375e-01
1.315942125826582432e-01
1.320915079511713330e-01
1.326157954567074027e-01
1.331400829622432225e-01
1.336812405534182069e-01
1.341760054090853915e-01
1.346952318889292899e-01
1.352110843516456384e-01
1.357632074984864434e-01
1.363085826110712884e-01
1.368345571251710080e-01
1.373504095878872455e-01
1.379092807689835387e-01
1.384360987873653470e-01
1.390059355241272943e-01
1.395268490125352867e-01
1.400730676294021093e-01
1.406353128276263686e-01
1.411882794787489570e-01
1.417614902326386483e-01
1.422798732082009021e-01
1.427839166109696467e-01
1.433225436892987259e-01
1.438324916220414251e-01
1.443567791275772172e-01
1.448355174018872427e-01
1.453648659331147064e-01
1.458630048059098017e-01
1.463383690630918332e-01
1.468398819530146171e-01
1.473540474071670381e-01
1.478682128613194036e-01
1.483840653240356411e-01
1.489210053938009592e-01
1.494073352066485616e-01
1.499552408320791730e-01
1.504500056877465242e-01
1.509405530220037928e-01
1.514378483905170769e-01
1.519486398275414207e-01
1.524872669058708052e-01
1.530250504799179900e-01
1.535282503784047015e-01
1.539749354900001033e-01
1.545304326539686524e-01
1.550074839197147780e-01
1.554845351854605151e-01
1.559750825197180335e-01
1.564884044695882548e-01
1.569899173595109831e-01
1.575226399078666628e-01
1.579946301479209503e-01
1.584809599607685804e-01
1.590524837060942609e-01
1.595101343733552057e-01
1.600285173489172375e-01
1.605393087859415813e-01
1.610475697101202419e-01
1.615440215743513819e-01
1.620885531826545545e-01
1.625799440211937175e-01
1.630308466541989798e-01
1.635779087753477801e-01
1.640870132038082241e-01
1.646290142992654359e-01
1.651583628304932050e-01
1.657535046957141767e-01
1.662963492954531441e-01
1.668375068866283228e-01
1.673542028536263992e-01
1.679004214704934439e-01
1.684356745316948900e-01
1.689515269944110720e-01
1.694791885170748302e-01
1.700523992709647714e-01
1.705564426737334049e-01
1.710427724865807853e-01
1.715991131548313120e-01
1.721638888659015043e-01
1.726341920973917810e-01
1.731525750729539515e-01
1.736051647145230026e-01
1.741167996558294906e-01
1.746444611784932210e-01
1.751366955213145282e-01
1.755951896928572287e-01
1.761034506170358338e-01
1.766336426525455250e-01
1.771891398165139631e-01
1.777108968092038777e-01
1.781946961092054360e-01
1.787122355804856566e-01
1.791825388119758222e-01
1.797565930701476300e-01
1.802817240799655663e-01
1.808102291069111078e-01
1.813243945610635288e-01
1.818284379638322179e-01
1.822869321353747796e-01
1.827488003240455294e-01
1.832241645812273945e-01
1.837661656766844953e-01
1.842600870280698966e-01
1.847514778666090596e-01
1.852951659706302823e-01
1.858127054419103363e-01
1.863639850844688584e-01
1.869026121627980486e-01
1.874091860784128649e-01
1.879233515325651194e-01
1.884729441665597971e-01
1.890250673134004633e-01
1.895991215715720768e-01
1.901428096755929664e-01
1.907312035065581446e-01
1.913035707561661081e-01
1.918987126213868577e-01
1.924879499566337360e-01
1.930991184032119778e-01
1.936908862513047891e-01
1.943374818777253987e-01
1.949646769056607720e-01
1.955851238993404351e-01
1.961971358502005991e-01
1.967796251511920724e-01
1.974464648803796463e-01
1.980618508483676099e-01
1.986983244234045431e-01
1.993474505626710025e-01
1.999813936248621693e-01
2.006094321570796313e-01
2.012728978691392112e-01
2.019262415298154478e-01
2.025778981819278957e-01
2.032253373126303442e-01
2.039124211445851598e-01
2.045860089080286381e-01
2.052528486372161565e-01
2.059281234092233681e-01
2.065814670698997157e-01
2.072592723547529436e-01
2.079193640496848350e-01
2.085592116418497066e-01
2.092336429095748018e-01
2.098810820402773336e-01
2.105377997180815364e-01
2.112240400457544853e-01
2.118891927663781871e-01
2.125762765983330027e-01
2.132473338489304371e-01
2.139318871680393197e-01
2.146409021113251103e-01
2.153195509004603991e-01
2.160243483223364680e-01
2.167299892484944035e-01
2.174136990633213362e-01
2.181260880237350930e-01
2.188367899755848112e-01
2.195601444916639999e-01
2.202742204606417120e-01
2.209849224124912914e-01
2.216998418857509812e-01
2.224164483675745430e-01
2.231305243365521440e-01
2.238606268868870985e-01
2.245831378986842264e-01
2.253014313890716880e-01
2.260374384693803751e-01
2.267616364897414583e-01
2.275162006642534596e-01
2.282353376589227600e-01
2.289747187563593300e-01
2.297140998537956225e-01
2.304425153955669547e-01
2.311844270058497075e-01
2.319271821204139106e-01
2.326699372349781969e-01
2.334042573067229009e-01
2.341174897714188574e-01
2.348678364245207206e-01
2.356131220519310232e-01
2.363558771664950320e-01
2.370885102296760305e-01
2.378354828656505382e-01
2.386060736215194211e-01
2.393538897617757122e-01
2.401109844491335077e-01
2.408832622135665957e-01
2.416133647639014670e-01
2.423831120154887608e-01
2.431520157627935774e-01
2.439133279715618718e-01
2.446746401803293058e-01
2.454317348676867128e-01
2.462056996406836173e-01
2.469552027895042245e-01
2.477165149982720749e-01
2.484938537883965848e-01
2.492703490742394223e-01
2.500460008558004765e-01
2.508005650303122835e-01
2.515525986919784351e-01
2.523096933793363972e-01
2.530617270410021602e-01
2.538146042069504005e-01
2.545447067572850219e-01
2.552975839232329291e-01
2.560622701491283015e-01
2.568168343236404971e-01
2.575899555923558126e-01
2.583386152368938316e-01
2.590805268471764178e-01
2.597979768332816519e-01
2.605390449392825380e-01
2.612936091137940675e-01
2.620574518354076288e-01
2.628035809670996592e-01
2.635395880474087349e-01
2.642781256405631329e-01
2.649458088740330730e-01
2.656101180903746584e-01
2.662626182467688341e-01
2.669083703689076881e-01
2.675347218925613890e-01
2.681593864076506906e-01
2.687773028884843374e-01
2.693867843264988737e-01
2.699928917473846668e-01
2.705813261004209602e-01
