1.018160614694168187e+00
9.363009906795159987e-01
9.051261559870238393e-01
8.858966454515923017e-01
8.707750433360433862e-01
8.571355746186088975e-01
8.446654615253306186e-01
8.324447946628109607e-01
8.210763510759430117e-01
8.105571788606055206e-01
8.005560816898941168e-01
7.909873371440369061e-01
7.817737302257831145e-01
7.728788444644859590e-01
7.643180001690607073e-01
7.556122553125138586e-01
7.476135134112560365e-01
7.390712142709690013e-01
7.315597510150947391e-01
7.242964050212521432e-01
7.171850477039904970e-01
7.102022837565613589e-01
7.033564369077078826e-01
6.968836681243463227e-01
6.906134228948843656e-01
6.845314254668156684e-01
6.785908553180232117e-01
6.727684754891318786e-01
6.670979759942975429e-01
6.615561100440783271e-01
6.561349440565674707e-01
6.508320939130396443e-01
6.456287672717154758e-01
6.404671159970547478e-01
6.354635614761713347e-01
6.305486622188656298e-01
6.257137791598152976e-01
6.209581186616767168e-01
6.162953917807747484e-01
6.116991596659296926e-01
6.071782875406478430e-01
6.027284284164137196e-01
5.983489082777031509e-01
5.940449597699705153e-01
5.898126724024898015e-01
5.856369419115036168e-01
5.815280279324800405e-01
5.774817323989182016e-01
5.735058323542665537e-01
5.695782529138734285e-01
5.657165777362882508e-01
5.619193493990217725e-01
5.581822872382951051e-01
5.545046388947360017e-01
5.508675473086026564e-01
5.472930004554924510e-01
5.437730165687415518e-01
5.402982409322325541e-01
5.368743473077322026e-01
5.335015038901861351e-01
5.301712424274814817e-01
5.268881045361434312e-01
5.236470213688234621e-01
5.204531693170499906e-01
5.173013349526965898e-01
5.141699754722764970e-01
5.111021207033414893e-01
5.080793125921806430e-01
5.050976115450404036e-01
5.021496252778545610e-01
4.992371650635313296e-01
4.963534907934795681e-01
4.934334563006331220e-01
4.906280648230862962e-01
4.878578407496376723e-01
4.851192427387257533e-01
4.824119359447717192e-01
4.797315618323590436e-01
4.770833256376501019e-01
4.744628187249056994e-01
4.718751649158867689e-01
4.693190892370516787e-01
4.667920216339409567e-01
4.642873530657284920e-01
4.618042497139675517e-01
4.593477203036871459e-01
4.569149758564266528e-01
4.545145078338817535e-01
4.521423564881008605e-01
4.497992082322263552e-01
4.474756090892887950e-01
4.451831877298034201e-01
4.429164015903542251e-01
4.406733692998977547e-01
4.384521657769827607e-01
4.362549441000197481e-01
4.340799444065037704e-01
4.319281785216723124e-01
4.297966309545390717e-01
4.276902121266277224e-01
4.256041503364864642e-01
4.235310148772627459e-01
4.214806060052939118e-01
4.194544772099259022e-01
4.174487285206450182e-01
4.154582356449423308e-01
4.134843716066110009e-01
4.115306805478879393e-01
4.095981016590054535e-01
4.076827569093210424e-01
4.057878722324781973e-01
4.039127890018336386e-01
4.020591559302563733e-01
4.002248421810093437e-01
3.984108634455644227e-01
3.966158825636779683e-01
3.948374606672974685e-01
3.930759935257691629e-01
3.913251123961051792e-01
3.895933509633016656e-01
3.878758490306824513e-01
3.861733357321346372e-01
3.844862303972456097e-01
3.828183208173679408e-01
3.811654529832611549e-01
3.795305909777967335e-01
3.779080551989556502e-01
3.763018767470633352e-01
3.747053865244939219e-01
3.731200199749244439e-01
3.715502862225523173e-01
3.699917793861940418e-01
3.684492742398359222e-01
3.669202586560179058e-01
3.654046922434874833e-01
3.639005540219652501e-01
3.624097108288499292e-01
3.609308721851473556e-01
3.594611747033055194e-01
3.580075365537266907e-01
3.565673320051320760e-01
3.551388197018738868e-01
3.537215241395066934e-01
3.523147934843457452e-01
3.509187307212934814e-01
3.495335211018841814e-01
3.481587773907972028e-01
3.467927181047302798e-01
3.454367886616694361e-01
3.440914985556205452e-01
3.427563905260740951e-01
3.414302511446852262e-01
3.401124146348558086e-01
3.388021108759776134e-01
3.374552422360600490e-01
3.361595271570790300e-01
3.348738848431321302e-01
3.335896568574071575e-01
3.323237395565187269e-01
3.310678546165830571e-01
3.298211820586047782e-01
3.285839700547754649e-01
3.273554470251079929e-01
3.260722439456939514e-01
3.248610627959171993e-01
3.236575495060401986e-01
3.224660740455451147e-01
3.212738224689370425e-01
3.200998004695749244e-01
3.189332895947291080e-01
3.177706053290749177e-01
3.166216159338575142e-01
3.154815659564502162e-01
3.143511580848121212e-01
3.132314989760047741e-01
3.121192627847821921e-01
3.110147760231248837e-01
3.099174602470659012e-01
3.088289771297986763e-01
3.077480719244299889e-01
3.066748775124671922e-01
3.056131965605836665e-01
3.045603306710965019e-01
3.035166593734124896e-01
3.024775854484318960e-01
3.014495638413063894e-01
3.004295552941059766e-01
2.994184256511115416e-01
2.984147476840470214e-01
2.974182370657820207e-01
2.964300464397529034e-01
2.954496165496728333e-01
2.944772549150065366e-01
2.935122846466019508e-01
2.925531949161633838e-01
2.916044540734031854e-01
2.906647696681357584e-01
2.897325565717769891e-01
2.888086660926552085e-01
2.878916124494771966e-01
2.869824213328749929e-01
2.860305213839164362e-01
2.851348718700932316e-01
2.842473005057356006e-01
2.833686128791221837e-01
2.824967181208288824e-01
2.816341016276235343e-01
2.807790082304497115e-01
2.799298525450891195e-01
2.790875933084837057e-01
2.782534344336734522e-01
2.774259022767113225e-01
2.766047980841701559e-01
2.757896982265918284e-01
2.749804868969579208e-01
2.741772872331879052e-01
2.733815269340328369e-01
2.725923000125762274e-01
2.718105091835782972e-01
2.710362312525712025e-01
2.702682357790638368e-01
2.695054476213692984e-01
2.687488689956984422e-01
2.679980360668153816e-01
2.672533489655741779e-01
2.665152488169402201e-01
2.657838775378269514e-01
2.650580845687294795e-01
2.643365047235203824e-01
2.636222652756883278e-01
2.627141703821198604e-01
2.620060435978104341e-01
2.613075345194957877e-01
2.606126610043649205e-01
2.599250742396168601e-01
2.592433461896340163e-01
2.585664999494243221e-01
2.578956230527773563e-01
2.572310192000865636e-01
2.565726234189365518e-01
2.559187179697673398e-01
2.552709497414125672e-01
2.546273250725043513e-01
2.539895327359733557e-01
2.533567304690474420e-01
2.527301436830656778e-01
2.521096539742156417e-01
2.514953005446067258e-01
2.508863008395852967e-01
2.502574283519589105e-01
2.496587627404456000e-01
2.490661561690758474e-01
2.484783374665614775e-01
2.478960836446540694e-01
2.473192874952179487e-01
2.467373671681059866e-01
2.461680149190726141e-01
2.456035118284100871e-01
2.450420259742780715e-01
2.444876554475911012e-01
2.439389907782138767e-01
2.433948762320577441e-01
2.428555181747544256e-01
2.423200521941319130e-01
2.417902127877240570e-01
2.412322120576834705e-01
2.406917218425784211e-01
2.401732888156619117e-01
2.396592831757681230e-01
2.391502298212523636e-01
2.386459813212929992e-01
2.381463769878866266e-01
2.376513267693322051e-01
2.371614414407358928e-01
2.366755304560599626e-01
2.361940486227206981e-01
2.357166986645659046e-01
2.352430850775167614e-01
2.347734383593255703e-01
2.343078179376272829e-01
2.338466677285629403e-01
2.333888737878750397e-01
2.329359867034319631e-01
2.324875425948367547e-01
2.320423762959156200e-01
2.316012058615876945e-01
2.311632016686318847e-01
2.307297650146098444e-01
2.302999231955188131e-01
2.298598385779719033e-01
2.294351765485862227e-01
2.290118039401808081e-01
2.285952728163196668e-01
2.281827097618679134e-01
2.277746368677101563e-01
2.273702154505078676e-01
2.269698812393560472e-01
2.265740532883071257e-01
2.261821263497251211e-01
2.257933808387526664e-01
2.254081003988893939e-01
2.250260704409381418e-01
2.246470141868393000e-01
2.242704088099500837e-01
2.238971999249505240e-01
2.235269018448777512e-01
2.231598869300345789e-01
2.227959218992617285e-01
2.224346364858028335e-01
2.220763803915542789e-01
2.217205039184662607e-01
2.213677757893131315e-01
2.210190318183878899e-01
2.206728468883451810e-01
2.203295402720248375e-01
2.199901857405723304e-01
2.196536634196111226e-01
2.193204718295212186e-01
2.189902635052905500e-01
2.186624891182386565e-01
2.183375963520605145e-01
2.180155032101413481e-01
2.176963796422241582e-01
2.173805889864447727e-01
2.170674512343681861e-01
2.167557754407655191e-01
2.164485356383494818e-01
2.161449653736114696e-01
2.158442226102146588e-01
2.155461271653147937e-01
2.152511692867226101e-01
2.149591538528325407e-01
2.146708350569413726e-01
2.143857399200327363e-01
2.141034718597777942e-01
2.138239891555176742e-01
2.135472811713076957e-01
2.132736823711093577e-01
2.130028632700680657e-01
2.127315702952877197e-01
2.124676548115842223e-01
2.122069797154386150e-01
2.119473113322641322e-01
2.116782019987042407e-01
2.114258654014846417e-01
2.111757733835546991e-01
2.109262824970983830e-01
2.106813323422985496e-01
2.104393776618440626e-01
2.102000169259731488e-01
2.099634285222966024e-01
2.097291460442304578e-01
2.094975133482361862e-01
2.092682765554835234e-01
2.090415692686355964e-01
2.088171273679692574e-01
2.085955496354913175e-01
2.083765634729238536e-01
2.081597482852682868e-01
2.079451326714313597e-01
2.077330370372163781e-01
2.075233905113276767e-01
2.073162545500521481e-01
2.071113836215656423e-01
2.069091511384521798e-01
2.067101057609730952e-01
2.065132911732497356e-01
2.063190296039425498e-01
2.061274772074597472e-01
2.059388860381442810e-01
2.057520286258925912e-01
2.055669182403845330e-01
2.053844245425154313e-01
2.052011696087251702e-01
2.050221714452347688e-01
2.048454917701816869e-01
2.046709990280866642e-01
2.044675714754444762e-01
2.042972446012013554e-01
2.041289349954874821e-01
2.039630371814426801e-01
2.038000031179707794e-01
2.036394654859113584e-01
2.034811127502060835e-01
2.033259290890375159e-01
2.031733325197326023e-01
2.030239088004699988e-01
2.028773530086762089e-01
2.027337053082053642e-01
2.025924741954046315e-01
2.024526425302448362e-01
2.023161633476357191e-01
2.021741265124373521e-01
2.020422028506794199e-01
2.019128475181731497e-01
2.017867208470052187e-01
2.016628455328974834e-01
2.015377898366641496e-01
2.014191314263120147e-01
2.013030634884021008e-01
2.011890752394229209e-01
2.010766064123565011e-01
2.009673181921245444e-01
2.008613303839920927e-01
2.007579917525136315e-01
2.006569234358731579e-01
2.005587934515230264e-01
2.004606460244353905e-01
2.003671020607734887e-01
2.002753011520856108e-01
2.001856104570305939e-01
2.000960055710354624e-01
2.000106366720729167e-01
1.999277425933834174e-01
1.998369854050579264e-01
1.997584291255647682e-01
1.996814214313697156e-01
1.996064681461984791e-01
1.995336570718437841e-01
1.994630132748952123e-01
1.993942774601938639e-01
1.993275491660334298e-01
1.992585123988883933e-01
1.991927189115553221e-01
1.991295703788693305e-01
1.990679684589407028e-01
1.990076757289305498e-01
1.989156463914741324e-01
1.988587248730862844e-01
1.988034895611855424e-01
1.987498795469055668e-01
1.986974855006923002e-01
1.986464942495146380e-01
1.985963316165205439e-01
1.985479788314367666e-01
1.984898680314045039e-01
1.984411711477894469e-01
1.983958694993022687e-01
1.983513672076699375e-01
1.983070583955162669e-01
1.982645382163711056e-01
1.982213736451328423e-01
1.981802294425457356e-01
1.981402185087575707e-01
1.981011537498391650e-01
1.980604006632515068e-01
1.980222751450708418e-01
1.979848200931150493e-01
1.979479206847976347e-01
1.979115846112448063e-01
1.978752146162015557e-01
1.978396848485195203e-01
1.978045802819031196e-01
1.977692295791739219e-01
1.977334671939182387e-01
1.976995489745027590e-01
1.976661826444207348e-01
1.976330897277837340e-01
1.975996800130449538e-01
1.975675789097684210e-01
1.975351875328261730e-01
1.975037906781341446e-01
1.974728802316367826e-01
1.974403982079545317e-01
1.974101091826622745e-01
1.973803797137275995e-01
1.973510150733638335e-01
1.973218802898518975e-01
1.972933085299106437e-01
1.972654215124514665e-01
1.972378091494876862e-01
1.972108483296568238e-01
1.971823540153376797e-01
1.971558140640295997e-01
1.971300615894827357e-01
1.971048979241457055e-01
1.970801355795300247e-01
1.970198258186970641e-01
1.969957734575725761e-01
1.969727899351481348e-01
1.969502312721098658e-01
1.969286925364092389e-01
1.969071501460324947e-01
1.968865160266964065e-01
1.968544054185275283e-01
1.968326260678115724e-01
1.968139015691790228e-01
1.967980409659312868e-01
1.967812155487528858e-01
1.967681727857008012e-01
1.967607164358229910e-01
1.967250677298639505e-01
1.967728725712997173e-01
1.968883292046482159e-01
1.969912691304960550e-01
1.973791298912271341e-01
1.978675378778823601e-01
1.986297545649138019e-01
1.996928534791557741e-01
2.011509807577697706e-01
2.026145100401339494e-01
