6.349067946425932529e-01
6.352727640317923363e-01
6.360062888282802529e-01
6.371105289794217752e-01
6.385901934693415383e-01
6.404515012410177954e-01
6.427021259784432283e-01
6.453511223568501043e-01
6.484088311021485307e-01
6.518867601313900195e-01
6.557974391916764345e-01
6.601542457821573118e-01
6.649712007276430414e-01
6.702627325564538552e-01
6.760434107913180224e-01
6.823276493516921004e-01
6.891293824410416047e-01
6.964617164983383235e-01
7.043365629700488739e-01
7.127642577467921958e-01
7.217531740497717951e-01
7.313093362944708131e-01
7.414360429612971704e-01
7.521335067362413529e-01
7.633985201354739347e-01
7.752241544988616173e-01
7.875994996466566533e-01
8.005094506734568016e-01
8.139345473469141723e-01
8.278508704358198411e-01
8.422299980658344287e-01
8.570390239423293366e-01
8.722406380338755261e-01
8.877932691135455023e-01
9.036512874343697321e-01
9.197652647849863250e-01
9.360822882361439223e-01
9.525463230444011220e-01
9.690986194165138734e-01
9.856781571451590507e-01
1.002222121493999696e+00
1.018666403133145382e+00
1.034946114408788143e+00
1.050996113787071362e+00
1.066751529967167489e+00
1.082148276946772736e+00
1.097123551286821153e+00
1.111616303006326856e+00
1.125567671985649998e+00
1.138921382501714596e+00
1.151624089581422927e+00
1.163625672239465558e+00
1.174879470338942244e+00
1.185342463726374085e+00
1.194975394369070631e+00
1.203742834361878788e+00
1.211613204754093731e+00
1.218558752049046401e+00
1.224555490822373915e+00
1.229583122075643242e+00
1.233624937596456306e+00
1.236667720671821735e+00
1.238701652972728606e+00
1.239720236309880264e+00
