1.429905072246752809e-05
4.491751023702369159e-04
8.671810683787386153e-04
1.283500025823313675e-03
1.720906590316972299e-03
2.167591701912230124e-03
2.608372283533743220e-03
3.064335942230597427e-03
3.509334045261928124e-03
3.963610695394850433e-03
4.431383414039188895e-03
4.870476987096773562e-03
5.326440645793620830e-03
5.787465330182248180e-03
6.233306937495537887e-03
6.681679057654717202e-03
7.132581690659784389e-03
7.601197913586093570e-03
8.055474563719024553e-03
8.510594718133918449e-03
8.964027863984884784e-03
9.446140155422609250e-03
9.896199284145716993e-03
1.035806747281631593e-02
1.082668369574262338e-02
1.128686487584929475e-02
1.174957656880185573e-02
1.218023509903981214e-02
1.264716431340218855e-02
1.310228446781708071e-02
1.355403060510412296e-02
1.403023836656809402e-02
1.449885458949439973e-02
1.497506235095837773e-02
1.542933900109130438e-02
1.590554676255527891e-02
1.637078896835373470e-02
1.684530972125378515e-02
1.732910902125542676e-02
1.779266421848995500e-02
1.826128044141626244e-02
1.875351478423753146e-02
1.922381801572776647e-02
1.969749526434584619e-02
2.016779849583607079e-02
2.065750232581145887e-02
2.113708410440328853e-02
2.161329186586725959e-02
2.212155279004584391e-02
2.260703909861142696e-02
2.308999489433110133e-02
2.356957667292293099e-02
2.405506298148850711e-02
2.452874023010658336e-02
2.500832200869842342e-02
2.547609472734275668e-02
2.598604266008526509e-02
2.645634589157549316e-02
2.693677117444928312e-02
2.745852816713927405e-02
2.793979695429502780e-02
2.840925668150329902e-02
2.889221247722298033e-02
2.938275981148029750e-02
2.987330714573767712e-02
3.035794995002125130e-02
3.086283685707201171e-02
3.133904461853596196e-02
3.182537443138352268e-02
3.229820817571963515e-02
3.278622499713113037e-02
3.327677233138846835e-02
3.374791906716066020e-02
3.425027546136549805e-02
3.475010134272443763e-02
3.521365653995897627e-02
3.571095190847201062e-02
3.620571676413921608e-02
3.673000426967507059e-02
3.721127305683086944e-02
3.771700346816352079e-02
3.825141302508300312e-02
3.876304796638939398e-02
3.924937777923695470e-02
3.978125682331049712e-02
4.025746458477449941e-02
4.082139679156263079e-02
4.125627284321042865e-02
4.179658693010360887e-02
4.226351614446596794e-02
4.277768159861834035e-02
4.326232440290191106e-02
4.377902036990015400e-02
4.420546137872826548e-02
4.472637486713632038e-02
4.524391433841647159e-02
4.573867919408366317e-02
4.626296669961955238e-02
4.677966266661778838e-02
4.724659188098016827e-02
4.779702801925691386e-02
4.828588834495032428e-02
4.877980969633553820e-02
4.926529600490112126e-02
4.975668684344045078e-02
5.022867708349461335e-02
5.075886911900423515e-02
5.129833970161544465e-02
5.180997464292188409e-02
5.226425129305480727e-02
5.277757324292518121e-02
5.323606741446790247e-02
5.371480568877777528e-02
5.421800558726455610e-02
5.470264839154813374e-02
5.519741324721534614e-02
5.566096844444983621e-02
5.613548919734991094e-02
5.664965465150222784e-02
5.710983583160898769e-02
5.759616564445644432e-02
5.809093050012374693e-02
5.857219928727946251e-02
5.908636474143178635e-02
5.958872113563668665e-02
6.004299778576956126e-02
6.053860614571877213e-02
6.103674501851381884e-02
6.150704825000402609e-02
6.202374421700230372e-02
6.251513505554159855e-02
6.297784674849417341e-02
6.344055844144677603e-02
6.390748765580912816e-02
6.437863439158136858e-02
6.481435394751107471e-02
6.529646623894881652e-02
6.579629212030781160e-02
6.624382073618496902e-02
6.670990644626541288e-02
6.717346164350002091e-02
6.761424222512150972e-02
6.810141554225100646e-02
6.859111937222639455e-02
6.905045704805121143e-02
6.951991677525946878e-02
6.994973180121542844e-02
7.040400845134837937e-02
7.090467783698935211e-02
7.139775568409259532e-02
7.186552840273692511e-02
7.233498812994516858e-02
7.280107384002555693e-02
7.329415168712881401e-02
7.374336731157006553e-02
7.422294909016180497e-02
7.476326317705499214e-02
7.522344435716167566e-02
7.570893066572720320e-02
7.616826834155196457e-02
7.662929302594068126e-02
7.710887480453246234e-02
7.763653632719620667e-02
7.814226673852890659e-02
7.863197056850425304e-02
7.911408285994199485e-02
7.961222173273707625e-02
8.008168145994529197e-02
8.058066383702219837e-02
8.104421903425676477e-02
8.152801833425839251e-02
8.201687865995177518e-02
8.253694864407790099e-02
8.306292315817778715e-02
8.352394784256633731e-02
8.403642628815467808e-02
8.453372165666783733e-02
8.504704360653814188e-02
8.554940000074300055e-02
8.600873767656774804e-02
8.651952911359217513e-02
8.697633627657103128e-02
8.747953617505779822e-02
8.799285812492815828e-02
8.853148520325740400e-02
8.899841441761971450e-02
8.951848440174588195e-02
9.001156224884902801e-02
9.051476214733579495e-02
9.101711854154070913e-02
9.156671117553538686e-02
9.211208628812034283e-02
9.258576353673847459e-02
9.305859728107457318e-02
9.356095367527941797e-02
9.407680613799565550e-02
9.458084954076448336e-02
9.508995396922492738e-02
9.561845899617059386e-02
9.611069333899188716e-02
9.663413734024585422e-02
9.713480672588672982e-02
9.762872807727192292e-02
9.816229412990945535e-02
9.863259736139973199e-02
9.914760631983392247e-02
9.965080621832075880e-02
1.001902768009319683e-01
1.006782936223434705e-01
1.012000506150334406e-01
1.017057810263661544e-01
1.021937978477775733e-01
1.027307379175429608e-01
1.032305637989019281e-01
1.037160501074674140e-01
1.042664862457442082e-01
1.047410069986442066e-01
1.052450504014130483e-01
1.057651203855391742e-01
1.062497631898227379e-01
1.067495890711816914e-01
1.072283273454916058e-01
1.077593628852831636e-01
1.083055815021501667e-01
1.088054073835092311e-01
1.093001722391763048e-01
1.098084331633548127e-01
1.102745188734352705e-01
1.108451991144790982e-01
1.113298419187627175e-01
1.118499119028888295e-01
1.123657643656050253e-01
1.129052349482162487e-01
1.134084348467030851e-01
1.139276613265470250e-01
1.143920600280635413e-01
1.149433396706223270e-01
1.154676271761582995e-01
1.159792621174645239e-01
1.164833055202332268e-01
1.169848184101561217e-01
1.174652436930299360e-01
1.179929052156935415e-01
1.184961051141804195e-01
1.189706258670804595e-01
1.195573326894816685e-01
1.200293229295356645e-01
1.205426448794060384e-01
1.210821154620172063e-01
1.215659147620189173e-01
1.220691146605057120e-01
1.225993066960152922e-01
1.231227506972692454e-01
1.235938974330412915e-01
1.241038453657837964e-01
1.246213848370639060e-01
1.251456723425997952e-01
1.256514027539324396e-01
1.261664117123668383e-01
1.266443064823947195e-01
1.271475063808815975e-01
1.276574543136240469e-01
1.281825853234417889e-01
1.286950637690302546e-01
1.292708050357657956e-01
1.297883445070459885e-01
1.303084144911720033e-01
1.307947443040196334e-01
1.313004747153521945e-01
1.317682474339966769e-01
1.322908479309685137e-01
1.328210399664779828e-01
1.332862821722765045e-01
1.337894820707631882e-01
1.343407617133218768e-01
1.348296220390152733e-01
1.353007687747874721e-01
1.358081861946841273e-01
1.362708978876366051e-01
1.367892808631988033e-01
1.373211599072723110e-01
1.378218292929132838e-01
1.383326207299375998e-01
1.388079849871197147e-01
1.393035933470689047e-01
1.398194458097850312e-01
1.403234892125537481e-01
1.408376546667059748e-01
1.412843397783012378e-01
1.417706695911487569e-01
1.422721824810717628e-01
1.427559817810733211e-01
1.432583381752779994e-01
1.437303284153321759e-01
1.442073796810780517e-01
1.446262291513685794e-01
1.451454556312125888e-01
1.456275679226502195e-01
1.460658179914259280e-01
1.465707048984765948e-01
1.470663132584257848e-01
1.475003458057915218e-01
1.479259433103377874e-01
1.485050585942014334e-01
1.489011334488788973e-01
1.494144553987493129e-01
1.498771670917020127e-01
1.503542183574481106e-01
1.507663197934829558e-01
1.512678326834057396e-01
1.517819981375581606e-01
1.521940995735928670e-01
1.526787423778765973e-01
1.532013428748485173e-01
1.535974177295261756e-01
1.541124266879604632e-01
1.545962259879619938e-01
1.550167624668163935e-01
1.554761001426412104e-01
1.559894220925116259e-01
1.564226111355954407e-01
1.568802618028562190e-01
1.574602205910017316e-01
1.578588259585250730e-01
1.582928585058907822e-01
1.587656922502268253e-01
1.591221224036520332e-01
1.595544679424537593e-01
1.600213971568161808e-01
1.605102574825094663e-01
1.609215154142621673e-01
1.613800095858049788e-01
1.618199466631444483e-01
1.622565097233559794e-01
1.627369350062296827e-01
1.631768720835693187e-01
1.636134351437809331e-01
1.640761468367336051e-01
1.645278929740206231e-01
1.649728910770519585e-01
1.655393537966858841e-01
1.659674818140779440e-01
1.664529681226434576e-01
1.669274888755435393e-01
1.674062271498533150e-01
1.678917134584189397e-01
1.684623936994628923e-01
1.690524745389918870e-01
1.695303693090197961e-01
1.701204501485486242e-01
1.707046264581039141e-01
1.712061393480268923e-01
1.717177742893332137e-01
1.723171336759640182e-01
1.728076810102212868e-01
1.733513691142422875e-01
1.738478209784733997e-01
1.744623634421793301e-01
1.750026775290724756e-01
1.756079414456767629e-01
1.761364464726225820e-01
1.767214662864596830e-01
1.773241996902183704e-01
1.778923494184161680e-01
1.785119529078137701e-01
1.790860071659854114e-01
1.796870535611799213e-01
1.802636383321976066e-01
1.808579366931364618e-01
1.814547655669211668e-01
1.820448464064502447e-01
1.826315532288513843e-01
1.831946419313576491e-01
1.838041233693717691e-01
1.844642150643036604e-01
1.850728529980360249e-01
1.857127005902009242e-01
1.863238690367791661e-01
1.869881782531207792e-01
1.876356173838233110e-01
1.882442553175555089e-01
1.888908509439758687e-01
1.895357595618326618e-01
1.901916337353547481e-01
1.908525689345687837e-01
1.915362787493957719e-01
1.922140840342488888e-01
1.928733322248988857e-01
1.935528245183160412e-01
1.942264122817595473e-01
1.949084350880225247e-01
1.955828663557478975e-01
1.962378970249879784e-01
1.969460684639919301e-01
1.976272477659729576e-01
1.983033660422621747e-01
1.989963544041907229e-01
1.996884992618373766e-01
2.004059492479428606e-01
2.011276167554581495e-01
2.018509712715374771e-01
2.025642037362331283e-01
2.033137068850532359e-01
2.040294698625948477e-01
2.047469198487003317e-01
2.055377547073367062e-01
2.062821968304649478e-01
2.070030208336982314e-01
2.077685505638756924e-01
2.085475763625645740e-01
2.092979230156664094e-01
2.100086249675162664e-01
2.107716241848477390e-01
2.115624590434840024e-01
2.123009966366384282e-01
2.130530302983044133e-01
2.138075944728164146e-01
2.145267314674859926e-01
2.151750141024703633e-01
2.159354828069560417e-01
2.166799249300841446e-01
2.174378631217239177e-01
2.182447245617173681e-01
2.190127848047407899e-01
2.197681924835347689e-01
2.205590273421708380e-01
2.213245570723482158e-01
2.220462245798634771e-01
2.227392129417919697e-01
2.234726895092548626e-01
2.242500282993797889e-01
2.249337381142068326e-01
2.256191349375977484e-01
2.263981607362861304e-01
2.271544119193623368e-01
2.278946365210806901e-01
2.286559487298482629e-01
2.293852077759011843e-01
2.300225248552205393e-01
2.307323833027883631e-01
2.315055045715034565e-01
2.322187370361991077e-01
2.330019803562973779e-01
2.337135258124296844e-01
2.344883340897084556e-01
2.352428982642203459e-01
2.359561307289157750e-01
2.366255009709496704e-01
2.373437944613373540e-01
2.379887030791939806e-01
2.387230231509388234e-01
2.394387861284801577e-01
2.401857587644548597e-01
2.409251398618910689e-01
2.416788605321210648e-01
2.424241461595311731e-01
2.431415961456369068e-01
2.438497675846408863e-01
2.445883051777953399e-01
2.453015376424911576e-01
2.460426057484913775e-01
2.467735518031086983e-01
2.474564181136533758e-01
2.480827696373067159e-01
2.487926280848743732e-01
2.494316321727575447e-01
2.501043764319189622e-01
2.508049563323854203e-01
2.514734830701371160e-01
2.521394792950425456e-01
2.528265631269976943e-01
2.535085859332605329e-01
2.541678341239106409e-01
2.548296128274064598e-01
2.554762084538266254e-01
2.561464222001426094e-01
2.567618081681303788e-01
2.574176823416528537e-01
2.580533124124078093e-01
2.586805074403430993e-01
2.592857713569476918e-01
2.599045313420636494e-01
2.604819596173629792e-01
2.610981890896327262e-01
2.617194795875945612e-01
2.622834117943826371e-01
2.628743361381936650e-01
2.634770695419521025e-01
2.640629328600714310e-01
2.646690402809575571e-01
2.652262244534903113e-01
2.657707560617931786e-01
2.663321577557356545e-01
2.668842809025765428e-01
2.673925418267549259e-01
2.679986492476411630e-01
2.685600509415831949e-01
2.691197656269617711e-01
2.697047854407985668e-01
2.703058318359934376e-01
2.708495604620854702e-01
