9.789640403034743921e-02
8.951081143468889167e-02
8.497664414052545634e-02
8.127532262389414175e-02
7.801328635770132802e-02
7.504373230959171526e-02
7.228432029290016159e-02
6.964185051512149227e-02
6.713922021708158827e-02
6.482604599428734571e-02
6.262763855213243636e-02
6.055084969314536436e-02
5.857194424821968171e-02
5.668364080133341670e-02
5.487503555798634719e-02
5.315539117577237904e-02
5.152558616557014609e-02
4.996281365093948462e-02
4.848005762348006620e-02
4.705473933111071344e-02
4.568558219337771897e-02
4.436395157699792036e-02
4.310707581633244773e-02
4.188894831169765604e-02
4.073167520633250160e-02
3.961159386184623377e-02
3.853016770636894656e-02
3.749746338237591042e-02
3.650451058329260562e-02
3.554968782457965104e-02
3.462537357316107511e-02
3.373388542523422101e-02
3.287150851143641472e-02
3.203692989730456964e-02
3.122982832021928279e-02
3.045040802788175766e-02
2.969416134390425246e-02
2.896311303522592848e-02
2.825739301950882729e-02
2.757388406346433785e-02
2.691146613981268074e-02
2.627249368745298089e-02
2.565533894716393731e-02
2.505776069128103772e-02
2.447858186112838313e-02
2.391952199871088050e-02
2.337611506700426611e-02
2.285196141807963391e-02
2.232426697808241947e-02
2.183039983309096807e-02
2.135198216854674105e-02
2.088916277672641514e-02
2.044226995993068258e-02
2.000981263135225355e-02
1.959083980101773703e-02
1.918796114630979752e-02
1.879862822340661738e-02
1.842142453572464394e-02
1.805819629496270562e-02
1.770636746881814813e-02
1.736185670959140490e-02
1.703364306267373882e-02
1.671667200101536327e-02
1.640966484938800179e-02
1.611133863706915026e-02
1.582530610145293365e-02
1.555050326220863526e-02
1.528440795234544368e-02
1.502656226228201233e-02
1.477731924982767127e-02
1.453657631247427980e-02
1.430447713186848435e-02
1.407952082691051911e-02
1.386248418238865757e-02
1.365243296462532140e-02
1.344872911848900461e-02
1.325238139010875664e-02
1.306280068751157659e-02
1.287886796856641154e-02
1.270195629608000809e-02
1.253044377411560023e-02
1.235662917096058688e-02
1.219341783605708274e-02
1.203218354756858607e-02
1.187673360624932548e-02
1.172724002769284270e-02
1.158318235540534841e-02
1.144414919587558380e-02
1.130925108754289241e-02
1.117845298143584597e-02
1.105265551247424163e-02
1.093092510348628831e-02
1.081354327341327824e-02
1.069863531282367296e-02
1.058770427365050837e-02
1.048127209170580075e-02
1.037808500977337352e-02
1.027809942279326108e-02
1.018079370519220893e-02
1.008748412895670195e-02
9.996982452882562792e-03
9.909819206211515144e-03
9.826266558386318253e-03
9.745395125189170241e-03
9.667771756193949823e-03
9.592956972876782312e-03
9.520758897005914684e-03
9.450778278657895326e-03
9.383353568806101705e-03
9.317736352229452276e-03
9.255083348244699457e-03
9.194282119205402296e-03
9.135507641308899390e-03
9.078332823681180275e-03
9.023260427903490380e-03
8.969856176254974167e-03
8.918884415931905424e-03
8.869950231586067740e-03
8.822748884950496612e-03
8.777318892291947894e-03
8.733734885886660845e-03
8.691472181804453870e-03
8.650723530204384656e-03
8.607795825482468521e-03
8.569758748060840939e-03
8.533341834077452781e-03
8.497934019506372602e-03
8.461186838999925838e-03
8.428097642888664892e-03
8.395286762555206547e-03
8.364301393394115228e-03
8.334155183914107243e-03
8.304956689590197935e-03
8.277336881749702488e-03
8.250586343572785530e-03
8.224829990184260448e-03
8.199951278636131990e-03
8.175804953891242094e-03
8.152234823653913692e-03
8.129723802554625345e-03
8.107933904208292769e-03
8.086934036039803569e-03
8.066495841147913390e-03
8.043389634804033739e-03
8.023756112142817545e-03
8.004636088966373200e-03
7.986317582559602710e-03
7.968521516560455112e-03
7.951120272720380022e-03
7.933115844033073599e-03
7.906442298928952409e-03
7.889948332776383633e-03
7.873829444849678519e-03
7.849337750957892726e-03
7.833865928814765303e-03
7.809471248320569089e-03
7.794156919102629075e-03
7.779629367365397362e-03
7.765462740068232277e-03
7.751635892916705628e-03
7.738229988596238840e-03
7.725041587280594146e-03
7.711891385288134095e-03
7.699058097830165787e-03
7.686475076523326642e-03
7.674074390056267146e-03
7.661854201325101615e-03
7.649958082701785629e-03
7.638236971570626539e-03
7.626731149152146672e-03
7.615245451385460780e-03
7.604094749471060344e-03
7.592993987966025100e-03
7.581919443744545781e-03
7.571104662284127221e-03
7.560436576710562358e-03
7.549879040455020202e-03
7.539380453260058866e-03
7.528929329440562680e-03
7.518692261252881738e-03
7.508578403050232206e-03
7.498640568605661680e-03
7.488918995337065163e-03
7.479226199816090166e-03
7.469568201047223355e-03
7.460126467709794588e-03
7.450791650772932082e-03
7.441433517632636309e-03
7.432296863088597681e-03
7.423076498297645140e-03
7.413960067132585770e-03
7.404947007251847825e-03
7.396096375877624605e-03
7.387443019268938489e-03
7.378851410165720472e-03
7.370277999094626206e-03
7.361748875343869861e-03
7.353349881368697986e-03
7.345044304692783382e-03
7.336789622318781387e-03
7.328608820799846837e-03
7.320446734164618406e-03
7.312489562209393765e-03
7.304531016369427039e-03
7.296737244386561523e-03
7.288971298867530542e-03
7.281338631850474766e-03
7.273663099978694251e-03
7.266121639713658299e-03
7.258614340183499464e-03
7.251260263705377671e-03
7.243937458625406521e-03
7.236674727695252378e-03
7.229447741471250674e-03
7.222366765239043168e-03
7.215240695121340198e-03
7.208198362593385734e-03
7.201281321513965106e-03
7.194326141954408317e-03
7.187486211985396993e-03
7.180760514322146078e-03
7.174139141397837399e-03
7.167535569402049868e-03
7.160556070045090600e-03
7.153938296674953144e-03
7.147505834609674084e-03
7.141114487934847530e-03
7.134814337076046502e-03
7.128505456976855920e-03
7.122329789838328581e-03
7.116088703546611174e-03
7.110007417271590330e-03
7.103991425456378933e-03
7.098045521543091575e-03
7.092176414790031698e-03
7.086385890938971636e-03
7.080521412056840248e-03
7.074738584321713097e-03
7.068976244379313913e-03
7.063326985575433745e-03
7.057739053899143335e-03
7.052253558417509796e-03
7.046792303530090458e-03
7.041419342567196114e-03
7.036146486024668495e-03
7.030763252943290215e-03
7.025557221367498099e-03
7.020352890606324468e-03
7.015224993572775729e-03
7.010183939901212108e-03
7.005153366567904577e-03
7.000201623626601914e-03
6.995284399654523935e-03
6.990471612443403988e-03
6.985715831568432149e-03
6.980957104496493364e-03
6.976228967910493191e-03
6.971606629564944431e-03
6.966988667081689714e-03
6.962422555192032333e-03
6.957940105339635584e-03
6.953550685998191594e-03
6.949177002770011609e-03
6.944794916563727487e-03
6.939029245725034274e-03
6.934482874181854134e-03
6.930237476298529813e-03
6.926109986627669059e-03
6.921953283384878718e-03
6.917968344384737775e-03
6.914015067004538120e-03
6.910081317224141262e-03
6.906260024547773539e-03
6.902473701556941128e-03
6.898685926983779554e-03
6.894987831283499492e-03
6.891343677816933085e-03
6.887764646013455616e-03
6.884282823629826915e-03
6.880872494843210362e-03
6.877462950229508779e-03
6.874127416835406311e-03
6.870798882289169685e-03
6.867611872214669441e-03
6.864435512331812719e-03
6.861339997428273808e-03
6.858230799565894278e-03
6.855182647818859783e-03
6.852312778616536856e-03
6.849520715796249097e-03
6.846752402389437962e-03
6.844076132216820978e-03
6.841440420400701945e-03
6.838831440231942990e-03
6.836350580520128215e-03
6.833969802795146833e-03
6.831553897789459720e-03
6.829224277749102422e-03
6.827033791690155853e-03
6.824841972530875170e-03
6.822714583796829144e-03
6.820688971283136483e-03
6.818696580332006367e-03
6.816242541591381252e-03
6.814333004928028147e-03
6.811995517854390822e-03
6.810154297783111224e-03
6.808357611019153800e-03
6.806666937721290653e-03
6.804934191250154064e-03
6.803204482574530011e-03
6.801634761078441567e-03
6.800051940394221360e-03
6.798465798601870461e-03
6.797019252955805238e-03
6.795432250437622584e-03
6.793951975837210847e-03
6.792597991686884565e-03
6.791259208084528785e-03
6.789909962900380312e-03
6.788690975390514019e-03
6.786790958682595125e-03
6.785458071158881159e-03
6.784345170650807506e-03
6.783210565418795572e-03
6.782157943162484340e-03
6.781154572120863880e-03
6.780137627510234195e-03
6.779154187013464519e-03
6.778209194459892083e-03
6.777325756080055177e-03
6.776473915714658486e-03
6.775652428261898230e-03
6.774863685755460989e-03
6.774063726794565810e-03
6.773303620715473428e-03
6.772588907788470655e-03
6.771884242577458704e-03
6.771195724486030014e-03
6.770535341870423732e-03
6.769760870496659665e-03
6.769134580079042528e-03
6.768538175344296533e-03
6.767937938084680159e-03
6.767382801486834104e-03
6.766844932262361216e-03
6.766054069755939385e-03
6.765509829753585565e-03
6.765020102006022613e-03
6.764309626619205776e-03
6.763680791001755628e-03
6.763235877012932148e-03
6.762812564167984021e-03
6.762264071304901689e-03
6.761875202573633739e-03
6.761446077304481342e-03
6.761091108224553774e-03
6.760744203831662441e-03
6.760410078202768597e-03
6.760081064207213580e-03
6.759791021271211592e-03
6.759519976648026632e-03
6.759229212810430147e-03
6.758931695259108238e-03
6.758663775112866076e-03
6.758443815870371525e-03
6.758246726874881337e-03
6.758022451816354109e-03
6.757814037609702687e-03
6.757585871684864028e-03
6.757430140091297104e-03
6.757264626464625640e-03
6.757012906084168373e-03
6.756797877137015948e-03
6.756663885361694107e-03
6.756538942756895420e-03
6.756418404527841058e-03
6.756314502443232228e-03
6.756212002156278783e-03
6.756121144012130694e-03
6.755803940718748887e-03
6.755670245887850089e-03
6.755591370645261037e-03
6.755510736089351959e-03
6.755445177752979549e-03
6.755311444160811384e-03
6.755248338549146338e-03
6.755196366877164703e-03
6.755140028816184437e-03
6.755084292935607804e-03
6.755028765094277590e-03
6.754970509217473641e-03
6.754919937709432526e-03
6.754881505429171512e-03
6.754843757609767414e-03
6.754814192714216591e-03
6.754729255678508862e-03
6.754706790997204446e-03
6.754687531182684314e-03
6.754666479058936933e-03
6.754649064877864956e-03
6.754638085300405069e-03
6.754625664578779373e-03
6.753602958503029594e-03
6.753553253144190319e-03
6.753540307146604742e-03
6.753515999637269528e-03
6.753498073953627216e-03
6.753487390376781106e-03
6.753481609762302697e-03
6.753473647179929727e-03
6.753468872897135100e-03
6.753456630228887002e-03
6.753454837319459308e-03
6.753447588876779033e-03
6.753440696921826115e-03
6.753436103936519795e-03
6.753433459443537561e-03
6.753415251064112668e-03
6.753411736504819768e-03
6.753411728843823798e-03
6.753408628521299917e-03
6.753408376327656344e-03
6.753404364918116735e-03
6.753402946720268515e-03
6.753399164125690676e-03
6.753396580954302945e-03
6.753386532037811488e-03
6.753382585657669544e-03
6.753380766960377819e-03
6.753379278011178641e-03
6.753378939332079119e-03
6.753368527263729250e-03
6.753368174288388454e-03
6.753361966252396063e-03
6.753338218116347255e-03
6.753338987539280608e-03
6.753334447727624666e-03
6.753328084048354496e-03
6.753324229620677292e-03
6.753319951101374556e-03
6.753318348774351755e-03
6.753317154774900362e-03
6.753311029146465312e-03
6.753307707527594732e-03
6.753304876671792356e-03
6.753296008340761020e-03
6.753278541535217422e-03
6.753257548048108988e-03
6.753233181666635707e-03
6.753224579990913315e-03
6.753216412044816055e-03
6.753212210210270822e-03
6.753207911067015887e-03
6.753208637105814413e-03
6.753202274297577523e-03
6.753182848632283304e-03
6.753115835589025562e-03
6.753112806003149123e-03
6.753000217456854928e-03
6.752962605383893563e-03
6.752915107551613408e-03
6.752679589791678316e-03
6.752449799911995794e-03
6.752341818224435500e-03
6.752317102955120859e-03
6.752177838199753361e-03
6.752284101820066158e-03
6.752329777735834558e-03
6.752641619521432617e-03
6.753173202601869644e-03
6.754521926504932980e-03
6.755862138845286462e-03
6.763167972288644178e-03
6.770869279493521749e-03
6.780629116943648164e-03
6.795520455563976506e-03
6.815143729955707060e-03
6.843166439201687525e-03
6.886893358807125338e-03
6.929853249452872996e-03
7.010767443113552141e-03
7.118789605395319312e-03
7.266541929353983152e-03
7.463661792545680032e-03
7.740498946766695594e-03
7.871215654749070048e-03
7.954518049396768625e-03
8.397374536542262860e-03
8.867009159207638741e-03
9.499349351652315587e-03
1.023676635595762753e-02
1.113666015674802737e-02
1.216365658971767759e-02
1.343498806075468267e-02
1.506482691355797744e-02
1.647758485591207037e-02
1.827240940716912468e-02
2.089449447528787807e-02
2.413883121968049897e-02
2.841597479180944102e-02
