7.962775241841059393e-03
6.869340861830162612e-03
6.217229066321986429e-03
5.722430481781043583e-03
5.315827169902797959e-03
4.970997742006149668e-03
4.671556372782680044e-03
4.407094478908220661e-03
4.168004550083628280e-03
3.947752366890017184e-03
3.744655863328292048e-03
3.556988690895620305e-03
3.382355686079347497e-03
3.219405323408790036e-03
3.067053694503110543e-03
2.924498004545049001e-03
2.791049503338456726e-03
2.665900644093467491e-03
2.548905105937593948e-03
2.439289824701931179e-03
2.335886956384708533e-03
2.238260973522103372e-03
2.145947655409488879e-03
2.058599400031765024e-03
1.975875310780582025e-03
1.897551423141791063e-03
1.823349924286558031e-03
1.752883520675285224e-03
1.685998457314558802e-03
1.622505771913462834e-03
1.562152624897423766e-03
1.504768275437536355e-03
1.450142792784442445e-03
1.398142937194287892e-03
1.348540393133198156e-03
1.301267777320294335e-03
1.256161088426969302e-03
1.213077392339426911e-03
1.171885435010545061e-03
1.132435715494545551e-03
1.094658033199695036e-03
1.058488411925785156e-03
1.023830264384153772e-03
9.906000808397581823e-04
9.587747653617600995e-04
9.282569496829384337e-04
8.990044191215581116e-04
8.709533966614754156e-04
8.440619980751742739e-04
8.182582720577762482e-04
7.935520369116992774e-04
7.698560695879056110e-04
7.471451992394327352e-04
7.253675539092734655e-04
7.045070290735409337e-04
6.845118471550713053e-04
6.653770087601120842e-04
6.470961276816432524e-04
6.296213851516462750e-04
6.128925645550017866e-04
5.969073762249206116e-04
5.816223215370216809e-04
5.670128504178835590e-04
5.530808044272498116e-04
5.398004695110247874e-04
5.271731206810320374e-04
5.151712726204646462e-04
5.037624264380520175e-04
4.929105531768774012e-04
4.825847564030313962e-04
4.727816397581179812e-04
4.635014601408451920e-04
4.546965497927868026e-04
4.463623665674942473e-04
4.384903901623643150e-04
4.310301938882637324e-04
4.239618258725689429e-04
4.172510021216957704e-04
4.108888930191458683e-04
4.048663277724378088e-04
3.991427385854179853e-04
3.937146332515587530e-04
3.885246039841992521e-04
3.835734369637100157e-04
3.788461151321393479e-04
3.743044586459627881e-04
3.699306908667273014e-04
3.657039318310191848e-04
3.616140519943240590e-04
3.576581151462893235e-04
3.538241276999116048e-04
3.501013232691980461e-04
3.464842286057752993e-04
3.429712263780090777e-04
3.395577042681867798e-04
3.362288619833112197e-04
3.329894399196492720e-04
3.298273229430798148e-04
3.267392032914173813e-04
3.237314703533698671e-04
3.207930986731995920e-04
3.179173992943258196e-04
3.151043861719910561e-04
3.123561840851316485e-04
3.096629758709832964e-04
3.070216208172983803e-04
3.044266041876142752e-04
3.018676115628549247e-04
2.993691939591102877e-04
2.969103909880005496e-04
2.945012022215204718e-04
2.921287400442986338e-04
2.898063522659979300e-04
2.875177984827913258e-04
2.852627691257707699e-04
2.830465018788750069e-04
2.808639263101475212e-04
2.787123043749672037e-04
2.765950688657234846e-04
2.745010576523704737e-04
2.724409083507519161e-04
2.704153144704349678e-04
2.684204030789102643e-04
2.664506218608962717e-04
2.645068195060448031e-04
2.625858943033541567e-04
2.606963929705057850e-04
2.588273306560858931e-04
2.569851604727038034e-04
2.551678936957922747e-04
2.533734750838793426e-04
2.515930106293675999e-04
2.498409287971437758e-04
2.481083521822516542e-04
2.463982659819278294e-04
2.447094242874389139e-04
2.430426946711611248e-04
2.413958282080310347e-04
2.397686936066384725e-04
2.381610972116499970e-04
2.365643095903683497e-04
2.349905822665698373e-04
2.334351675178068808e-04
2.318976806321602576e-04
2.303751875813888196e-04
2.288665987808648032e-04
2.273770013010086596e-04
2.258996674527305633e-04
2.244389590321059079e-04
2.229936419636719162e-04
2.215651199208723966e-04
2.201520982610524952e-04
2.187552868578260148e-04
2.173666897890614604e-04
2.159913217872666048e-04
2.146338625923782661e-04
2.132862411808200296e-04
2.119505113422187322e-04
2.106300447454595426e-04
2.093233468437302248e-04
2.080237626542758022e-04
2.067399641457589178e-04
2.054666954478712615e-04
2.042054797940570513e-04
2.029599565729575694e-04
2.017267755935477460e-04
2.005049938415641702e-04
1.992911915846676317e-04
1.980909737327482914e-04
1.969005156254589851e-04
1.957241089731629705e-04
1.945579458948837554e-04
1.934028345049634389e-04
1.922609633660183389e-04
1.911285186138847372e-04
1.900102835873931841e-04
1.889022464697351258e-04
1.878026579257266644e-04
1.867146940689654293e-04
1.856398222286517578e-04
1.845762902084473233e-04
1.835215004897874924e-04
1.824798596422196983e-04
1.814490190734333475e-04
1.804300969862439926e-04
1.794166244458209568e-04
1.784168775548946987e-04
1.774274105979784628e-04
1.764488790622219152e-04
1.754782469643404060e-04
1.745200337405329941e-04
1.735732400470905762e-04
1.726364776553420018e-04
1.717081612392399670e-04
1.707918219027784192e-04
1.698811524672228835e-04
1.689846847787855220e-04
1.680990791696361562e-04
1.672218652329443501e-04
1.663519272477983666e-04
1.654950600906758031e-04
1.646487033657116075e-04
1.638088204518183422e-04
1.629811048465491167e-04
1.621597783244242425e-04
1.613510961014765562e-04
1.605484404717744736e-04
1.597598589434228843e-04
1.589790573525394219e-04
1.582078169904615550e-04
1.574459233952809549e-04
1.566940262066303456e-04
1.559527195511231125e-04
1.552203105510757892e-04
1.544978785479472500e-04
1.537829627547196009e-04
1.530786863257528900e-04
1.523848568431283607e-04
1.516979877762286851e-04
1.510217297751270096e-04
1.503544936088328484e-04
1.496983883323345799e-04
1.490455190879788117e-04
1.484073381155542491e-04
1.477784166872675561e-04
1.471539680953860743e-04
1.465414928845781275e-04
1.459375593245630469e-04
1.453438647848216139e-04
1.447578717088848950e-04
1.441782877236808598e-04
1.436097885992380484e-04
1.430462098708650161e-04
1.424887767742716901e-04
1.419425272180101520e-04
1.414077441094250067e-04
1.408832542198990240e-04
1.403684279012945655e-04
1.398493126560604609e-04
1.393499460622439905e-04
1.388578556658400377e-04
1.383732805312390380e-04
1.378931340738656327e-04
1.374265193656399675e-04
1.369683218880384207e-04
1.365187402476340198e-04
1.360777685858534001e-04
1.356425940339499596e-04
1.352130113581642679e-04
1.347906921880777451e-04
1.343775541977734517e-04
1.339757799558086420e-04
1.335787935514286436e-04
1.331878669013741693e-04
1.328044180244580504e-04
1.324300758582393721e-04
1.320630970230304510e-04
1.317011504170100293e-04
1.313321174134346426e-04
1.309846595905566030e-04
1.306458680129063508e-04
1.303109230076043932e-04
1.299848811017801948e-04
1.296650149402324274e-04
1.293516910989739896e-04
1.290477361994280794e-04
1.287483304564500538e-04
1.284528492987573078e-04
1.281651952259386224e-04
1.278834366201756379e-04
1.276083443800146331e-04
1.273390938539954796e-04
1.270747509133450645e-04
1.268149381630874137e-04
1.265620404738498699e-04
1.263113716802929519e-04
1.260675204347413069e-04
1.258268157001806570e-04
1.255931552667504812e-04
1.253650475229777981e-04
1.251410392504859995e-04
1.249196830705054872e-04
1.247006021891301265e-04
1.244908104532564761e-04
1.242840226425019731e-04
1.240807306001342287e-04
1.238831313140970807e-04
1.236914107300250427e-04
1.235037867262009359e-04
1.233174529396532438e-04
1.231366473367070599e-04
1.229598830141341559e-04
1.227890919979573677e-04
1.226206220785270792e-04
1.224567634778511520e-04
1.222956699622464269e-04
1.221366918222518950e-04
1.219836337643876638e-04
1.218269975010837761e-04
1.216804559357190165e-04
1.215356379451539319e-04
1.213934798865558485e-04
1.212544724376575999e-04
1.211204838313773799e-04
1.209888504008616960e-04
1.208617700621159008e-04
1.207368815188953048e-04
1.206160294239290171e-04
1.204966301992133770e-04
1.203825885958302518e-04
1.202694718572390828e-04
1.201599918348326203e-04
1.200522874039637686e-04
1.199481231590702606e-04
1.198377000096456787e-04
1.197333811080816438e-04
1.196357803767602169e-04
1.195409032033473563e-04
1.194462738714549549e-04
1.193549756534845668e-04
1.192675111547231577e-04
1.191818842343498941e-04
1.190971488799402516e-04
1.190166207985304749e-04
1.189379120502039185e-04
1.188619392495188719e-04
1.187881843790114772e-04
1.187153270320807821e-04
1.186452469394590339e-04
1.185771220939448175e-04
1.185111878064294428e-04
1.184466516918528638e-04
1.183834939273566242e-04
1.183229123547096948e-04
1.182642900185384050e-04
1.182074325771991196e-04
1.181508215369875937e-04
1.180868429562660627e-04
1.180258700511804842e-04
1.179746046058719247e-04
1.179249079774930827e-04
1.178748344770804975e-04
1.178271864873843544e-04
1.177809031877185989e-04
1.177338619326316789e-04
1.176906278354429970e-04
1.176493171311362231e-04
1.175956229265652715e-04
1.175560939249818980e-04
1.175168717174319397e-04
1.174782297030681601e-04
1.174414641878692431e-04
1.174062285562805710e-04
1.173696942100271580e-04
1.173365010887699540e-04
1.173037074371415802e-04
1.172574976277693194e-04
1.172254660313977475e-04
1.171945655768822736e-04
1.171624505776888893e-04
1.171297366574706154e-04
1.170992715426809983e-04
1.170728099863574661e-04
1.170461178826424399e-04
1.170203302525592011e-04
1.169954058808347067e-04
1.169711318307354984e-04
1.169446514125113858e-04
1.169217125178892951e-04
1.168997992532677698e-04
1.168747932310493736e-04
1.168542545134820430e-04
1.168335284035517871e-04
1.168137700093616326e-04
1.167945410602717882e-04
1.167764513755738752e-04
1.167591679761411326e-04
1.167422781766532631e-04
1.167213652605602107e-04
1.167048788334942855e-04
1.166888785493585797e-04
1.166734637249773485e-04
1.166589781157837004e-04
1.166450952639242232e-04
1.166315543815607200e-04
1.166164910991284684e-04
1.166028129558739439e-04
1.165902162043568199e-04
1.165754934118288112e-04
1.165639769740251056e-04
1.165520557939085200e-04
1.165400378827662249e-04
1.165275037042095858e-04
1.165171487022794084e-04
1.165071283968435191e-04
1.164973719481390835e-04
1.164882086490400215e-04
1.164781763224139772e-04
1.164674072378618489e-04
1.164494916090016990e-04
1.164411301980185773e-04
1.164324978712887780e-04
1.164245448820193824e-04
1.164173252069176901e-04
1.164094920498228596e-04
1.164022185569267895e-04
1.163897451463475518e-04
1.163823858164554149e-04
1.163743208837055330e-04
1.163676160785963743e-04
1.163609399203018182e-04
1.163545167389005205e-04
1.163484791341078822e-04
1.163427530179778931e-04
1.163373029192318067e-04
1.163316965547653997e-04
1.163264432059838734e-04
1.163201756632578225e-04
1.163152200493516110e-04
1.163104535682848349e-04
1.163058981185073447e-04
1.163014574376972961e-04
1.162974250165267891e-04
1.162889627847015276e-04
1.162842834545551565e-04
1.162803320026248598e-04
1.162765907445206256e-04
1.162701114147230385e-04
1.162653727719450655e-04
1.162608843146574049e-04
1.162564935696816325e-04
1.162534009641139347e-04
1.162504501428940492e-04
1.162471035035760037e-04
1.162433755348843899e-04
1.162407161553777693e-04
1.162381221721072908e-04
1.162337531144453284e-04
1.162310620002786148e-04
1.162284889132312969e-04
1.162262579505710677e-04
1.162243124361508618e-04
1.162220879371282141e-04
1.162161982404694773e-04
1.162138998408875735e-04
1.162125153589997563e-04
1.162108429920005054e-04
1.162082768326195680e-04
1.162066691418005949e-04
1.162054040582090542e-04
1.162042260633431488e-04
1.162030956862816506e-04
1.162020446690660363e-04
1.162011541595442279e-04
1.162003051485399868e-04
1.161991891183602576e-04
1.161982540029701203e-04
1.161976873108972819e-04
1.161958980671191460e-04
1.161941809864222932e-04
1.161932210439650366e-04
1.161925665176853309e-04
1.161922193345255462e-04
1.161917236317987825e-04
1.161911712574955702e-04
1.161905767180170082e-04
1.161898007731248334e-04
1.161886729592310986e-04
1.161879638352905685e-04
1.161870159204817204e-04
1.161865499842651634e-04
1.161862618671836739e-04
1.161855560165792273e-04
1.161850875246445819e-04
1.161838231984426621e-04
1.161827600981815055e-04
1.161820933228174574e-04
1.161808679519025182e-04
1.161803084237351621e-04
1.161791157531852895e-04
1.161785514468851422e-04
1.161775876705748643e-04
1.161768375474991357e-04
1.161759626170834477e-04
1.161749822323801371e-04
1.161729835532349624e-04
1.161685928125641231e-04
1.161671842255389996e-04
1.161653613845389760e-04
1.161630674087736235e-04
1.161619243428329082e-04
1.161588626352565699e-04
1.161560177092126267e-04
1.161534669989606040e-04
1.161490509036702107e-04
1.161467141466896423e-04
1.161396051846927852e-04
1.161326492556905297e-04
1.161235699230170364e-04
1.161112159640535795e-04
1.160940321992839599e-04
