1.095097577524807575e-01
1.095531418606444929e-01
1.096401183570047677e-01
1.097710931908288390e-01
1.099466493069179152e-01
1.101675169840995866e-01
1.104345367465908584e-01
1.107486168317259878e-01
1.111106875368049196e-01
1.115216550034966586e-01
1.119823571127486483e-01
1.124935241427315880e-01
1.130557466787462939e-01
1.136694529560775269e-01
1.143348973716250827e-01
1.150521613332979726e-01
1.158211669516619052e-01
1.166417033469360764e-01
1.175134645822071000e-01
1.184360974795859861e-01
1.194092568693259637e-01
1.204326652002195297e-01
1.215061729372810956e-01
1.226298158189435827e-01
1.238038648652067253e-01
1.250288650379225153e-01
1.263056586670707193e-01
1.276353901770587718e-01
1.290194892725528009e-01
1.304596305624653174e-01
1.319576685920500758e-01
1.335155483828281697e-01
1.351351928026698623e-01
1.368183693450044369e-01
1.385665401181144785e-01
1.403806999568031622e-01
1.422612084923896847e-01
1.442076226821962515e-01
1.462185366492844141e-01
1.482914356815049906e-01
1.504225708769832415e-01
1.526068602210046421e-01
1.548378208848506521e-01
1.571075363211637543e-01
1.594066603781420233e-01
1.617244592567078920e-01
1.640488907762734927e-01
1.663667191685853641e-01
1.686636625391917665e-01
1.709245692557558038e-01
1.731336188543166621e-01
1.752745425943940949e-01
1.773308585242115154e-01
1.792861158134622934e-01
1.811241431446891093e-01
1.828292960980783810e-01
1.843866986935392971e-01
1.857824745483329931e-01
1.870039634526135530e-01
1.880399195477390761e-01
1.888806877053743616e-01
1.895183551436924740e-01
1.899468757766426819e-01
1.901621652699078957e-01
