1.514704919121898536e-05
5.107209889789632740e-04
1.017443096113900729e-03
1.517304792573643570e-03
2.038605272393372806e-03
2.568481265557095907e-03
3.091496848045624177e-03
3.630805905887741093e-03
4.182978233745852058e-03
4.724002394256770175e-03
5.271029414108485342e-03
5.818913985294600459e-03
6.369371210483912825e-03
6.923258641010821522e-03
7.466855455524936021e-03
8.017312680714245784e-03
8.568627457237956366e-03
9.119942233761660008e-03
9.652390880928573419e-03
1.013853175603791207e-02
1.046859828828656733e-02
1.087584444063116954e-02
1.125307629627178910e-02
1.159086079053003870e-02
1.193550569546347577e-02
1.229129876774410352e-02
1.270283267676070547e-02
1.314095067714367987e-02
1.354047886747868946e-02
1.393743440381050094e-02
1.431895401612311505e-02
1.470647648777653402e-02
1.504340343070038714e-02
1.540948711899382470e-02
1.584160226003602373e-02
1.623341248836143724e-02
1.672384112014278779e-02
1.718682810922336074e-02
1.764209713629433587e-02
1.805448859664531350e-02
1.840856656625713614e-02
1.880209189725132526e-02
1.921019560093028752e-02
1.963287767729405067e-02
2.004526913764502830e-02
2.044736998198318917e-02
2.083918021030855411e-02
2.119583083392357833e-02
2.165195741232893087e-02
2.208750275870866725e-02
2.251275748907562504e-02
2.298689264550333317e-02
2.344987963458387489e-02
2.393773561236198569e-02
2.449419569689203699e-02
2.493145614594058021e-02
2.540559130236829180e-02
2.581112235204409064e-02
2.620636278570704150e-02
2.665134119676521376e-02
2.710918287783932457e-02
2.768622419439498161e-02
2.813377525945632771e-02
2.859075938919605764e-02
2.911549007435336109e-02
2.964622361885142082e-02
3.020782901138791346e-02
3.060392699638527989e-02
3.120583730163852335e-02
3.183861945493015461e-02
3.240794280947623118e-02
3.288465061990714783e-02
3.337422170035406893e-02
3.377718009602662108e-02
3.421444054507519900e-02
3.472030510087570354e-02
3.529477376342815553e-02
3.584094323194551152e-02
3.631679349104210280e-02
3.680207681481710569e-02
3.737568792603524620e-02
3.785239573646621142e-02
3.851433463512753813e-02
3.912825065906245375e-02
3.957665927545824663e-02
4.001906503251326935e-02
4.053522020432666351e-02
4.100935536075443755e-02
4.151950767322705460e-02
4.197734935430121050e-02
4.249264697478018216e-02
4.296678213120796314e-02
4.360127938716854001e-02
4.424692481047625553e-02
4.471677221023206972e-02
4.522606697137025733e-02
4.585970667599638395e-02
4.646247453258412624e-02
4.687315089026631437e-02
4.727096397793253968e-02
4.775967750704510073e-02
4.849536582046477806e-02
4.917702839981721169e-02
4.989470813521450221e-02
5.063211155130298291e-02
5.133178270867785886e-02
5.198000078598873780e-02
5.266595112201322149e-02
5.332445981533693452e-02
5.395466931462539195e-02
5.450255388581153743e-02
5.497840414490814259e-02
5.542338255596637731e-02
5.590609322573811268e-02
5.640423981952907839e-02
5.687751742462245075e-02
5.748114283254456697e-02
5.790554001157716818e-02
5.829992289390577981e-02
5.874147109962635921e-02
5.924905075809576427e-02
5.995386722347701564e-02
6.047859790863434337e-02
6.088155630430694409e-02
6.132481961269636156e-02
6.195760176598803098e-02
6.255093655789738250e-02
6.310739664242751013e-02
6.363041222491606919e-02
6.425118865952612890e-02
6.483166018141939269e-02
6.520717693439125051e-02
6.575334640290865507e-02
6.625835340737475099e-02
6.678051143852886673e-02
6.743301727251169164e-02
6.811124964652655323e-02
6.869343627108866202e-02
6.929963433301394859e-02
6.992984383230244072e-02
7.049402187884205861e-02
7.110965300544568046e-02
7.181789967616451775e-02
7.229546503792984302e-02
7.280218714506478395e-02
7.330805170086528155e-02
7.391253466012187578e-02
7.441754166458787456e-02
7.507347770390836172e-02
7.565309167446720995e-02
7.617782235962451687e-02
7.681918002626007824e-02
7.743566870419807402e-02
7.800927981541609657e-02
7.852886519256697950e-02
7.903901750503949941e-02
7.974469152175510389e-02
8.043407206311703472e-02
8.101282848234146738e-02
8.161302368492592829e-02
8.200912166992338492e-02
8.243866415696243788e-02
8.300541485750528858e-02
8.360303740608654444e-02
8.428898774211088241e-02
8.475626248786340133e-02
8.524326091430714514e-02
8.565994013133010343e-02
8.626956839859292736e-02
8.678658112174064687e-02
8.747167390643070806e-02
8.798439887290644690e-02
8.862575653954203603e-02
8.919507989408814730e-02
8.990246901347243025e-02
9.062700915954485792e-02
9.133182562492606071e-02
9.193116327617614769e-02
9.250305928472542238e-02
9.314527450269539932e-02
9.379692278534383643e-02
9.441083880927875205e-02
9.510707976131592412e-02
9.555634592904609093e-02
9.593786554135859401e-02
9.645487826450632740e-02
9.708766041779789968e-02
9.761153355162080492e-02
9.830948960632679423e-02
9.899629749368556164e-02
9.960506820961403940e-02
1.001040723547393235e-01
1.007282789946869900e-01
1.011784027137515585e-01
1.016079452007905282e-01
1.020786501518806955e-01
1.026608367764427626e-01
1.032267299256511839e-01
1.037240189681077757e-01
1.042779063986346566e-01
1.049732897993375519e-01
1.055957813366163733e-01
1.061642471398280690e-01
1.067747329584253224e-01
1.074075151117168669e-01
1.078696445494629896e-01
1.084338225960026908e-01
1.091454994720591626e-01
1.098486008347715481e-01
1.105388389274678668e-01
1.111939174154538412e-01
1.118258420174110673e-01
1.123522878052371776e-01
1.128873091064073325e-01
1.135543933130749306e-01
1.140019443781362662e-01
1.146081424400615389e-01
1.152520727607003886e-01
1.156953360690897575e-01
1.163212578117060886e-01
1.168485611508666422e-01
1.173132632426159838e-01
1.177290849083045127e-01
1.183112715328665798e-01
1.189603471615118535e-01
1.194001802645635740e-01
1.198220047895930396e-01
1.203218664860527254e-01
1.208423094145381071e-01
1.213696127536986191e-01
1.219020614008655135e-01
1.225116896681283374e-01
1.230055485052472808e-01
1.236349004532012186e-01
1.243011271085343455e-01
1.248481541283861657e-01
1.253608790948619600e-01
1.259988065561599146e-01
1.265638421540340453e-01
1.272506500413928543e-01
1.279434607880924335e-01
1.286105449947600454e-01
1.291584295659461978e-01
1.296179863496891849e-01
1.300518165934002879e-01
1.305602538032039905e-01
1.310532550889884906e-01
1.315308204507538992e-01
1.321198674859912769e-01
1.326128687717759158e-01
1.331658986509683951e-01
1.337052077088104751e-01
1.342968273980509053e-01
1.349767748747345009e-01
1.356026966173509984e-01
1.361951738579257332e-01
1.366873175923760120e-01
1.371228629387557796e-01
1.376621719965979707e-01
1.381997659517713861e-01
1.387313570476038649e-01
1.392003468960253121e-01
1.397799608665842575e-01
1.404333242519015257e-01
1.411158443825883679e-01
1.416988885584849478e-01
1.422759298750405632e-01
1.428821279369660580e-01
1.434548814968497343e-01
1.440996693688231245e-01
1.447230184574364031e-01
1.453746667400850900e-01
1.459534231593095921e-01
1.465699118372476850e-01
1.472558621732720507e-01
1.477934561284456605e-01
1.483713549963356915e-01
1.489732653015890251e-01
1.494937082300743514e-01
1.501402112047167114e-01
1.506417880038451451e-01
1.512917211838248899e-01
1.518567567816988262e-01
1.524535217789458330e-01
1.530580047382023579e-01
1.535690146020093350e-01
1.540474375151091591e-01
1.546476327176937171e-01
1.552023776995551108e-01
1.556833732666582093e-01
1.561943831304652142e-01
1.566908146215873487e-01
1.572584228734648926e-01
1.579032107454381717e-01
1.583919242745508438e-01
1.588463357502875595e-01
1.592853113020049338e-01
1.597294321617288848e-01
1.601949918048128085e-01
1.607746057753718094e-01
1.613250630005610975e-01
1.619201128951391622e-01
1.625640432157782478e-01
1.630707653229130916e-01
1.635929233540673322e-01
1.641468107845944768e-01
1.647444333331755384e-01
1.652657338129954467e-01
1.657527322394393987e-01
1.662791780272654951e-01
1.667953331990788268e-01
1.672634654961658029e-01
1.677976292460016672e-01
1.684115452699365689e-01
1.689928743431643454e-01
1.696342320098000178e-01
1.701589626949573386e-01
1.706673999047611801e-01
1.712633073506737991e-01
1.717906106898344498e-01
1.723736548657309187e-01
1.729764227223186956e-01
1.735851934382471595e-01
1.741485139334522370e-01
1.746475180785778125e-01
1.752185565357927965e-01
1.758281848030556760e-01
1.763992232602706878e-01
1.769488229341255603e-01
1.775035679159868707e-01
1.781174839399219112e-01
1.787399754772007465e-01
1.793744727331613165e-01
1.799506564983824608e-01
1.805096892369159878e-01
1.810790125914622239e-01
1.815737289799153054e-01
1.821670637718247610e-01
1.827998459251163055e-01
1.833228615076046564e-01
1.838458770900933403e-01
1.843165820411834521e-01
1.848344523156655872e-01
1.853746189248422493e-01
1.859319365607068342e-01
1.865561432006543896e-01
1.871409024792198006e-01
1.876562000996987445e-01
1.881509164881518814e-01
1.886696443139687374e-01
1.891797966264412434e-01
1.897173905816143535e-01
1.902978621035079365e-01
1.908251654426687260e-01
1.914039218618931726e-01
1.920212680911656811e-01
1.925545742896669632e-01
1.930295669974290140e-01
1.935714487092743685e-01
1.941699288091900122e-01
1.947949930004719277e-01
1.953317294043110663e-01
1.958796139754973020e-01
1.963949115959762182e-01
1.968947732924359040e-01
1.974400852096189762e-01
1.979785367161266962e-01
1.984878314772648977e-01
1.991094654632093730e-01
1.997422476165010286e-01
2.002969925983622279e-01
2.008311563481981199e-01
2.013438813146740392e-01
2.018711846538344956e-01
2.023881973769821874e-01
2.029489452181841014e-01
2.034633852873288240e-01
2.040018367938366828e-01
2.045840234183986805e-01
2.051113267575594146e-01
2.056815076634400108e-01
2.062705546986772220e-01
2.068072911025163885e-01
2.073363095443455373e-01
2.078833365641973019e-01
2.083583292719595192e-01
2.089370856911839658e-01
2.095441413044435153e-01
2.100903107729611696e-01
2.106553463708353557e-01
2.112135215580343006e-01
2.117837024639146470e-01
2.123410200997792319e-01
2.129009103896470356e-01
2.134479374094984949e-01
2.139812436079997771e-01
2.145419914492020519e-01
2.150933062257257833e-01
2.156231822188897362e-01
2.161676365847384762e-01
2.167206664639310665e-01
2.172488273544259940e-01
2.177658400775737690e-01
2.183145822000944203e-01
2.188667545279522342e-01
2.194283599204889246e-01
2.199625236703249553e-01
2.204941147661574063e-01
2.210317087213307941e-01
2.216036047298798606e-01
2.221532044037349829e-01
2.227002314235867475e-01
2.232429706867666286e-01
2.237934279119557779e-01
2.243155859431101018e-01
2.248428892822708913e-01
2.253813407887788334e-01
2.259163620899487523e-01
2.263506288663711397e-01
2.263506288663711397e-01
2.263506288663711397e-01
2.263506288663711397e-01
2.263506288663711397e-01
2.263506288663711397e-01
2.263506288663711397e-01
2.263506288663711397e-01
2.263506288663711397e-01
2.263506288663711397e-01
2.263506288663711397e-01
2.263506288663711397e-01
2.263506288663711397e-01
2.263506288663711397e-01
2.263506288663711397e-01
2.263506288663711397e-01
2.263506288663711397e-01
2.263506288663711397e-01
2.263506288663711397e-01
2.263506288663711397e-01
2.263506288663711397e-01
2.263506288663711397e-01
2.263506288663711397e-01
2.263506288663711397e-01
2.263506288663711397e-01
2.263506288663711397e-01
2.263506288663711397e-01
2.263506288663711397e-01
2.263506288663711397e-01
2.263506288663711397e-01
2.263506288663711397e-01
2.263506288663711397e-01
2.263506288663711397e-01
2.263506288663711397e-01
2.263506288663711397e-01
2.263506288663711397e-01
2.263506288663711397e-01
2.263506288663711397e-01
2.263506288663711397e-01
2.263506288663711397e-01
2.263506288663711397e-01
2.263506288663711397e-01
2.263506288663711397e-01
2.263506288663711397e-01
2.263506288663711397e-01
2.263506288663711397e-01
2.263506288663711397e-01
2.263506288663711397e-01
2.263506288663711397e-01
2.263506288663711397e-01
2.263506288663711397e-01
2.263506288663711397e-01
2.263506288663711397e-01
2.263506288663711397e-01
2.263506288663711397e-01
2.263506288663711397e-01
2.263506288663711397e-01
2.263506288663711397e-01
2.263506288663711397e-01
2.263506288663711397e-01
2.263506288663711397e-01
2.263506288663711397e-01
2.263506288663711397e-01
2.263506288663711397e-01
2.263506288663711397e-01
2.263506288663711397e-01
2.263506288663711397e-01
2.263506288663711397e-01
2.263506288663711397e-01
2.263506288663711397e-01
2.263506288663711397e-01
2.263506288663711397e-01
2.263506288663711397e-01
2.263506288663711397e-01
2.263506288663711397e-01
2.263506288663711397e-01
2.263506288663711397e-01
2.263506288663711397e-01
2.263506288663711397e-01
2.263506288663711397e-01
2.263506288663711397e-01
2.263506288663711397e-01
2.263506288663711397e-01
