3.088901149239812799e-04
1.553919463357443628e-04
8.224943092322931494e-05
4.707885576424233870e-05
3.087932874364002390e-05
2.340237734197313883e-05
1.915769026990917016e-05
1.617005672018698094e-05
1.382513971745665491e-05
1.177537940174383900e-05
1.016432716968889106e-05
8.780616874855229112e-06
7.638437060249596649e-06
6.798948841741468781e-06
6.177857187163846227e-06
5.776724901407685969e-06
5.518966137539676344e-06
5.404712447702560516e-06
5.369209917704340570e-06
5.359005851087424818e-06
5.358929189265395282e-06
5.358240206982787078e-06
5.357977733624448571e-06
5.357882240590613982e-06
5.357849042734757456e-06
5.357761626202175862e-06
5.357573749062174466e-06
5.356855228572562211e-06
5.356768448458548067e-06
5.356716356898182232e-06
5.356598649721467260e-06
5.356406194728125929e-06
5.356384749816808826e-06
5.356344867124351304e-06
5.356043286231130461e-06
5.355923815378556316e-06
5.355534122912227925e-06
5.355046907716420025e-06
5.355018455552571371e-06
5.354912370483824319e-06
5.354800716034140102e-06
5.354210719169170207e-06
5.353369703233417889e-06
5.353209924623191625e-06
5.353108228411027217e-06
5.352753520452969266e-06
5.352753888985484969e-06
5.352719063180925204e-06
5.352384081154909570e-06
5.352392545161178671e-06
5.352140443634118755e-06
5.352033166305356216e-06
5.352025873107008114e-06
5.351890485887872278e-06
5.351658514125143197e-06
5.351553642445767933e-06
5.350846496829671924e-06
5.350474200242527835e-06
5.350309775629936531e-06
5.349984084063800101e-06
5.349760766885011563e-06
5.349707111211523463e-06
5.349640488316902880e-06
5.349166866690641279e-06
5.348507217429832736e-06
5.348283509999662674e-06
5.348001252276699585e-06
5.347646019844976791e-06
5.347216947060792385e-06
5.347200100016906953e-06
5.347052405703132269e-06
5.346920670862405132e-06
5.346562220698931294e-06
5.346166963394752362e-06
5.345837003345664191e-06
5.345088323855193228e-06
5.345111778440851877e-06
5.345122356126522229e-06
5.344820206000613124e-06
5.344311247960625624e-06
5.343870792115353732e-06
5.343857371180371684e-06
5.343694417421269874e-06
5.343221256016487458e-06
5.342495984001808341e-06
5.342103057304391067e-06
5.341655722379318435e-06
5.341101529795621783e-06
5.340334232501843319e-06
5.339570926898049185e-06
5.338660065026667667e-06
5.338288929771282961e-06
5.338329693521057634e-06
5.338312913529389591e-06
5.337947504755079596e-06
5.337197528888748308e-06
5.336955650785682936e-06
5.336855928561177007e-06
5.336083878720274255e-06
5.336068829672135828e-06
5.335754545384605878e-06
5.335832813225573485e-06
5.335740195012563000e-06
5.335581910808817385e-06
5.335462627991974737e-06
5.335095793290334361e-06
5.334347880792426372e-06
5.334263154477524851e-06
5.334113742086192775e-06
5.333822856006796146e-06
5.333667343170576426e-06
5.332821382363944495e-06
5.331767865674232438e-06
5.331221276581795147e-06
5.330109729874669982e-06
5.329920177473488265e-06
5.329609520680456708e-06
5.328577602100070977e-06
5.328147904024552933e-06
5.327330715152413777e-06
5.326716436393700997e-06
5.326552343995031186e-06
5.326603430833083069e-06
5.326333693594742780e-06
5.326183920191123711e-06
5.325937146228293142e-06
5.325856058903594168e-06
5.325771069215463037e-06
5.323033001494210129e-06
5.322504084131284455e-06
5.321879322524644566e-06
5.321301319253875684e-06
5.321130954374248825e-06
5.321078988696548420e-06
5.320855008856395637e-06
5.320691628582978324e-06
5.320549220606048219e-06
5.319432118972807269e-06
5.318069620921496751e-06
5.317580814357235923e-06
5.317615157362411042e-06
5.317340440415573900e-06
5.316948870636266909e-06
5.314435262618271059e-06
5.313815558405363452e-06
5.313523792114656015e-06
5.313458879534457088e-06
5.313320156872675465e-06
5.313073096287500588e-06
5.312743986900631576e-06
5.311574911850583963e-06
5.311587096897792971e-06
5.311211954313461508e-06
5.310964341849948206e-06
5.310665044555864176e-06
5.309485204721912475e-06
5.309225080723663712e-06
5.308993777220176147e-06
5.307554590763217803e-06
5.307093732168280991e-06
5.305963273181213138e-06
5.302632558375020877e-06
5.299497775710181979e-06
5.299496146814279913e-06
5.298887701242324647e-06
5.297728513920901524e-06
5.297593275866015128e-06
5.297481645208276837e-06
5.295820242805713543e-06
5.295425382633485044e-06
5.295334124710546771e-06
5.294365329016406595e-06
5.293771221380126930e-06
5.293304396816736335e-06
5.293105339547270714e-06
5.292992532713941615e-06
5.292887406248157807e-06
5.291573378798184630e-06
5.290030956006519847e-06
5.289965014497841602e-06
5.289554191771005483e-06
5.289194212920293544e-06
5.288936360569719504e-06
5.286700720938513137e-06
5.286358228433269629e-06
5.284533837589284847e-06
5.282936638531782514e-06
5.281238849686261159e-06
5.280956655779511634e-06
5.280767516641013167e-06
5.280506185306150297e-06
5.278318789223373818e-06
5.277608727882416990e-06
5.276498709901689107e-06
5.274624414202761175e-06
5.273984880117379313e-06
5.273117443081480573e-06
5.272287885272042738e-06
5.269817168875928999e-06
5.265852994402287507e-06
5.265443084673646602e-06
5.263708594846303378e-06
5.261170469403728985e-06
5.259328003019533242e-06
5.257765270810560864e-06
5.256280542214361072e-06
5.254552753113092960e-06
5.254427722163348203e-06
5.254694915888079462e-06
5.254871674059771543e-06
5.254133115514349080e-06
5.253658185919390342e-06
5.253779017703836105e-06
5.252291656335766297e-06
5.251019432650656376e-06
5.247239319114370133e-06
5.246107067049581879e-06
5.244731035335631699e-06
5.242534370432740819e-06
5.242324499165316071e-06
5.241831853608809774e-06
5.239914050191649193e-06
5.237217077538128104e-06
5.233899770683837434e-06
5.231150779685993621e-06
5.230056621690087265e-06
5.224371288768359193e-06
5.222982714520541119e-06
5.220537862142869630e-06
5.215932158809724832e-06
5.208978839334932516e-06
5.205683621003352309e-06
5.204559956698525319e-06
5.203433887923773940e-06
5.202172921313647258e-06
5.195640457074449510e-06
5.193550469690303399e-06
5.193081105235893437e-06
5.192651240595584022e-06
5.192637020598288261e-06
5.193441394161232857e-06
5.192586109221527450e-06
5.190872380987094826e-06
5.189231518629600007e-06
5.185951669072814233e-06
5.178393046982864654e-06
5.174245654940048347e-06
5.170264053121721402e-06
5.164139213335573359e-06
5.160288295618559318e-06
5.160497155606843973e-06
5.158883092009170755e-06
5.156435267681907698e-06
5.156626147120614929e-06
5.157242940851923563e-06
5.155307497176735109e-06
5.145978163557419710e-06
5.141169935859413923e-06
5.131976417106354786e-06
5.131956457279304955e-06
5.126377201410957034e-06
5.119875042693600326e-06
5.118089355402272671e-06
5.118555616274265392e-06
5.117905358837418180e-06
5.112470670800247381e-06
5.112534794161809949e-06
5.108973462825800584e-06
5.107064142273973160e-06
5.104822772721227211e-06
5.106528859642145753e-06
5.101969551897133044e-06
5.099871632915123897e-06
5.089947384054384710e-06
5.089456089126158352e-06
5.087291151705869151e-06
5.077724708641525762e-06
5.065247544095220799e-06
5.053239028147266709e-06
5.052607162459186785e-06
5.037006745038569244e-06
5.035870488332699320e-06
5.032215145623393442e-06
5.025476079129681317e-06
5.021086541644068047e-06
5.019628301445420151e-06
4.992792012492417636e-06
4.990324480106544217e-06
4.983302647366485925e-06
4.970982629496034262e-06
4.948027750812561216e-06
4.916316035138827519e-06
4.911818303141195453e-06
4.912701826967922387e-06
4.907048310304738632e-06
4.882943401256939474e-06
4.875015309912718940e-06
4.849654474013043615e-06
4.833351530344173524e-06
4.832778473496306959e-06
4.796925384430991055e-06
4.790870477507424088e-06
4.791662881217699891e-06
4.729522115541524320e-06
4.716042888164425159e-06
4.709690656835684373e-06
4.710489371294010778e-06
4.695965135663134329e-06
4.654839361433141992e-06
4.639127841327645752e-06
4.624470090819765335e-06
4.603357623113015327e-06
4.567748433964606358e-06
4.564085857782089132e-06
4.529858425260703073e-06
4.534114185497432408e-06
4.525466286649092370e-06
4.510718397363203065e-06
4.517298800500571721e-06
4.508401211364648692e-06
4.487889472541811167e-06
4.468199161276083271e-06
4.464464556079044220e-06
4.440972324226733251e-06
4.456228071974467014e-06
4.422007626481343096e-06
4.406475431093982962e-06
4.372647779364699418e-06
4.342756236660453839e-06
4.351743254374847417e-06
4.359856360455561057e-06
4.364809860083997605e-06
4.366466732137082601e-06
4.362117375504442161e-06
4.317728944776270265e-06
4.284536995592321526e-06
4.327216385326222333e-06
4.333334176233925056e-06
4.339343968615817879e-06
4.367852854782143880e-06
4.352855599679310099e-06
4.234746441621390668e-06
4.240134655067231013e-06
4.206816709558286667e-06
4.234394155082780250e-06
4.227190782588120142e-06
4.242273230365856936e-06
4.275202428030669448e-06
4.273372996818755929e-06
4.240143414836269282e-06
4.295231368533648803e-06
4.367004804242463953e-06
4.463357300666249030e-06
4.564374609458598446e-06
4.538223228867986847e-06
4.663490745151529219e-06
4.595671204276389435e-06
4.720079514806524379e-06
4.739690932294526324e-06
4.823172098058443629e-06
4.873679934479604324e-06
4.820241216862787376e-06
5.025706678017322553e-06
5.217874730700048242e-06
5.110398242830692408e-06
5.433750801995017341e-06
5.542560284153603938e-06
5.841501882125454627e-06
6.053508663219376790e-06
6.195741486767170196e-06
6.318387148636946652e-06
7.182542006138563119e-06
7.000328433894299753e-06
7.654777250842961493e-06
8.893145613790542418e-06
1.011165763394164742e-05
1.081397692586620149e-05
1.199924486911371444e-05
1.387877586273260293e-05
1.585410468442877995e-05
1.733598745629841981e-05
1.857313591486467976e-05
2.025354746047462214e-05
2.296151279156246694e-05
2.525652730265609867e-05
3.077650748162280336e-05
3.563359623012817869e-05
3.764850513727622161e-05
4.043438857226067096e-05
4.672441352205447773e-05
5.267670800486240132e-05
5.540654052386641330e-05
6.658397605696070158e-05
8.410201341666601440e-05
1.094569220806351707e-04
1.304438843961044708e-04
1.733030987258391941e-04
2.413277495785814985e-04
3.239997311714675008e-04
3.706362170866901837e-04
4.627490924447888411e-04
6.309522913137305703e-04
8.835146656697389061e-04
1.262570674754316408e-03
1.855576673450034077e-03
2.132333984513476530e-03
3.056947965051062463e-03
4.178755288649681557e-03
4.828928461918158797e-03
6.514552869872318984e-03
1.076244835749726354e-02
1.645429521735662995e-02
2.560239127509099724e-02
3.427345033430183319e-02
5.005196887948556994e-02
7.886298571864071294e-02
1.545407322746989998e-01
8.898128591944322041e-01
8.971119150750621557e+08
8.971119151689521074e+08
8.971119152628427744e+08
8.971119153567339182e+08
8.971119154506251812e+08
8.971119155445179939e+08
8.971119156384104490e+08
8.971119157323042154e+08
8.971119158261983395e+08
8.971119159200934172e+08
8.971119160139888525e+08
8.971119161078852415e+08
8.971119162017817497e+08
8.971119162956787348e+08
8.971119163895767927e+08
8.971119164834754467e+08
8.971119165773749352e+08
8.971119166712751389e+08
8.971119167651755810e+08
8.971119168590772152e+08
8.971119169529786110e+08
8.971119170468810797e+08
8.971119171407837868e+08
8.971119172346869707e+08
8.971119173285914660e+08
8.971119174224961996e+08
8.971119175164014101e+08
8.971119176103075743e+08
8.971119177042140961e+08
8.971119177981214523e+08
8.971119178920288086e+08
8.971119179859373569e+08
8.971119180798470974e+08
8.971119181737564802e+08
8.971119182676670551e+08
8.971119183615784645e+08
8.971119184554892778e+08
8.971119185494018793e+08
8.971119186433144808e+08
8.971119187372277975e+08
8.971119188311418295e+08
8.971119189250565767e+08
8.971119190189718008e+08
8.971119191128879786e+08
8.971119192068045139e+08
8.971119193007214069e+08
8.971119193946397305e+08
8.971119194885581732e+08
8.971119195824770927e+08
8.971119196763967276e+08
8.971119197703169584e+08
8.971119198642381430e+08
8.971119199581596851e+08
8.971119200520818233e+08
8.971119201460043192e+08
8.971119202399274111e+08
8.971119203338516951e+08
8.971119204277760983e+08
8.971119205217013359e+08
8.971119206156274080e+08
8.971119207095537186e+08
8.971119208034808636e+08
8.971119208974081278e+08
8.971119209913369417e+08
8.971119210852662325e+08
8.971119211791956425e+08
8.971119212731260061e+08
8.971119213670567274e+08
8.971119214609882832e+08
8.971119215549197197e+08
8.971119216488523483e+08
8.971119217427859306e+08
8.971119218367197514e+08
8.971119219306544065e+08
8.971119220245894194e+08
8.971119221185251474e+08
8.971119222124614716e+08
8.971119223063985109e+08
8.971119224003355503e+08
8.971119224942735434e+08
8.971119225882124901e+08
8.971119226821521521e+08
8.971119227729607821e+08
