6.579526533797100951e-01
6.582408973350042380e-01
6.588160501509362499e-01
6.596759837148050698e-01
6.608186751797076042e-01
6.622431534657732266e-01
6.639501697619549780e-01
6.659423635069459113e-01
6.682238704549531283e-01
6.707995138396186663e-01
6.736738661632570846e-01
6.768505168016463180e-01
6.803318122989067129e-01
6.841191745163447413e-01
6.882139013320329735e-01
6.926181836543746639e-01
6.973359900436706393e-01
7.023735056805133770e-01
7.077389552247023152e-01
7.134418416623267145e-01
7.194918267527716793e-01
7.258975967868864787e-01
7.326660591288828295e-01
7.398020992579003030e-01
7.473089339149578958e-01
7.551888898659214755e-01
7.634442909175503944e-01
7.720780999634994091e-01
7.810940521678616522e-01
7.904962006082933978e-01
8.002880130186422747e-01
8.104713308493837198e-01
8.210455664499596296e-01
8.320074435926788636e-01
8.433513999912469750e-01
8.550705279562512695e-01
8.671577123086112726e-01
8.796065089220197475e-01
8.924113369649836480e-01
9.055667293655195182e-01
9.190656470761566776e-01
9.328971290594034738e-01
9.470437334286243569e-01
9.614792646989568370e-01
9.761671654676823406e-01
9.910597201795066091e-01
1.006097956810581895e+00
1.021211935012282801e+00
1.036321051754933054e+00
1.051334104950081505e+00
1.066149098392835892e+00
1.080653061452278907e+00
1.094722382658491089e+00
1.108224219037859726e+00
1.121019393382070906e+00
1.132966850997816799e+00
1.143929306531410228e+00
1.153779305235181685e+00
1.162404689609272790e+00
1.169712497126532247e+00
1.175630634864158752e+00
1.180107208482432890e+00
1.183107978354922984e+00
1.184612896865300691e+00
