1.315541923690725802e-05
5.919284158138770659e-04
1.180518889433315169e-03
1.798561794180157788e-03
2.410877837318890944e-03
3.041192588368814894e-03
3.710777247588613846e-03
4.405723722501456510e-03
5.087580228024341129e-03
5.784162949110925947e-03
6.484836285631873087e-03
7.160147806459780419e-03
7.850185542851400092e-03
8.568039464196682345e-03
9.285075262455085715e-03
1.001356478392970845e-02
1.073469119762247674e-02
1.146481696527083816e-02
1.218757962513735034e-02
1.292588662365444160e-02
1.366173925291092051e-02
1.439186502055927498e-02
1.512362703438136294e-02
1.585293467894283506e-02
1.656997047720122629e-02
1.730091436793644230e-02
1.802122265854231437e-02
1.874316719532192685e-02
1.944220428566912490e-02
2.014369574527693357e-02
2.081409852758358062e-02
2.146077574037094302e-02
2.210254421463706334e-02
2.274594893507694143e-02
2.337626368612686495e-02
2.402294089891422041e-02
2.466798186552783545e-02
2.531056846288084333e-02
2.597033564505816031e-02
2.664728341205979678e-02
2.733977551771201234e-02
2.801017830001869061e-02
2.870594289801838006e-02
2.937634568032503751e-02
3.006883778597723919e-02
3.077932859954061670e-02
3.146773008975844305e-02
3.218640213419055041e-02
3.286989488588713121e-02
3.355829637610495408e-02
3.427942278979766166e-02
3.497436926471046009e-02
3.568813257062131150e-02
3.639780526109780839e-02
3.710584170540058568e-02
3.780487879574773863e-02
3.852845957870107418e-02
3.923976851535133231e-02
3.995353182126221148e-02
4.066238638865183469e-02
4.139087591012641232e-02
4.210545733912414434e-02
4.282576562972997825e-02
4.354525579724894541e-02
4.426392784168105970e-02
4.498178176302629339e-02
4.570454442289277608e-02
4.644203329832291560e-02
4.716643220436315953e-02
4.788837674114273385e-02
4.861195752409606247e-02
4.933062956852818370e-02
5.006566407469772995e-02
5.079088110382481286e-02
5.152591560999437298e-02
5.225522325455581041e-02
5.296407782194546832e-02
5.370565731281002481e-02
5.444232806515332534e-02
5.515445512489046409e-02
5.588948963106003115e-02
5.661961539870839777e-02
5.733828744314059533e-02
5.805614136448591228e-02
5.877399528583125698e-02
5.949921231495843704e-02
6.023670119038869453e-02
6.097419006581896589e-02
6.169858897185926533e-02
6.241644289320461697e-02
6.314165992233181091e-02
6.387996692084894901e-02
6.459209398058617102e-02
6.534103657923266695e-02
6.606543548527298026e-02
6.678656189896578499e-02
6.750687018957174379e-02
6.823945032648072451e-02
6.894830489387049344e-02
6.969070250782205544e-02
7.043064575251292703e-02
7.115586278164012790e-02
7.187289857989857811e-02
7.259647936285205938e-02
7.331106079184988855e-02
7.402482409776084404e-02
7.476967608097297158e-02
7.550225621788204944e-02
7.622910949318295604e-02
7.696823461478696782e-02
7.769181539774040746e-02
7.841212368834635238e-02
7.914143133290790777e-02
7.986173962351385269e-02
8.059104726807540808e-02
8.130562869707326501e-02
8.204229944941666963e-02
8.275442650915389164e-02
8.345837233802236299e-02
8.419177059801831453e-02
8.491044264245048434e-02
8.563238717923019050e-02
8.634205986970680535e-02
8.708609372983203145e-02
8.780394765117736922e-02
8.853980028043388628e-02
8.925683607869229486e-02
8.998532560016699045e-02
9.069663453681735266e-02
9.141694282742328370e-02
9.213725111802925638e-02
9.285101442394017024e-02
9.355986899132992529e-02
9.427608666650151570e-02
9.499148621858621855e-02
9.571424887845277063e-02
9.643864778449301456e-02
9.714750235188275573e-02
9.786944688866243414e-02
9.859630016396338237e-02
9.929370100813690592e-02
1.000164636680034996e-01
1.007375900816963599e-01
1.014398996643910700e-01
1.021683891858657239e-01
1.028731531378211245e-01
1.035934614284270694e-01
1.043194965806411162e-01
1.050308055172914506e-01
1.057527500540711984e-01
1.064714220985034376e-01
1.071778222966325717e-01
1.078825862485879167e-01
1.085840777081958225e-01
1.092880235370643216e-01
1.099895149966722274e-01
1.107171863950601326e-01
1.114391309318398249e-01
1.121496217454033134e-01
1.128592944358798589e-01
1.135886020804415253e-01
1.143203640942636740e-01
1.150243099231322563e-01
1.157495269522594156e-01
1.164771983506473346e-01
1.171754173179076763e-01
1.178850900083843883e-01
1.185890358372529152e-01
1.192946179122951894e-01
1.199928368795555728e-01
1.207041458162059350e-01
1.214113641374219288e-01
1.221333086742017460e-01
1.228266189029409844e-01
1.235289284856358194e-01
1.242402374222862371e-01
1.249482738665891879e-01
1.256538559416314482e-01
1.263455299241969532e-01
1.270453851376311394e-01
1.277468765972392117e-01
1.284794567341482063e-01
1.291744032090611227e-01
1.298628046992791885e-01
1.305561149280184130e-01
1.312420620489756495e-01
1.319468260009310778e-01
1.326736792762321648e-01
1.333669895049713616e-01
1.340684809645792397e-01
1.347266119005829099e-01
1.354272852371039837e-01
1.361140504811482743e-01
1.368016338482793415e-01
1.374973984462792009e-01
1.381997080289741053e-01
1.388889276422788643e-01
1.395789653786706774e-01
1.402690031150622962e-01
1.409680402054096504e-01
1.416785310189731251e-01
1.423472975551061392e-01
1.430422440300190279e-01
1.437347361356713926e-01
1.444075932872388168e-01
1.450943585312830242e-01
1.457843962676746430e-01
1.464736158809794575e-01
1.471423824171125549e-01
1.478119670763323457e-01
1.484831879817260503e-01
1.491756800873783873e-01
1.498608090852486807e-01
1.505353024829897968e-01
1.512277945886421615e-01
1.519538297408561944e-01
1.526168694153810235e-01
1.533126340133808829e-01
1.540067623652069395e-01
1.546591664396024801e-01
1.553377504527781450e-01
1.560204250813879145e-01
1.566703747865228480e-01
1.573424138150032459e-01
1.580209978281787164e-01
1.586783106410955269e-01
1.593871652084852542e-01
1.600182980826221901e-01
1.606608846799752466e-01
1.613075618927627686e-01
1.619092423357722521e-01
1.626017344414246724e-01
1.632705009775576588e-01
1.639539937292544824e-01
1.645532198030033033e-01
1.652146232313544960e-01
1.658932072445299943e-01
1.665030689184082979e-01
1.671366561618057023e-01
1.677522446972919690e-01
1.684414643105967835e-01
1.690251460456950738e-01
1.696865494740462943e-01
1.702465056396253451e-01
1.708449135902873894e-01
1.714875001876403349e-01
1.720744544150861199e-01
1.727023147968755612e-01
1.732761790549314229e-01
1.738475889437266220e-01
1.744828124332978292e-01
1.751491246001702085e-01
1.756845370731432154e-01
1.762649463158938168e-01
1.768576274049477315e-01
1.774118567089186527e-01
1.780781688757910874e-01
1.787133923653623502e-01
1.792684397924201589e-01
1.798202147271303897e-01
1.804889812632633483e-01
1.811037516756629495e-01
1.817111589802805627e-01
1.822416627147320223e-01
1.828736137119558458e-01
1.834671129240965926e-01
1.840131609971985549e-01
1.845755715320381574e-01
1.852263393602600061e-01
1.857535706023640543e-01
1.863077999063349754e-01
1.868906635183465170e-01
1.874923439613557230e-01
1.881684736052705587e-01
1.886744336471159189e-01
1.894250124919362455e-01
1.901224133361097690e-01
1.908427216267157001e-01
1.914386752081171095e-01
1.919920863890011986e-01
1.927213940335626707e-01
1.932928039223578698e-01
1.939550254737958945e-01
1.945387072088940461e-01
1.951780213138995801e-01
1.957559761873896576e-01
1.964001990309164059e-01
1.969936982430572081e-01
1.976657372715374672e-01
1.983017788841955897e-01
1.989566373278516820e-01
1.995624083862954090e-01
2.001910868911717656e-01
2.009367569974706835e-01
2.017716025202387631e-01
2.024125528714182387e-01
2.030526850995107435e-01
2.037140885278619085e-01
2.043779463254736806e-01
2.051072539700351527e-01
2.057662030291255162e-01
2.064496957808222011e-01
2.071675497021676360e-01
2.078886761158603436e-01
2.086212562527692826e-01
2.094667373756666784e-01
2.101854094200989176e-01
2.109531688497434110e-01
2.117855600032509944e-01
2.125991343257603583e-01
2.134020730481405725e-01
2.141313806927019614e-01
2.149482275075588755e-01
2.157151688141165091e-01
2.165221981519307171e-01
2.172277802269731162e-01
2.180233558415713979e-01
2.187027579778337838e-01
2.193919775911385706e-01
2.201744632363470122e-01
2.209643119893369145e-01
2.216772571721610519e-01
2.226569104813055644e-01
2.236627437292298404e-01
2.246743038387624680e-01
2.254093383449321253e-01
2.261615534359256718e-01
2.270422138515580668e-01
2.278435163277641451e-01
2.286194569882768202e-01
2.293626727253144648e-01
2.301525214783042561e-01
2.308351961069138591e-01
2.318213944007527783e-01
2.326799654930397088e-01
2.335876239705386437e-01
2.345083724174280293e-01
2.354258483719696982e-01
2.363515055573801038e-01
2.371601711413676983e-01
2.378690257087572590e-01
2.386376032614882792e-01
2.394421782300417689e-01
2.403711079077995583e-01
2.411159598910113111e-01
2.418992636593058909e-01
2.429010062917954238e-01
2.439101120320668892e-01
2.449674870344634714e-01
2.459070523123505769e-01
2.467639871584637046e-01
2.474826592028956662e-01
2.482013312473274336e-01
2.491040809863054595e-01
2.501352760499221950e-01
2.511623804981047425e-01
2.522393904545866539e-01
2.532656767796825359e-01
2.543075074434288374e-01
2.552904332449201230e-01
2.562946302466702075e-01
2.571605644467391816e-01
2.580485879701532870e-01
2.589578826938265244e-01
2.599530803416210123e-01
2.608198326647765408e-01
2.615352322168608690e-01
2.625427017109586703e-01
2.635747148976623766e-01
2.644979177138120918e-01
2.653687606524018361e-01
2.661610637746524288e-01
2.671938950844431337e-01
2.681956377169327221e-01
2.690967512097369174e-01
2.700551333186220204e-01
2.709079775493011821e-01
2.715759259623470312e-01
2.725678511177943020e-01
2.736104999046276021e-01
2.745075227819975261e-01
2.754348162135817346e-01
2.763539284142971786e-01
2.771961370448469131e-01
2.782363314624196615e-01
2.791824417250017287e-01
2.800925545717620202e-01
2.808578596321456011e-01
2.817802443252082623e-01
2.827124464953139071e-01
2.835988337725544595e-01
2.843175058169866154e-01
2.852873416490879777e-01
2.862416331425390315e-01
2.871034767271735122e-01
2.880029539738039879e-01
2.890038784832065777e-01
2.898583589600594035e-01
2.905467604502768308e-01
2.914151490196067451e-01
2.922630845117644149e-01
2.933368219758991646e-01
2.944121956862073564e-01
2.954008483493069659e-01
2.964475877515743152e-01
2.974779646921044685e-01
2.985001604017660792e-01
2.994307263256976159e-01
3.003776547113668483e-01
3.014145766365921020e-01
3.024596797926856206e-01
3.034466962096117881e-01
3.044468025959277679e-01
3.054575445823730084e-01
3.064494697378200017e-01
3.074495761241355929e-01
3.083989588790655989e-01
3.093663403419067981e-01
3.103026331274468252e-01
3.112520158823764427e-01
3.121416756519648228e-01
3.130329716677267005e-01
3.140265330693473578e-01
3.150593643791380627e-01
3.160561982731063257e-01
3.170628496441171285e-01
3.180760459998228096e-01
3.190565174320539321e-01
3.200181720332868629e-01
3.209708272805643636e-01
3.219169375431468749e-01
3.228401403592965901e-01
3.238590635766104286e-01
3.247552683308936872e-01
3.257431028709065202e-01
3.267088480875735002e-01
3.277940392749243426e-01
3.287540576299836648e-01
3.297860708166875376e-01
3.308778069887328144e-01
3.319409088527377483e-01
3.329819213933971622e-01
3.339942996260161223e-01
3.349706804428126405e-01
3.359470612596091033e-01
3.368260854290677231e-01
3.376151160589707656e-01
3.386242217992423975e-01
3.396006026160387492e-01
3.405630753403582900e-01
3.413733771705198539e-01
3.421828608775943636e-01
3.431297892632633184e-01
3.441601662037936382e-01
3.451160939434184671e-01
3.460957472525626466e-01
3.471997552709111812e-01
3.483152170124759195e-01
3.493218683834863336e-01
3.502876136001537577e-01
3.512999918327725513e-01
3.523295506502162056e-01
3.532895690052754167e-01
3.543084922225891442e-01
3.552546024851713780e-01
3.562628901023558448e-01
3.571410961487278546e-01
3.580700258264855607e-01
3.591388545520986519e-01
3.601667771233683091e-01
3.611447941863388245e-01
3.620475439253166283e-01
3.628652088632601802e-01
3.637115081092439639e-01
3.646158940943957094e-01
3.655693674647598201e-01
3.665972900360295328e-01
3.675646714988707320e-01
3.685148723768869594e-01
3.694413476853845579e-01
3.702884650544555067e-01
3.712861170715108794e-01
3.722093198876608722e-01
3.732069719047161893e-01
3.741588090289067470e-01
3.751302811071818843e-01
3.759831253378606020e-01
3.768768757228828092e-01
3.776708150913071771e-01
3.785318405528546593e-01
3.793879572758812602e-01
3.803397944000716513e-01
3.812302722927469190e-01
3.821772006784159292e-01
3.831143115870422333e-01
3.840399687724528333e-01
3.848838136491761208e-01
3.858430138811485000e-01
3.866893131271323947e-01
3.875871541275891508e-01
3.883892092770348525e-01
