6.223306168975599635e-03
4.813346590527603844e-03
4.063834758308937888e-03
3.524409621595368976e-03
3.106887781773146669e-03
2.771019039408670771e-03
2.485995163070024022e-03
2.236974039049565311e-03
2.019578063661032780e-03
1.828094533659101878e-03
1.657501072789801990e-03
1.506469197862654510e-03
1.373624892394273650e-03
1.256069781900869854e-03
1.151173978157263647e-03
1.057034383744016696e-03
9.728999288757918728e-04
8.976393366102100721e-04
8.298504741319172448e-04
7.690671361927464396e-04
7.141122016882770103e-04
6.647271517238678923e-04
6.202909477390842726e-04
5.803535019532398559e-04
5.443168971809269740e-04
5.121132446439441216e-04
4.835141712502061739e-04
4.577082507127857398e-04
4.347698287193662399e-04
4.141832338530862978e-04
3.958056316743012405e-04
3.791359758131759307e-04
3.640601708250060307e-04
3.504801640483620447e-04
3.382762995873458555e-04
3.272601339006521838e-04
3.173806684275506961e-04
3.080607942198312606e-04
2.996879506980389346e-04
2.919198531340489963e-04
2.846214836109122056e-04
2.779272395853239351e-04
2.717094764591279263e-04
2.657797757244837302e-04
2.601768282043804940e-04
2.547962543788569048e-04
2.497343628948705575e-04
2.448211156579239317e-04
2.401472719181954422e-04
2.356290231085201735e-04
2.313239193284325477e-04
2.271647732250076991e-04
2.231617398371305645e-04
2.192123883526550889e-04
2.154029528033984443e-04
2.116920122550681137e-04
2.080352512555468005e-04
2.045372386742817241e-04
2.011852486667675081e-04
1.978246332509793861e-04
1.945220242552588312e-04
1.914050519409023860e-04
1.883337520728322885e-04
1.853200891838975388e-04
1.823778206494445098e-04
1.795381593910677556e-04
1.767349126779126079e-04
1.739363763664749827e-04
1.712412867796993081e-04
1.686089355575381738e-04
1.660044588215270280e-04
1.634725990741000699e-04
1.609730876167869457e-04
1.585137739116101085e-04
1.560885172313609861e-04
1.537180171935508173e-04
1.513560118027588628e-04
1.490602399039484449e-04
1.467984965675617410e-04
1.445525528728368618e-04
1.423476087589322855e-04
1.401974465405135496e-04
1.380682746807827647e-04
1.359908236416217608e-04
1.339497462947715739e-04
1.319322729422298221e-04
1.299123010403225654e-04
1.279393091510518815e-04
1.259590728748839479e-04
1.240126837784455449e-04
1.221098749622263619e-04
1.202396431117238262e-04
1.183922096745337313e-04
1.165661902516625364e-04
1.147745872283217780e-04
1.130014495904647356e-04
1.112466531634220964e-04
1.095327612539261824e-04
1.078318119667014672e-04
1.061373377219852147e-04
1.044867805690425370e-04
1.028516185385274802e-04
1.012182430933843494e-04
9.962253938782322728e-05
9.805134904920445723e-05
9.649891806648853683e-05
9.496558914996830903e-05
9.345756826660249895e-05
9.195492267939068978e-05
9.047882042931832390e-05
8.902491298877466294e-05
8.759503594015259154e-05
8.617625594990208375e-05
8.478271692002836387e-05
8.340539551888155405e-05
8.205527592084317992e-05
8.070715876503780370e-05
7.939291017311163096e-05
7.803673334325287301e-05
7.674925611655459331e-05
7.549339198004456381e-05
7.425075991335659451e-05
7.303160243940017709e-05
7.182704679704162625e-05
7.063082518690232245e-05
6.945752590767421660e-05
6.830189683401118430e-05
6.711278997366812232e-05
6.598138043054523787e-05
6.485773945924313828e-05
6.374838169972908870e-05
6.267626434675151387e-05
6.157119406236476709e-05
6.050523815547972993e-05
5.947215423914578380e-05
5.845859377324663718e-05
5.745727562562205973e-05
5.647592934459730785e-05
5.550622949631109490e-05
5.454035600901997602e-05
5.360422462299200408e-05
5.267898951775102848e-05
5.176437650402847615e-05
5.086373586948934379e-05
4.997639209398223867e-05
4.911357503647645247e-05
4.825563678962719108e-05
4.742012978588323614e-05
4.657920209022620194e-05
4.576658715398615912e-05
4.496724845255822134e-05
4.418423041592954358e-05
4.341894295071908400e-05
4.264843532343500323e-05
4.189018258525080630e-05
4.115358411664493568e-05
4.042068199449024875e-05
3.970946345161770847e-05
3.901856467560222785e-05
3.833240684999281465e-05
3.746821744163537031e-05
3.680633482021212328e-05
3.615230979983142037e-05
3.551500491849350416e-05
3.489100068948692836e-05
3.426953936488854723e-05
3.366100002233598278e-05
3.306760173103462884e-05
3.248557012245235215e-05
3.191123783149325528e-05
3.135637169169387846e-05
3.076562033497772940e-05
3.022432729524469601e-05
2.968193502802914720e-05
2.916690029307233270e-05
2.864105427988088203e-05
2.814828082512614579e-05
2.765769477235920169e-05
2.717426551179121766e-05
2.670546665627168551e-05
2.625512107936759992e-05
2.581363934515507348e-05
2.538054713632627055e-05
2.496113925526572224e-05
2.455274669182900857e-05
2.406474940057875116e-05
2.366671311474310863e-05
2.326679197235697509e-05
2.289483713223541012e-05
2.253018201185534483e-05
2.208442201787192934e-05
2.173201580572026609e-05
2.138097175416632314e-05
2.105378006346260547e-05
2.073326146764964829e-05
2.042238150302456040e-05
2.011938706880638057e-05
1.982584753674395967e-05
1.952086527490087267e-05
1.924255138666177228e-05
1.897206870141208309e-05
1.870033543052749094e-05
1.844492831415628034e-05
1.819744451232537091e-05
1.792999346789903186e-05
1.769409721139063028e-05
1.746966503496736055e-05
1.725354263925954471e-05
1.703619172927062407e-05
1.682348123349753101e-05
1.662877268475990920e-05
1.644278418671863584e-05
1.626548569470054743e-05
1.609571581141772931e-05
1.593159872358665649e-05
1.569199988682932199e-05
1.552841601154290323e-05
1.537222125134482550e-05
1.522437723164543696e-05
1.508445735692392242e-05
1.495745943005224917e-05
1.481866915769213002e-05
1.466528732463155134e-05
1.453089931191885352e-05
1.442230877338626092e-05
1.432264623900351562e-05
1.421867502458258836e-05
1.412913624371899569e-05
1.401862197917804646e-05
1.392974231124885116e-05
1.380668345847903208e-05
1.372031560010150208e-05
1.363884275740833061e-05
1.356541875333979522e-05
1.350095740731906987e-05
1.343994926641029900e-05
1.337282378217336242e-05
1.331940227579782775e-05
1.327122889886027005e-05
1.320191332328057703e-05
1.316069522706278610e-05
1.311509863856889141e-05
1.307542936876694176e-05
1.295215042104339762e-05
1.291604712621227973e-05
1.287865516723287872e-05
1.284865167653979964e-05
1.282387215649742047e-05
1.270094188328879950e-05
1.267451820481778566e-05
1.264799720045596956e-05
1.262461746768645768e-05
1.260114912228049119e-05
1.257317911618387668e-05
1.255658793283824248e-05
1.254049655031610509e-05
1.251876313068208279e-05
1.250059861131980020e-05
1.248343188099652686e-05
1.246713223080436605e-05
1.244956959768646168e-05
1.243989704185940202e-05
1.242936861766409155e-05
1.242148069118758555e-05
1.240688744482982075e-05
1.239548408947420752e-05
1.238643535360452522e-05
1.237459909050958937e-05
1.236580067244706076e-05
1.235921322624954320e-05
1.235232390955194075e-05
1.234529363117019652e-05
1.234003356967616832e-05
1.233187425254729152e-05
1.232795907160220298e-05
1.231745623375949227e-05
1.230956689745970717e-05
1.230209061407505259e-05
1.229582570151264301e-05
1.228727167080603572e-05
1.227951393639743936e-05
1.227741745728420971e-05
1.226976676761722960e-05
1.226393229141411858e-05
1.226118669131130380e-05
1.225762884880277611e-05
1.225400737114258239e-05
1.225011654402838123e-05
1.224773213171392029e-05
1.224545642865327906e-05
1.224424032880862189e-05
1.224255490462647764e-05
1.223954884786006300e-05
1.223208064227169009e-05
1.222373968251309202e-05
1.222077731362833341e-05
1.221895564808283249e-05
1.221729458552708071e-05
1.221646775222480568e-05
1.221568000746449740e-05
1.221543793077899092e-05
1.221361075366142408e-05
1.221274359843208246e-05
1.221126517231554831e-05
1.220973096492664330e-05
1.220945406309540436e-05
1.220551598342557003e-05
1.220442897331692283e-05
1.220358144089626245e-05
1.220211466730560311e-05
1.220122956931818980e-05
1.219944452044811110e-05
1.219861674842755741e-05
1.219785351674620730e-05
1.219621724811509833e-05
1.219527781344902469e-05
1.219209011924962057e-05
1.217475880746277906e-05
1.217181789298190704e-05
1.217084573253945992e-05
1.216908407119037109e-05
1.216810186176488038e-05
1.216769571320486720e-05
1.216768032665126879e-05
1.216750235830314828e-05
1.216493437635646149e-05
1.216322062529265119e-05
1.216225305526916597e-05
1.216115384677873859e-05
1.216007645273939155e-05
1.215911272589934959e-05
1.215813542621710310e-05
1.215603848642250280e-05
1.215566183191995451e-05
1.215431424391693173e-05
1.215393235094993945e-05
1.215004687756712777e-05
1.214866071355603514e-05
1.214783790400700437e-05
1.214380596681031865e-05
1.213907102332731384e-05
1.213779425372496309e-05
1.213177894400397544e-05
1.213114143079862791e-05
1.212924822399589303e-05
1.212780973474077701e-05
1.212749635516162738e-05
1.212708751069825851e-05
1.212669048144462111e-05
1.212662336582111207e-05
1.212611335978595817e-05
1.212500019580592297e-05
1.212389083100206799e-05
1.212357581803015311e-05
1.212327178370466139e-05
1.212206037985895145e-05
1.212200461462284043e-05
1.212172194904371052e-05
1.212137304921027812e-05
1.212106797328326185e-05
1.212102969159444338e-05
1.211929001148417804e-05
1.211790436969789641e-05
1.211628183748526222e-05
1.211596912088500239e-05
1.211410252305155437e-05
1.211286298742193272e-05
1.211272745873338014e-05
1.211261949289351881e-05
1.211095872528684162e-05
1.210878506730737994e-05
1.210632895766491783e-05
1.210322259625315425e-05
1.210265689818105700e-05
1.210231194108760709e-05
1.210114529140308110e-05
1.209840927165683629e-05
1.209510331375977763e-05
1.209465465539594296e-05
1.209422052402855230e-05
1.209266525764519424e-05
1.209154610680548296e-05
1.209079836745258668e-05
1.208854822937914031e-05
1.208839046711221111e-05
1.208756633829214142e-05
1.208539792770580306e-05
1.208032014974005641e-05
1.207868278529427173e-05
1.207690657550617267e-05
1.207581888277868264e-05
1.207309653823994285e-05
1.207217162291332173e-05
1.207095621255510823e-05
1.206953395538598513e-05
1.206858851042814126e-05
1.206735875972126621e-05
1.206397230877158852e-05
1.205560498346496709e-05
1.205361829936936871e-05
1.205281200579682111e-05
1.205266120245794445e-05
1.205251373126214162e-05
1.205132583931826369e-05
1.205089507344152558e-05
1.205063983742841980e-05
1.204900828972885752e-05
1.204842875263124519e-05
1.204819989545170515e-05
1.204774543064803835e-05
1.204751329872732603e-05
1.204707078341168070e-05
1.204627952614841778e-05
1.204340086585585631e-05
1.204149096647749564e-05
1.203956962158423983e-05
1.203724662454967892e-05
1.203607630783542306e-05
1.203430276701996340e-05
1.203323563332764867e-05
1.203184604246518847e-05
1.203047467442246073e-05
1.203015925247706042e-05
1.202980915492756499e-05
1.202927564430980603e-05
1.202876154297408489e-05
1.202800420582307354e-05
1.202405975986198480e-05
1.202254602196111606e-05
1.201980449519675092e-05
1.201648680643690537e-05
1.201408400995491085e-05
1.201225662948187733e-05
1.201150108300013289e-05
1.201111162455499113e-05
1.201061862669925815e-05
1.201016627701559745e-05
1.200940112409231728e-05
1.200705901604493867e-05
1.200595549104914180e-05
1.200529654155826429e-05
1.200301731619939137e-05
1.200101372002249271e-05
1.199868261656252944e-05
1.199687640898130825e-05
1.199538621021031501e-05
1.198861656962757279e-05
1.198828402547317889e-05
1.198767746643918977e-05
1.198767494002066565e-05
1.198249375435293666e-05
1.196164166864055079e-05
1.196058843153764099e-05
1.196002903330526773e-05
1.195822226531447867e-05
1.195711598739814182e-05
1.195642073015862218e-05
1.195598925897809114e-05
1.195480448127205421e-05
1.195394377869666533e-05
1.195148623613830723e-05
1.195024390013245897e-05
1.194858572599527815e-05
1.194398976782913869e-05
1.194009441290634208e-05
1.193930526093081997e-05
1.193906057428406022e-05
1.192933755203612101e-05
1.192882484277828283e-05
1.192761397017351937e-05
1.191966270350675303e-05
1.191569372076869954e-05
1.189329529170925127e-05
1.187988466476373469e-05
1.186732732627170540e-05
1.185404867170734576e-05
1.185594448666547151e-05
1.184949942912189667e-05
1.181197993094427020e-05
1.179368839927720530e-05
1.173731025903315742e-05
1.173415708972879976e-05
1.172419051964163289e-05
1.172827535353946582e-05
1.171269595032157820e-05
1.167928277375432033e-05
1.166234600710168953e-05
1.162410937920293602e-05
1.157977475679744423e-05
1.147649453081868995e-05
1.142683837734929457e-05
1.143954582315292440e-05
1.141287099880162231e-05
1.143412649187040681e-05
1.146162025520670397e-05
1.153391184746107826e-05
1.176526605288488254e-05
1.192131259351228801e-05
1.223072027476611855e-05
1.292305589143180572e-05
1.493370811472092695e-05
