7.270706841624695604e-01
7.274897781403795172e-01
7.283297823427234974e-01
7.295943154189039603e-01
7.312887699152607057e-01
7.334202675245637959e-01
7.359975958526798756e-01
7.390311239631874862e-01
7.425326936551203127e-01
7.465154833496249198e-01
7.509938416280687035e-01
7.559830878846488522e-01
7.614992782252053560e-01
7.675589356418583975e-01
7.741787445880652374e-01
7.813752113264403887e-01
7.891642927674152874e-01
7.975609978975659597e-01
8.065789672443076652e-01
8.162300370694898222e-01
8.265237960619195023e-01
8.374671431490133822e-01
8.490638556228604639e-01
8.613141770432304334e-01
8.742144343238086313e-01
8.877566930312210669e-01
9.019284592499529074e-01
9.167124354270451692e-01
9.320863364577117727e-01
9.480227709642766731e-01
9.644891913164446162e-01
9.814479144993939475e-01
9.988562145093848876e-01
1.016666485586541491e+00
1.034826474310938327e+00
1.053279577408262835e+00
1.071965201040168569e+00
1.090819176387540335e+00
1.109774225461327868e+00
1.128760470282164530e+00
1.147705977845521197e+00
1.166537332628443835e+00
1.185180227801558406e+00
1.203560065801884793e+00
1.221602558526848181e+00
1.239234317167344113e+00
1.256383421656042554e+00
1.272979959917928117e+00
1.288956527622434178e+00
1.304248679989895132e+00
1.318795328422076141e+00
1.332539076306755499e+00
1.345426490261343533e+00
1.357408305271364135e+00
1.368439564557435428e+00
1.378479697453971475e+00
1.387492540969029964e+00
1.395446312872546946e+00
1.402313545985004017e+00
1.408070994679159860e+00
1.412699525356941432e+00
1.416184002750241921e+00
1.418513183288741208e+00
1.419679625497596964e+00
