1.598605928639421002e-05
4.491751023702369159e-04
8.713985897885552414e-04
1.286874042951167063e-03
1.730185137418569115e-03
2.176870249013826940e-03
2.609215787815707434e-03
3.078675515023974324e-03
3.513551566671743991e-03
3.971202233932520989e-03
4.428852901193300155e-03
4.874694508506588995e-03
5.323910132947732091e-03
5.773969261670837232e-03
6.248490014570878132e-03
6.696018630448093666e-03
7.144390750607272113e-03
7.602041417868056483e-03
8.074875162204181098e-03
8.529151812337116417e-03
9.001985556673237562e-03
9.451201181114386729e-03
9.903790822683389283e-03
1.036397200279005545e-02
1.083005771287047503e-02
1.128855188441322058e-02
1.172764545747080785e-02
1.218951364614140678e-02
1.266403439904145202e-02
1.310481498066297032e-02
1.354896957941233333e-02
1.399649819528956361e-02
1.446005339252408664e-02
1.492951311973235440e-02
1.540065985550455145e-02
1.586758906986692613e-02
1.633451828422930602e-02
1.681916108851291489e-02
1.728524679859332752e-02
1.775976755149337796e-02
1.822669676585575091e-02
1.870037401447383063e-02
1.918670382732136706e-02
1.967809466586067577e-02
2.014671088878698321e-02
2.061701412027721475e-02
2.109490889030512031e-02
2.156521212179534144e-02
2.204395039610521079e-02
2.255136781600182092e-02
2.301323600467242506e-02
2.349366128754621849e-02
2.397999110039375145e-02
2.446125988754950520e-02
2.494168517042330210e-02
2.541198840191353017e-02
2.590337924045284929e-02
2.639139606186430634e-02
2.687856937899380308e-02
2.735562064473974486e-02
2.783941994474138995e-02
2.832237574046109554e-02
2.879352247623324229e-02
2.927985228908083076e-02
2.975606005054475672e-02
3.022720678631699368e-02
3.070847557347271273e-02
3.120577094198578177e-02
3.167101314778421328e-02
3.214131637927448298e-02
3.260908909791879889e-02
3.312831557776293318e-02
3.359777530497117665e-02
3.408410511781872348e-02
3.455862587071879127e-02
3.504326867500236198e-02
3.556418216341045851e-02
3.601508479641549881e-02
3.649888409641718207e-02
3.697424835359919282e-02
3.746563919213848071e-02
3.792835088509106251e-02
3.841468069793858853e-02
3.890860204932378857e-02
3.942276750347617487e-02
3.992765441052685549e-02
4.040048815486301653e-02
4.087332189919913594e-02
4.133940760927952429e-02
4.180718032792389571e-02
4.231881526923032821e-02
4.276718738938946329e-02
4.326195224505664100e-02
4.377021316923523225e-02
4.422280281080422787e-02
4.472937672641891932e-02
4.520558448788286610e-02
4.563961703524870017e-02
4.619427069493523691e-02
4.673289777326453814e-02
4.720741852616457818e-02
4.773086252741845503e-02
4.820032225462674014e-02
4.867399950324482333e-02
4.913924170904326871e-02
4.964075459896617054e-02
5.017263364303969214e-02
5.063365832742835332e-02
5.114023224304298232e-02
5.162318803876268097e-02
5.210951785161023475e-02
5.260512621155934848e-02
5.309398653725278666e-02
5.359634293145760370e-02
5.406748966722980249e-02
5.455466298435929923e-02
5.503087074582331539e-02
5.554250568712969932e-02
5.601702644002976711e-02
5.652613086849023888e-02
5.702764375841321703e-02
5.749794698990340347e-02
5.802813902541303220e-02
5.851109482113280719e-02
5.899742463398027770e-02
5.946435384834260901e-02
5.996755374682952167e-02
6.049184125236536230e-02
6.095708345816380769e-02
6.145100480954906325e-02
6.192299504960319112e-02
6.242197742668013916e-02
6.289987219670815921e-02
6.335836636825087353e-02
6.382782609545911701e-02
6.433524351535586938e-02
6.482410384104922429e-02
6.528850254256569896e-02
6.577567585969533448e-02
6.621055191134304907e-02
6.674917898967225316e-02
6.721863871688063541e-02
6.767122835844963102e-02
6.816514970983481025e-02
6.864051396701689733e-02
6.908719907861218812e-02
6.957690290858757620e-02
7.004467562723190599e-02
7.054112749146312922e-02
7.097600354311081605e-02
7.144461976603713738e-02
7.194022812598635519e-02
7.239113075899138161e-02
7.284878142625218767e-02
7.331064961492282650e-02
7.375986523936396699e-02
7.428668325774574754e-02
7.471143725800999391e-02
7.517330544668057724e-02
7.561155551545621634e-02
7.602871797718278868e-02
7.650155172151899829e-02
7.694992384167809174e-02
7.744131468021742126e-02
7.792258346737322705e-02
7.835492900617507805e-02
7.877883950215730513e-02
7.920865452811338969e-02
7.968570579385926556e-02
8.014926099109376256e-02
8.059425909412515354e-02
8.105697078707777004e-02
8.148762931731569348e-02
8.194527998457645790e-02
8.242570526745029991e-02
8.285636379768819559e-02
8.333172805487021328e-02
8.376407359367217531e-02
8.428667409064413696e-02
8.472661116798367587e-02
8.515558268965769950e-02
8.555840557859092921e-02
8.604557889572042595e-02
8.650322956298123200e-02
8.694063612747487957e-02
8.737129465771292791e-02
8.792932233452725732e-02
8.837769445468643403e-02
8.882016204487191979e-02
8.925588160080162592e-02
8.974305491793108103e-02
9.021251464513938001e-02
9.070559249224267873e-02
9.115733862952964117e-02
9.161920681820026613e-02
9.211228466530346770e-02
9.262476311089186398e-02
9.308831830812637487e-02
9.358308316379350400e-02
9.407953502802458845e-02
9.451947210536419675e-02
9.501170644818553168e-02
9.545670455121679776e-02
9.600376667236573680e-02
9.648166144239361808e-02
9.699329638370010609e-02
9.743913799101336370e-02
9.793980737665422542e-02
9.842107616381001733e-02
9.887450930966096285e-02
9.943253698647548655e-02
9.990537073081157127e-02
1.004161621678360400e-01
1.008949004421459128e-01
1.013820737592754095e-01
1.018759951106606720e-01
1.023555768892524531e-01
1.028646813177129804e-01
1.033923428403767386e-01
1.038980732517095218e-01
1.044232042615273470e-01
1.049061600572469555e-01
1.053629672202258949e-01
1.058492970330734001e-01
1.063465924015864761e-01
1.068523228129191899e-01
1.073631142499435337e-01
1.078798102169418044e-01
1.083501134484320255e-01
1.088465653126631516e-01
1.092999984585141665e-01
1.098175379297943594e-01
1.103123027854614607e-01
1.108155026839483248e-01
1.113532862579956484e-01
1.118463641050989194e-01
1.123369114393562851e-01
1.128325197993053225e-01
1.133492157663036071e-01
1.137942138693348731e-01
1.143556155632771548e-01
1.148765290516851195e-01
1.153434582660475410e-01
1.158129179932557012e-01
1.163169613960244042e-01
1.168564319786356137e-01
1.173731279456337595e-01
1.178535532285076293e-01
1.183677186826598282e-01
1.188742925982743948e-01
1.193673704453775686e-01
1.198452652154055192e-01
1.203923273365544444e-01
1.208676915937363372e-01
1.213784830307608475e-01
1.218403512194314864e-01
1.223637952206855367e-01
1.228931437519129866e-01
1.233592294619934027e-01
1.238852039760932611e-01
1.243706902846587192e-01
1.248595506103522129e-01
1.253273233289964317e-01
1.258659504073257329e-01
1.263573412458650902e-01
1.268200529388175679e-01
1.272709555718226360e-01
1.277884950431027733e-01
1.282967559672813507e-01
1.287560936431061120e-01
1.292188053360586730e-01
1.296983871146506484e-01
1.301990565002914546e-01
1.306373065690670521e-01
1.311860556987799742e-01
1.316917861101125908e-01
1.321561848116291349e-01
1.326104614617620581e-01
1.331305314458881284e-01
1.335991476688144219e-01
1.340323367118982645e-01
1.345524066960245013e-01
1.350378930045899595e-01
1.355714590572273948e-01
1.360426057929995380e-01
1.364968824431325445e-01
1.370582841370748262e-01
1.376179988224530415e-01
1.380883020539433459e-01
1.386210246022988313e-01
1.390542136453827293e-01
1.395793446552006656e-01
1.400336213053335888e-01
1.405106725710793814e-01
1.410476126408446440e-01
1.414765841625187370e-01
1.420405163693068962e-01
1.425091325922332453e-01
1.429895578751069485e-01
1.434708266622628514e-01
1.439310078423693962e-01
1.445438632975115101e-01
1.449972964433624556e-01
1.454777217262362421e-01
1.459336853849330928e-01
1.464394157962657095e-01
1.468591087708381315e-01
1.473083243952791888e-01
1.477701925839497443e-01
1.482202517126728347e-01
1.486854939184711344e-01
1.491009693716336126e-01
1.495358454232814382e-01
1.500280797661025789e-01
1.505068180404124378e-01
1.510361665716401514e-01
1.514423634777010419e-01
1.518991706406798148e-01
1.523888744706551612e-01
1.528617082149913708e-01
1.533978047804748224e-01
1.539271533117023694e-01
1.544387882530088296e-01
1.549934419126952623e-01
1.556569076247551198e-01
1.561955347030845320e-01
1.567265702428760343e-01
1.572576057826676754e-01
1.578097289295082306e-01
1.583466689992734933e-01
1.588692694962453855e-01
1.593809044375519290e-01
1.599541151914417036e-01
1.605037078254365202e-01
1.610853536221456828e-01
1.616012060848619480e-01
1.621263370946796900e-01
1.626835212672123332e-01
1.632322703969250610e-01
1.638080116636608241e-01
1.643618218190652513e-01
1.649038229145222412e-01
1.654297974286220441e-01
1.659810770711807881e-01
1.665458527822507862e-01
1.671511166988551844e-01
1.676619081358796393e-01
1.682182488041301938e-01
1.687897725494559853e-01
1.693224950978114429e-01
1.698864273045995743e-01
1.705009697683055048e-01
1.710868330864246112e-01
1.716845054644913771e-01
1.722045754486174196e-01
1.728005608181200359e-01
1.734024507175964680e-01
1.739992795913811174e-01
1.745640553024513375e-01
1.751541361419803045e-01
1.757290339044338956e-01
1.763351413253202993e-01
1.769437792590524694e-01
1.775616957398861995e-01
1.781627421350807927e-01
1.787486054532000102e-01
1.793639914211880293e-01
1.799692553377922610e-01
1.805947633571637900e-01
1.812059318037419209e-01
1.818052911903724200e-01
1.823827194656721662e-01
1.830116015021714393e-01
1.835932472988808239e-01
1.842195988225343029e-01
1.848079926534993978e-01
1.854638668270215673e-01
1.861248020262354641e-01
1.867418750027874386e-01
1.873581044750574076e-01
1.879701164259175716e-01
1.885770673510857587e-01
1.892312545160440562e-01
1.898921897152579530e-01
1.905489073930619892e-01
1.911887549852269719e-01
1.918210110388540168e-01
1.924659196567106434e-01
1.931217938302328407e-01
1.938046601407777958e-01
1.944672823485555924e-01
1.951147214792581797e-01
1.957790306955998483e-01
1.964905761517316274e-01
1.971793469922505093e-01
1.978478737300019830e-01
1.985383315790845149e-01
1.992211978896294422e-01
1.999133427472759572e-01
2.006071746134864553e-01
2.012740143426742789e-01
2.019830292859600696e-01
2.026726436307608459e-01
2.033926241297123461e-01
2.040172886448018419e-01
2.046891893996813649e-01
2.053821777616099686e-01
2.060895056963319150e-01
2.068002076481815499e-01
2.075075355829034962e-01
2.082418556546482002e-01
2.089972633334420682e-01
2.097223048580852955e-01
2.104574684341118940e-01
2.111867274801650096e-01
2.119345436204210231e-01
2.126663331793199052e-01
2.133947487210909877e-01
2.141560609298585882e-01
2.149789489512094753e-01
2.157217040657738172e-01
2.164593981546463208e-01
2.172198668591320547e-01
2.180022666749488469e-01
2.187610483708704034e-01
2.195299521181756086e-01
2.203190999682480833e-01
2.210964387583730373e-01
2.218763080613438410e-01
2.226722039456716928e-01
2.234706303428456164e-01
2.242251945173573957e-01
2.249493925377187842e-01
2.257630020119682224e-01
2.265504628534761311e-01
2.272890004466310565e-01
2.280216335098117497e-01
2.287542665729927760e-01
2.295434144230648899e-01
2.302870130419116257e-01
2.310019325151712877e-01
2.317227565184045157e-01
2.324098403503592203e-01
2.331542824734875452e-01
2.339189686993831951e-01
2.347005250109180097e-01
2.354356885869448579e-01
2.361134938717977250e-01
2.368022647123167179e-01
2.374935660656815051e-01
2.382295731459901089e-01
2.390111294575246736e-01
2.397758156834200460e-01
2.404662735325030498e-01
2.412056546299395088e-01
2.419661233344253815e-01
2.427181569960910335e-01
2.434760951877311674e-01
2.442137892766035878e-01
2.448620719115880695e-01
2.455913309576408243e-01
2.462826323110057225e-01
2.470397269983636845e-01
2.477791080958001713e-01
2.485007756033154602e-01
2.492291911450861264e-01
2.499095269427857036e-01
2.506362554759925532e-01
2.513309308464851122e-01
2.520112666441842175e-01
2.526561752620410939e-01
2.533306065297666332e-01
2.539746716433408102e-01
2.546516334239119494e-01
2.553488393072501084e-01
2.560435146777430560e-01
2.566867362870358660e-01
2.573510455033776734e-01
2.579740230099031306e-01
2.586130270977862744e-01
2.592233520400823998e-01
2.598083718539198061e-01
2.604397844032650400e-01
2.610526398584069319e-01
2.616579037750113579e-01
2.622614806830513845e-01
2.628313174198136926e-01
2.633825970623724921e-01
2.639861739704126853e-01
2.645964989127089217e-01
2.651646486409069414e-01
2.657218328134391405e-01
2.662553988660768534e-01
2.667957129529702764e-01
2.674085684081121683e-01
2.679952752305131969e-01
2.685204062403311331e-01
2.690759034042996545e-01
2.696980374065428010e-01
2.703049883317115154e-01
2.708495604620853592e-01
