1.283635103279206768e-01
1.176032824350360662e-01
1.122970464966683846e-01
1.079145018357454411e-01
1.040339326402445891e-01
1.005283942308096146e-01
9.715187572934935734e-02
9.405756758417768704e-02
9.105051539745069589e-02
8.826753761843449120e-02
8.563586400444930802e-02
8.312436564777522796e-02
8.071493932605784682e-02
7.841732943026327729e-02
7.619183740219687140e-02
7.407687051854092153e-02
7.204904388540216142e-02
7.012058359956011011e-02
6.828323815718209677e-02
6.652285997918716554e-02
6.481930695914260576e-02
6.317906339693801776e-02
6.159681516789014544e-02
6.006749815960976679e-02
5.859947317929837390e-02
5.719877706727160421e-02
5.584540679607651048e-02
5.452746490949131331e-02
5.324752707211752312e-02
5.201204250038275051e-02
5.082792194580940115e-02
4.967961456477631987e-02
4.856285808143399885e-02
4.748336659461804832e-02
4.643720002099382960e-02
4.541850007779326542e-02
4.442348066388495526e-02
4.345737493571267401e-02
4.251921977584650902e-02
4.160587185797982868e-02
4.071971519275811857e-02
3.985875635208417644e-02
3.901996919387799856e-02
3.820108250657936605e-02
3.740244988471602694e-02
3.662364703714137554e-02
3.586936236336634581e-02
3.513572119764885038e-02
3.442553089720605530e-02
3.371623582761301696e-02
3.304034823055065212e-02
3.238421317254185083e-02
3.174469045875195905e-02
3.112329400948148431e-02
3.051641308257874163e-02
2.992731642208517825e-02
2.935618870741764364e-02
2.879902028454583984e-02
2.826084473329244437e-02
2.773556897657511455e-02
2.722667970865308776e-02
2.672997092672960845e-02
2.625204010619132042e-02
2.578836606772959977e-02
2.533711431898967234e-02
2.489817079238812458e-02
2.446943067092016005e-02
2.405519933401136304e-02
2.365146832730161477e-02
2.325828857723285376e-02
2.287611650658449153e-02
2.250281165801122293e-02
2.214114756968089959e-02
2.178833693582042999e-02
2.144355807912806666e-02
2.111068111563483077e-02
2.078618752912573739e-02
2.047233128560944221e-02
2.016773554512682129e-02
1.987038177251899962e-02
1.958159467025970962e-02
1.930192068711976752e-02
1.902952611440283243e-02
1.876549686084335450e-02
1.850687676837213871e-02
1.825741940192968440e-02
1.801569182237734712e-02
1.777955764581614848e-02
1.754543510716628785e-02
1.732055553503790077e-02
1.710168835074819468e-02
1.688903169276816454e-02
1.668273059076457940e-02
1.648038915264495377e-02
1.628287518072703624e-02
1.608957529290808500e-02
1.590133051030270112e-02
1.571813580968947979e-02
1.549864461127430787e-02
1.532236841466874493e-02
1.515199830818993523e-02
1.498554405110909260e-02
1.482380886541121226e-02
1.466716885868276157e-02
1.451472150364640536e-02
1.436611861833397320e-02
1.422079174191285579e-02
1.408002415000015814e-02
1.394341589349300421e-02
1.380707764981768670e-02
1.367614755799221107e-02
1.354831301173038162e-02
1.342474008535468263e-02
1.330482103869069441e-02
1.318841110118611215e-02
1.307594475342007886e-02
1.296625182667247855e-02
1.285939736900339019e-02
1.275555299514226880e-02
1.265450080838153614e-02
1.255539635962047568e-02
1.245961397392768288e-02
1.236590964564510293e-02
1.227497547757992573e-02
1.218494538538456885e-02
1.209846041413605196e-02
1.201492428531654791e-02
1.193330366385444812e-02
1.185407836628798138e-02
1.177698439020924068e-02
1.170266844799453324e-02
1.163004684389119803e-02
1.155956918751822882e-02
1.149149942774403514e-02
1.142425990242233562e-02
1.135841100380057499e-02
1.129547959578119584e-02
1.123467758354265711e-02
1.117557228280716998e-02
1.111798995398873696e-02
1.106088015140880253e-02
1.100567881035810318e-02
1.095318131909515415e-02
1.090025794361114755e-02
1.085062020252336966e-02
1.080263208506066115e-02
1.075595746124914133e-02
1.071073078714647117e-02
1.066671179292828613e-02
1.062396953753229865e-02
1.058244744163212500e-02
1.054188899810144624e-02
1.050267832955215086e-02
1.046464657814124774e-02
1.042759362566922365e-02
1.039184536331582212e-02
1.035667710577148695e-02
1.032267572202500219e-02
1.028835110237586933e-02
1.025613203563329780e-02
1.022494964349707734e-02
1.019441955925792266e-02
1.016377599321788457e-02
1.013471578513880540e-02
1.010572507258823867e-02
1.007828923271545350e-02
1.005184973352823107e-02
1.002608643596264275e-02
1.000080246802648523e-02
9.973223903371646396e-03
9.949264612805428995e-03
9.925937517000072222e-03
9.903025817147746365e-03
9.880741556845833509e-03
9.854761440142162376e-03
9.833586995365187905e-03
9.812797090072704342e-03
9.792716145331021443e-03
9.773056638249750377e-03
9.753874640348306549e-03
9.735405406374854700e-03
9.717589692090125228e-03
9.700092663412344593e-03
9.683004307672481506e-03
9.666333471735932478e-03
9.650099704625467872e-03
9.633496768435684948e-03
9.617523710983301097e-03
9.602050108706837797e-03
9.586980726557383856e-03
9.572189928697256295e-03
9.557623947155754335e-03
9.543140449319616539e-03
9.529031041067578464e-03
9.515200764818225812e-03
9.462720122234893200e-03
9.448009673890147078e-03
9.434722722019435112e-03
9.421644221375608669e-03
9.408751208015242104e-03
9.394546590325429311e-03
9.381943008816666374e-03
9.369704948936439376e-03
9.357484935411128010e-03
9.345449123269129743e-03
9.333544720853195753e-03
9.321953904122375067e-03
9.310503185581228691e-03
9.299209206835794272e-03
9.288135662676420129e-03
9.276865295249707086e-03
9.265899629412667135e-03
9.254963840085603244e-03
9.244237871762185643e-03
9.233701702245657866e-03
9.223205018020767115e-03
9.212844809545131866e-03
9.202657318618847823e-03
9.192321784742567628e-03
9.182166881635572125e-03
9.171884561123300542e-03
9.161932519910306882e-03
9.152207830960651727e-03
9.142667778710235338e-03
9.133248538083957660e-03
9.123857186977474276e-03
9.114578282861995895e-03
9.105372851303004250e-03
9.096267816645648568e-03
9.087228627629447691e-03
9.078334387685583692e-03
9.069485454334079433e-03
9.060721039863411930e-03
9.052090963351421687e-03
9.043447638928185997e-03
9.034918638230537286e-03
9.026516878689085088e-03
9.018140087999323984e-03
9.009888605958327537e-03
9.001724467498748924e-03
8.992717126285148035e-03
8.984582012033733023e-03
8.976546587071686581e-03
8.968627197513559177e-03
8.960687430336893022e-03
8.952813944841682761e-03
8.945036132695208947e-03
8.937314686123801893e-03
8.929758633881746885e-03
8.922311634197391261e-03
8.915033176229948328e-03
8.907851185543635628e-03
8.900522734303461039e-03
8.893368061664845559e-03
8.886173666963348081e-03
8.879176446403158271e-03
8.872241723080121281e-03
8.865355013803968495e-03
8.858575373524720312e-03
8.851814934095009191e-03
8.845080038230706751e-03
8.837873001684783819e-03
8.831310725372382153e-03
8.824435705006235947e-03
8.818023850604237573e-03
8.811693491348917065e-03
8.805486882435436743e-03
8.799255626855025103e-03
8.793116136427045135e-03
8.787053601964626981e-03
8.781083404087742725e-03
8.775195418608649003e-03
8.769307347649355974e-03
8.763538885964846162e-03
8.757731444760956732e-03
8.751907003311258995e-03
8.746277900878047726e-03
8.740788068236816574e-03
8.735231417086307751e-03
8.729818361714651587e-03
8.724476185258523905e-03
8.718278482625530998e-03
8.713054739650097705e-03
8.707890189981659992e-03
8.702825281388741271e-03
8.697861824896471750e-03
8.692895050956779557e-03
8.687782785593397422e-03
8.682991288060524365e-03
8.678292659615912882e-03
8.673615375070654193e-03
8.669011317224428054e-03
8.664562401762923929e-03
8.660187362223287569e-03
8.655842205381699891e-03
8.651685122135942957e-03
8.647337114900897556e-03
8.643104787276170015e-03
8.639065799032430090e-03
8.635129905566458694e-03
8.631294560405218183e-03
8.627340828134631018e-03
8.623635685226751363e-03
8.620012348085227122e-03
8.616469070179235551e-03
8.612897152984775456e-03
8.609520698182861198e-03
8.606171372818865323e-03
8.602867070746400210e-03
8.599587362465981391e-03
8.596313053396217527e-03
8.593241690563807253e-03
8.590250695679106999e-03
8.587266600732950880e-03
8.584404438457884923e-03
8.580279408308636585e-03
8.577520240336835439e-03
8.574850524411092856e-03
8.572258992609079267e-03
8.569684739277166549e-03
8.567042979376040743e-03
8.564592013549907068e-03
8.562242597842138064e-03
8.559238101570712173e-03
8.556052096868563273e-03
8.553768678367814834e-03
8.551608075118595845e-03
8.549536673741666565e-03
8.547457706427804766e-03
8.545552759034511989e-03
8.543622651169030871e-03
8.541852604641637925e-03
8.540048396109351653e-03
8.538280675890469115e-03
8.536546226792304445e-03
8.534963971774733177e-03
8.533458333215285935e-03
8.531887639485941782e-03
8.530474247663439799e-03
8.529091750801680305e-03
8.527753801747382789e-03
8.526380189214317895e-03
8.525110564031049970e-03
8.523855140505966557e-03
8.522694234506612843e-03
8.521396737458554818e-03
8.520319351480402231e-03
8.519275602745679521e-03
8.518272771350135150e-03
8.517360016699962455e-03
8.516507240019625252e-03
8.515624607643098448e-03
8.514826529228566865e-03
8.513081548881003616e-03
8.512293208219745902e-03
8.511594034784264809e-03
8.510810353293814939e-03
8.510155851454663870e-03
8.509232742900224231e-03
8.508631135809418405e-03
8.508055385019355418e-03
8.507521240752938946e-03
8.506993458021970198e-03
8.506457816624670917e-03
8.505971415613142184e-03
8.505517578765194389e-03
8.504999881136482420e-03
8.504572991079567545e-03
8.504181733173812874e-03
8.503793942438364270e-03
8.503394467310208815e-03
8.503049226756197523e-03
8.502734519002892385e-03
8.502439516952601042e-03
8.502134923385652396e-03
8.501868130822166567e-03
8.501589823331719142e-03
8.501305828320260272e-03
8.501069950427967217e-03
8.500824250199089452e-03
8.500596456206823207e-03
8.500399101103343208e-03
8.500202267394042777e-03
8.500021119215793453e-03
8.499816060012632332e-03
8.499629686361306197e-03
8.499471853158089077e-03
8.499313454068232326e-03
8.499041154474987203e-03
8.498902689260639035e-03
8.498773935711087871e-03
8.498648451780601784e-03
8.498536198566065611e-03
8.498430579509084343e-03
8.498326619333132145e-03
8.498226237605249062e-03
8.498137503494174530e-03
8.498022964243763869e-03
8.497920904873668135e-03
8.497830435311310923e-03
8.497753714857255239e-03
8.497693815389378152e-03
8.497626137538748931e-03
8.497574500066107372e-03
8.496950369316332366e-03
8.496860889596906732e-03
8.496806937789414677e-03
8.496762313942845396e-03
8.496703886166006442e-03
8.496661684892424862e-03
8.496626240649599385e-03
8.496591369830053253e-03
8.496558809373748120e-03
8.496533910783924531e-03
8.496493602496366093e-03
8.496477235310684675e-03
8.496456403801987828e-03
8.496437491871173045e-03
8.496419071079966412e-03
8.496417279340131787e-03
8.496399279534798052e-03
8.496392102995735385e-03
8.496383213623042580e-03
8.496378387853434008e-03
8.496372707863342894e-03
8.496369740868654763e-03
8.496363594267397276e-03
8.496351211274425982e-03
8.496348714339690619e-03
8.496347995661745339e-03
8.496344705950157131e-03
8.496341116555916964e-03
8.496339075561633661e-03
8.496337230380948333e-03
8.496335057106235364e-03
8.496315037684701657e-03
8.496307011899772652e-03
8.496299468264356669e-03
8.496294071314228549e-03
8.496288359008829019e-03
8.496282500146886546e-03
8.496268724198740435e-03
8.496267573357993083e-03
8.496258501747101788e-03
8.496244733205883179e-03
8.496237406246118576e-03
8.496215157858708414e-03
8.496213366092257926e-03
8.496207481383400567e-03
8.496201273930886755e-03
8.496185569230743986e-03
8.496168209754132589e-03
8.496152931528831373e-03
8.496141066714989892e-03
8.496134676363358354e-03
8.496124399351382556e-03
8.496108317929382953e-03
8.496097966790289516e-03
8.496082577074140496e-03
8.496082102031374955e-03
8.496075963023696012e-03
8.496059873289794895e-03
8.496033126834851706e-03
8.496019940003561588e-03
8.495987375783789486e-03
8.495936911183839257e-03
8.495816635580355491e-03
8.495698277131032844e-03
8.495702943587894393e-03
8.495187437980946180e-03
8.494996189986338611e-03
8.495263969143415986e-03
8.495735474736925905e-03
8.497304701691774792e-03
8.498581749661183668e-03
8.504842022315748512e-03
8.513191644529844240e-03
8.520212896177494291e-03
8.545573683657523706e-03
8.579438846515257192e-03
8.616053012788643661e-03
8.692229794214849370e-03
8.786078319512684656e-03
8.902213267911962546e-03
8.908906323319623968e-03
9.025642399229257679e-03
9.273954435154047396e-03
9.651952562865813087e-03
1.009926171685272302e-02
1.045658529882866929e-02
1.097780271453192152e-02
1.173572010244757109e-02
1.252911575221874255e-02
1.356821384269086411e-02
1.471511703088207272e-02
1.627929124078846337e-02
1.845812519853184952e-02
2.094096665928739734e-02
2.276014206732408091e-02
2.589151615191918540e-02
2.954743273091415753e-02
