1.433660503972782330e+00
1.434486886464427791e+00
1.436143232778890999e+00
1.438636678281195014e+00
1.441977856161305027e+00
1.446180809193700068e+00
1.451262865051920370e+00
1.457244469776830753e+00
1.464148973394695519e+00
1.472002361524681779e+00
1.480832927144137168e+00
1.490670877509227887e+00
1.501547872546970641e+00
1.513496492805209481e+00
1.526549637206259691e+00
1.540739853310211904e+00
1.556098605447499006e+00
1.572655488802923607e+00
1.590437400191113015e+00
1.609467678719942674e+00
1.629765231663121261e+00
1.651343662539502821e+00
1.674210419530673510e+00
1.698365982895339243e+00
1.723803109928090382e+00
1.750506155267347319e+00
1.778450483023363171e+00
1.807601985345232753e+00
1.837916719772814567e+00
1.869340675138858154e+00
1.901809673017426539e+00
1.935249408872249388e+00
1.969575634245244844e+00
2.004694478623977094e+00
2.040502907095910867e+00
2.076889307570849219e+00
2.113734199240776768e+00
2.150911052039828242e+00
2.188287205144516356e+00
2.225724870989886917e+00
2.263082209848689796e+00
2.300214458717911636e+00
2.336975097088918929e+00
2.373217031175546943e+00
2.408793777395246583e+00
2.443560625420198473e+00
2.477375761033123069e+00
2.510101329438211959e+00
2.541604420687859189e+00
2.571757960568635593e+00
2.600441492689645528e+00
2.627541840632422243e+00
2.652953642797486022e+00
2.676579756902765173e+00
2.698331535777644508e+00
2.718128980926598270e+00
2.735900785041565975e+00
2.751584278936503924e+00
2.765125301975739802e+00
2.776478017711188517e+00
2.785604697921295614e+00
2.792475498415426305e+00
2.797068248773230348e+00
2.799368275664032346e+00
