1.429905072246752809e-05
4.491751023702369159e-04
9.034517525031623151e-04
1.311335667128104123e-03
1.758020778723359779e-03
2.189522813243278011e-03
2.623555360609085632e-03
3.063492437948636248e-03
3.517769088081564195e-03
3.971202233932520989e-03
4.434757431167041415e-03
4.892408098427818847e-03
5.350058765688593676e-03
5.800117894411698817e-03
6.267047108774070896e-03
6.728915297444666363e-03
7.198375024652927182e-03
7.642529623402298869e-03
8.097649777817191030e-03
8.576388052127056905e-03
9.038256240797657576e-03
9.522055540799300929e-03
9.978019199496156871e-03
1.043566986675694211e-02
1.089922506399146687e-02
1.136699778263580880e-02
1.180693485997536332e-02
1.227555108290166730e-02
1.274332380154601096e-02
1.321447053731821149e-02
1.370501787157556162e-02
1.414158093178725581e-02
1.459248356479233601e-02
1.505435175346293494e-02
1.551706344641549419e-02
1.598061864365002416e-02
1.642646025096331647e-02
1.690941604668300124e-02
1.737971927817323625e-02
1.786014456104702969e-02
1.831695172402584768e-02
1.879231598120786190e-02
1.925249716131452807e-02
1.973207893990635425e-02
2.020828670137032879e-02
2.066846788147699149e-02
2.113624060012133168e-02
2.160401331876566147e-02
2.209709116586890121e-02
2.256992491020502062e-02
2.303263660315758507e-02
2.350968786890351991e-02
2.397071255329214987e-02
2.442161518629722486e-02
2.490963200770867844e-02
2.537740472635301864e-02
2.583252488076790906e-02
2.629945409513029242e-02
2.678409689941389435e-02
2.726873970369750669e-02
2.772132934526650924e-02
2.818657155106496157e-02
2.864000469691590361e-02
2.913392604830114183e-02
2.961266432261099035e-02
3.010827268256008327e-02
3.058110642689626860e-02
3.106321871833392714e-02
3.155798357400112913e-02
3.202406928408152442e-02
3.249015499416191971e-02
3.293515309719329681e-02
3.340883034581133837e-02
3.385804597025249274e-02
3.435196732163775524e-02
3.485938474153432026e-02
3.534740156294578078e-02
3.582192231584588327e-02
3.630825212869336766e-02
3.679795595866876962e-02
3.726404166874923429e-02
3.774193643877710169e-02
3.822573573877874331e-02
3.870278700452473714e-02
3.920851741585740929e-02
3.969231671585903704e-02
4.016261994734929980e-02
4.064979326447883817e-02
4.112768803450668476e-02
4.162582690730174534e-02
4.212649629294268339e-02
4.263475721712121913e-02
4.311771301284089697e-02
4.358801624433116667e-02
4.405157144156571919e-02
4.452609219446573147e-02
4.502760508438862636e-02
4.551477840151815085e-02
4.600869975290333008e-02
4.652117819849173330e-02
4.698051587431650161e-02
4.743985355014120053e-02
4.794305344862796747e-02
4.840998266299032654e-02
4.888787743301826333e-02
4.936998972445600514e-02
4.987825064863457558e-02
5.036711097432797213e-02
5.086187582999517759e-02
5.134567512999684002e-02
5.182356990002475600e-02
5.227025501161997739e-02
5.275152379877572767e-02
5.322604455167580934e-02
5.368116470609069629e-02
5.417677306603978921e-02
5.463273672473663994e-02
5.512075354614813516e-02
5.560033532473996482e-02
5.606557753053841020e-02
5.651901067638930021e-02
5.698678339503367857e-02
5.743009448950122525e-02
5.789449319101763053e-02
5.833949129404891049e-02
5.883088213258828164e-02
5.930118536407864155e-02
5.976474056131305529e-02
6.022998276711147986e-02
6.068763343437228591e-02
6.115118863160690782e-02
6.163920545301832671e-02
6.205974193187269866e-02
6.254860225756603276e-02
6.299697437772530662e-02
6.345462504498620981e-02
6.391564972937473221e-02
6.436992637950765539e-02
6.486890875658461730e-02
6.531306335533411389e-02
6.576818350974893146e-02
6.619968554426884644e-02
6.667420629716877545e-02
6.714197901581320238e-02
6.761396925586744822e-02
6.808595949592147201e-02
6.853517512036262638e-02
6.900632185613479741e-02
6.945975500198584007e-02
6.994018028485970984e-02
7.042566659342522351e-02
7.088078674784005495e-02
7.133759391081884171e-02
7.183741979217789231e-02
7.234146319494673405e-02
7.282694950351219221e-02
7.331412282064166119e-02
7.381310519771862311e-02
7.428762595061876028e-02
7.476720772921066627e-02
7.526450309772363123e-02
7.575589393626290524e-02
7.624728477480215150e-02
7.673530159621368141e-02
7.723512747757277364e-02
7.772145729042026496e-02
7.822043966749724075e-02
7.871520452316431438e-02
7.918382074609063570e-02
7.969292517455126013e-02
8.019949909016599321e-02
8.069848146724285798e-02
8.117468922870679782e-02
8.162643536599376026e-02
8.213385278589044325e-02
8.259403396599721003e-02
8.311832147153311312e-02
8.359284222443306989e-02
8.405217990025770636e-02
8.453429219169536490e-02
8.502568303023474994e-02
8.548586421034151672e-02
8.595448043326782417e-02
8.642562716903987030e-02
8.688580834914655382e-02
8.736960764914811217e-02
8.786099848768751108e-02
8.834817180481706334e-02
8.882437956628107256e-02
8.934191903756114050e-02
8.983668389322828352e-02
9.034325780884293333e-02
9.081609155317911519e-02
9.132182196451187062e-02
9.179887323025785750e-02
9.230207312874452730e-02
9.279177695871992926e-02
9.328232429297725337e-02
9.376528008869698672e-02
9.426341896149206812e-02
9.483241219397195443e-02
9.530608944259004456e-02
9.580422831538505657e-02
9.632514180379309066e-02
9.685111631789293518e-02
9.733744613074050978e-02
9.779340978943734664e-02
9.826118250808171806e-02
9.871545915821464123e-02
9.920094546678022429e-02
9.972017194662437245e-02
1.002090322723178245e-01
1.006877705466275863e-01
1.011918139493964280e-01
1.016469341038112872e-01
1.021265158824031100e-01
1.026330897980178292e-01
1.031607513206815180e-01
1.036200889965062377e-01
1.041232888949930185e-01
1.046602289647583506e-01
1.051372802305043375e-01
1.056328885904534581e-01
1.060972872919698773e-01
1.065912086433551814e-01
1.071416447816318507e-01
1.076591842529120574e-01
1.081126173987631139e-01
1.086461834514005353e-01
1.091342002728120375e-01
1.096104080342760190e-01
1.100638411801269784e-01
1.105855981728170595e-01
1.111461563624773219e-01
1.116932184836262609e-01
1.121947313735491697e-01
1.127333584518784709e-01
1.132905426244109337e-01
1.137794029501045107e-01
1.143053774642040915e-01
1.148634051410184209e-01
1.153640745266593104e-01
1.158647439123003664e-01
1.163873444092723003e-01
1.168913878120410171e-01
1.174038662576293995e-01
1.179079096603980192e-01
1.184060485331931006e-01
1.189286490301652705e-01
1.194681196127763412e-01
1.199316748100109770e-01
1.204281266742418810e-01
1.209330135812924506e-01
1.214066908299105685e-01
1.219073602155515412e-01
1.224367087467790882e-01
1.229331606110103253e-01
1.234608221336739448e-01
1.239631785278786230e-01
1.244672219306474786e-01
1.249889789233373516e-01
1.254761522404668206e-01
1.260324929087173751e-01
1.265373798157680696e-01
1.270827549283529978e-01
1.275960768782235244e-01
1.281625395978572279e-01
1.286783920605736042e-01
1.292102711046470842e-01
1.297531157043863292e-01
1.302192014144666621e-01
1.307401149028748211e-01
1.312559673655908921e-01
1.317853158968186333e-01
1.322294704955679356e-01
1.327208613341074872e-01
1.331844165313419148e-01
1.337087040368776514e-01
1.341798507726498779e-01
1.347260693895168115e-01
1.351828765524956399e-01
1.356902939723922952e-01
1.361926503665971955e-01
1.366587360766775283e-01
1.371669970008560224e-01
1.376583878393953519e-01
1.381430306436789990e-01
1.386200819094248471e-01
1.390633930038923383e-01
1.395311657225367374e-01
1.400428006638429757e-01
1.405055123567957309e-01
1.410306433666133341e-01
1.415397477950740279e-01
1.420007724794625503e-01
1.424989113522577566e-01
1.430442864648426016e-01
1.435171202091785614e-01
1.440262246376391719e-01
1.444931538520015379e-01
1.450039452890261593e-01
1.454843705718999458e-01
1.459858834618229795e-01
1.464755872917981872e-01
1.469163678734196343e-01
1.474246287975982395e-01
1.479489163031341703e-01
1.484858563728995995e-01
1.489637511429275363e-01
1.494627335200044982e-01
1.499549678628256943e-01
1.504699768212599820e-01
1.509470280870058856e-01
1.514316708912895604e-01
1.519601759182351852e-01
1.524878374408989989e-01
1.529741672537464903e-01
1.535161683492033691e-01
1.540488908975589655e-01
1.545453427617901332e-01
1.550780653101457018e-01
1.555390899945342520e-01
1.560093932260245564e-01
1.565522378257633851e-01
1.570267585786636055e-01
1.574970618101538267e-01
1.579909831615390337e-01
1.585009310942815108e-01
1.589374941544932363e-01
1.594314155058784155e-01
1.599177453187258513e-01
1.604217887214947624e-01
1.608625693031161263e-01
1.613446815945539237e-01
1.618014887575327798e-01
1.622911925875082373e-01
1.627952359902770096e-01
1.632689132388950026e-01
1.638126013429158923e-01
1.643014616686093443e-01
1.648299666955549969e-01
1.653356971068877246e-01
1.657823822184830154e-01
1.662771470741503943e-01
1.667643203912797245e-01
1.672928254182252383e-01
1.678044603595316986e-01
1.683085037623004432e-01
1.688091731479414437e-01
1.692811633879953703e-01
1.697725542265347276e-01
1.702546665179723584e-01
1.707595534250229696e-01
1.712922759733787603e-01
1.717651097177147201e-01
1.722927712403783951e-01
1.728465813957828778e-01
1.733615903542171932e-01
1.739052784582381939e-01
1.744194439123903928e-01
1.749606015035655993e-01
1.755422473002750394e-01
1.760808743786044794e-01
1.766658941924416359e-01
1.772812801604295996e-01
1.778215942473226063e-01
1.784099880782879233e-01
1.790211565248660541e-01
1.796112373643951043e-01
1.802055357253337653e-01
1.807973035734267986e-01
1.814253421056441218e-01
1.820002398680981015e-01
1.826021297675745336e-01
1.832318553083559509e-01
1.838168751221929964e-01
1.844457571586922973e-01
1.850451165453228519e-01
1.856807466160780296e-01
1.862817930112725118e-01
1.869013965006702249e-01
1.875226869986317546e-01
1.881414469837476566e-01
1.887585199602994090e-01
1.893890890053628318e-01
1.900188145461440825e-01
1.906721582068205967e-01
1.913187538332409843e-01
1.919451053568944632e-01
1.926085710689541819e-01
1.932374531054533995e-01
1.938941707832575467e-01
1.945534189739077380e-01
1.951882055403808547e-01
1.958567322781324116e-01
1.965176674773463361e-01
1.971600455823568632e-01
1.978117022344692555e-01
1.984861335021947115e-01
1.991681563084577167e-01
1.998139084305964597e-01
2.004866526897578771e-01
2.011745800259946704e-01
2.018372022337725502e-01
2.024930764072947753e-01
2.031725687007118475e-01
2.038368779170536271e-01
2.045214312361622877e-01
2.052110455809630085e-01
2.059166865071212216e-01
2.066079878604858422e-01
2.073026632309782624e-01
2.079779380029856128e-01
2.086886399548351922e-01
2.093892198553013728e-01
2.100805212086659934e-01
2.107819446134142627e-01
2.114842115224445651e-01
2.121999744999858439e-01
2.128963368790422750e-01
2.136087258394560595e-01
2.143076187313583680e-01
2.150115726489523482e-01
2.157121525494185843e-01
2.164262285183961576e-01
2.171318694445542041e-01
2.178476324220957883e-01
2.185692999296109384e-01
2.192985589756639708e-01
2.200227569960250817e-01
2.207393634778486990e-01
2.214644050024920097e-01
2.221852290057252655e-01
2.229111140346504150e-01
2.236454341063950635e-01
2.243890327252413552e-01
2.251022651899371174e-01
2.258526118430392859e-01
2.265793403762460800e-01
2.273271565165025376e-01
2.280648506053749303e-01
2.288008576856836729e-01
2.295528913473493249e-01
2.303099860347074535e-01
2.310384015764786469e-01
2.317727216482232122e-01
2.325247553098891418e-01
2.332666669201715615e-01
2.340170135732741463e-01
2.347622992006838660e-01
2.354991497852744475e-01
2.362360003698648347e-01
2.369888775358131028e-01
2.377383806846332936e-01
2.384887273377351569e-01
2.392297954437355156e-01
2.399649590197621696e-01
2.407254277242479590e-01
2.414648088216844735e-01
2.422193729961965858e-01
2.429427275122752750e-01
2.436686125412008408e-01
2.444231767157128699e-01
2.451659318302770174e-01
2.459120609619692976e-01
2.466489115465602677e-01
2.473899796525605987e-01
2.481352652799709013e-01
2.488788638988172763e-01
2.496123404662798362e-01
2.503559390851267663e-01
2.510986941996909416e-01
2.518465103399470384e-01
2.525690213517441940e-01
2.533235855262562786e-01
2.540646536322569982e-01
2.548183743024869941e-01
2.555501638613859594e-01
2.562996670102058450e-01
2.570466396461805192e-01
2.577809597179248069e-01
2.584958791911844411e-01
2.592242947329551628e-01
2.599636758303920936e-01
2.606752212865239837e-01
2.613833927255279632e-01
2.620468584375875709e-01
2.627196026967487108e-01
2.633594502889138877e-01
2.639866453168493443e-01
2.646256494047320440e-01
2.652241652870805377e-01
2.658387077507867735e-01
2.664473456845187771e-01
2.670576706268155687e-01
2.676553430048823068e-01
2.682471108529748127e-01
2.688945499836772890e-01
2.694702912504129411e-01
2.700460325171484266e-01
2.706614590072076165e-01
