4.986489411858580634e-01
4.517244354359149505e-01
4.349979052266538804e-01
4.214472240227884470e-01
4.119415125667150179e-01
4.032951591805059577e-01
3.949393209813326644e-01
3.873109914074359117e-01
3.801567049004043186e-01
3.734599497121979250e-01
3.670393060338044133e-01
3.605363983556060248e-01
3.546713858289652355e-01
3.489957010878007582e-01
3.435588419141795691e-01
3.383128787139307314e-01
3.332973534792400550e-01
3.284601291434807169e-01
3.237979063702349225e-01
3.193095840494284410e-01
3.148186983609171929e-01
3.106229045247905218e-01
3.065723314296711632e-01
3.026339799604943481e-01
2.988070949276772637e-01
2.948437167055947272e-01
2.912048012599881552e-01
2.876615998557703890e-01
2.841871891510974746e-01
2.808044035429440033e-01
2.774994769710377729e-01
2.738555738443804177e-01
2.706856663716016853e-01
2.675375981344164655e-01
2.645107161111254213e-01
2.615478015084225505e-01
2.586410943375653804e-01
2.557945270602580146e-01
2.530074288815164496e-01
2.502681144592384110e-01
2.475798419681825568e-01
2.449413011462386880e-01
2.423581596772738100e-01
2.398242866376525673e-01
2.373220343408985189e-01
2.348770606652192394e-01
2.323002099958256794e-01
2.299257625386302573e-01
2.275871469604462405e-01
2.252903961482363160e-01
2.230423819516612061e-01
2.208372181624712050e-01
2.186694982176950464e-01
2.165378136162780520e-01
2.144402327070788483e-01
2.123798456938896517e-01
2.103531414347195039e-01
2.083621162397654158e-01
2.064035671042778741e-01
2.044728620034284294e-01
2.025705071360237308e-01
2.007024921910776638e-01
1.987131732631032544e-01
1.969076091028954811e-01
1.951320392275684434e-01
1.933805280067213139e-01
1.916514108265049976e-01
1.899443232971881612e-01
1.882736005544279057e-01
1.866236464626112035e-01
1.849935994491730962e-01
1.833895060991058701e-01
1.818095750107643627e-01
1.802551186038603981e-01
1.787249353571159771e-01
1.772042601314827992e-01
1.757132475056114307e-01
1.742348345134692167e-01
1.727821943740302513e-01
1.713489048579313889e-01
1.699362934122884972e-01
1.685439070769388925e-01
1.671694315255616570e-01
1.658190393711637955e-01
1.644868035720646049e-01
1.631722268240772822e-01
1.618738206202078034e-01
1.605918003434738672e-01
1.593242644999609270e-01
1.580765145415137796e-01
1.568443947986591924e-01
1.556231743271625778e-01
1.544206815661854915e-01
1.532357347873359865e-01
1.520657600414452026e-01
1.509099392824586328e-01
1.497666748286486660e-01
1.486367486876382649e-01
1.475210057345670012e-01
1.464198076733312925e-01
1.453322046233706810e-01
1.442593358783043900e-01
1.431974854469918734e-01
1.421494855807158009e-01
1.411144889236894684e-01
1.400935070415587624e-01
1.390847869182838814e-01
1.380896870396482734e-01
1.371068378173989633e-01
1.361359887647908828e-01
1.351765382342241528e-01
1.342290147847087778e-01
1.332932573327999803e-01
1.323685248692952343e-01
1.314497784461076124e-01
1.305368993776343800e-01
1.296422009694437050e-01
1.287556933349212895e-01
1.278800981735312148e-01
1.270166215999583292e-01
1.261628604670757547e-01
1.253183918456418910e-01
1.244837197440997745e-01
1.236587766787453357e-01
1.228378169567047457e-01
1.220259226557193905e-01
1.212282097969164668e-01
1.204401478981825535e-01
1.196607941671018333e-01
1.188890988879350574e-01
1.181253961786518369e-01
1.173709979678566606e-01
1.166254535434878142e-01
1.158871742099261554e-01
1.151571996149801935e-01
1.144351410163586547e-01
1.137216947178295023e-01
1.130159701695832575e-01
1.123166010737269432e-01
1.116257023425841904e-01
1.109428547544620974e-01
1.102677297977747856e-01
1.095984701814694817e-01
1.089367137963857951e-01
1.082818102645719122e-01
1.076339003620012391e-01
1.069936951054948071e-01
1.063590408859449998e-01
1.057313639054927173e-01
1.051109452069781264e-01
1.044962144621126993e-01
1.038882410501358738e-01
1.032863442987432406e-01
1.026883696526176837e-01
1.020800917990378476e-01
1.014720657110453755e-01
1.008928791996562407e-01
1.003042018401633650e-01
9.973767576672068480e-02
9.917741579703247268e-02
9.862277222822249390e-02
9.807456058284852451e-02
9.753215366498296790e-02
9.699395857853132519e-02
9.646115337190301620e-02
9.593341816810636857e-02
9.541194595228068287e-02
9.489593501102175366e-02
9.438571908058968063e-02
9.388146033042993333e-02
9.338308409155363088e-02
9.289021472163451476e-02
9.240285595563446641e-02
9.192092600339495101e-02
9.144418313529145692e-02
9.097290340995996261e-02
9.050460767842344323e-02
9.004280749745217916e-02
8.958589658869337002e-02
8.913412669595965898e-02
8.868745474687715624e-02
8.824609965506151343e-02
8.780898822281607563e-02
8.737692054287497789e-02
8.694965099046471357e-02
8.652346817538755785e-02
8.610424534223126702e-02
8.568880842130147113e-02
8.527834642852713531e-02
8.487259080114002707e-02
8.447089507914862239e-02
8.407375025035775107e-02
8.368109973702506088e-02
8.329266388842228308e-02
8.290796359167229568e-02
8.249924809097020084e-02
8.212149795637881111e-02
8.174812177513988976e-02
8.137887495976434127e-02
8.101351385433913643e-02
8.058489805333143852e-02
8.022499199149862870e-02
7.986992006096486907e-02
7.951886400888161233e-02
7.917130663022486914e-02
7.882724320988310218e-02
7.848736367431380367e-02
7.815194395921977455e-02
7.781670146818496503e-02
7.748792557147771154e-02
7.716259414017744012e-02
7.684142765580868895e-02
7.652369345983053850e-02
7.620928687572545157e-02
7.589824917571408314e-02
7.559072936405553111e-02
7.528358245094468604e-02
7.498084762143332471e-02
7.468231191176209760e-02
7.438719825063296043e-02
7.409405932812822282e-02
7.380468785649323127e-02
7.351921586745759074e-02
7.323692185890499917e-02
7.295794891692264361e-02
7.268071705944852134e-02
7.240781681681053572e-02
7.213820325442722725e-02
7.187156801942325146e-02
7.160777671485846207e-02
7.134690889851338924e-02
7.108853026094125171e-02
7.083216653999160894e-02
7.056418938134974284e-02
7.031407801023760451e-02
7.006641065318330863e-02
6.982185873543458876e-02
6.957958947774371683e-02
6.934042979960400310e-02
6.910434060911133103e-02
6.887096018314955992e-02
6.864008803200299935e-02
6.841199851521061193e-02
6.817748660789560433e-02
6.795338841954877418e-02
6.773194753499131582e-02
6.751246487157250287e-02
6.729580615310554181e-02
6.708023362543977242e-02
6.686807821694677745e-02
6.665826604828589685e-02
6.645050927343915115e-02
6.624517913247139622e-02
6.604227251723207570e-02
6.584169671578966876e-02
6.564325359415233707e-02
6.544701310476262746e-02
6.525328218596868068e-02
6.506198053656390978e-02
6.487285190401510804e-02
6.468592941797662865e-02
6.450166665122412935e-02
6.431933967224121029e-02
6.413973789254469315e-02
6.396250551461572786e-02
6.378742800270556512e-02
6.361402949179439936e-02
6.344303181518251566e-02
6.327408625986155610e-02
6.310712634275465749e-02
6.294229791136571328e-02
6.277964744835078104e-02
6.261880825356663793e-02
6.246003843849788628e-02
6.230322752273666914e-02
6.214805017889093314e-02
6.199433528623529699e-02
6.184230214088740074e-02
6.169229608867220910e-02
6.154351816333111097e-02
6.139692899700779222e-02
6.125225048407741124e-02
6.110780564070331100e-02
6.096626623845217974e-02
6.082613771556722587e-02
6.068809658654400474e-02
6.055086866361635706e-02
6.041554767159166422e-02
6.028178130019123254e-02
6.014853615842681578e-02
6.001691685739617838e-02
5.988747644952231719e-02
5.975937333245022465e-02
5.950819211728243519e-02
5.938280130881051777e-02
5.925897255771873928e-02
5.913649068328866165e-02
5.901541896698517947e-02
5.889589721895786140e-02
5.877797086669064863e-02
5.866158497932309757e-02
5.854658966086467853e-02
5.843281647739759915e-02
5.831924214062304129e-02
5.820793468695414918e-02
5.809805903472806815e-02
5.798869423853227068e-02
5.787711305169154080e-02
5.777086512658968775e-02
5.766526963919284959e-02
5.756032836971611971e-02
5.745781413803681403e-02
5.735660983384636979e-02
5.725658662737770355e-02
5.715797559098607233e-02
5.706048754843397186e-02
5.696436514928405331e-02
5.686956159708920350e-02
5.677615243723293376e-02
5.668356307971385982e-02
5.659206029015059758e-02
5.650186567623019518e-02
5.641268454739496035e-02
5.632394573236474550e-02
5.623657385251975421e-02
5.615044635513320032e-02
5.606519705269235460e-02
5.598109293561379790e-02
5.589796413184179580e-02
5.581577150311702734e-02
5.573473557335437839e-02
5.565461959622343413e-02
5.557557284323352831e-02
5.549763160830639003e-02
5.542076540731484535e-02
5.534505311535121291e-02
5.527070723864718066e-02
5.519750873340977665e-02
5.512448921321961431e-02
5.505318340480289119e-02
5.498272022181169977e-02
5.491351379965226515e-02
5.484521778524698021e-02
5.477783832057415286e-02
5.471150798047430541e-02
5.464615096230268643e-02
5.458164395090108617e-02
5.451809029290458075e-02
5.445552371321589480e-02
5.438334133165025064e-02
5.432286322051576438e-02
5.426326584982635315e-02
5.420482125479303415e-02
5.414697569773845726e-02
5.409037936895644966e-02
5.403492615605336863e-02
5.398040149632194612e-02
5.392685620548021141e-02
5.387417930453995002e-02
5.382282767787006927e-02
5.377258924052161215e-02
5.372313114589388761e-02
5.367494172196368707e-02
5.362775706798632303e-02
5.357731588861450178e-02
5.353198637509917757e-02
5.348809893907727903e-02
5.344541794406443280e-02
5.340392699679780836e-02
5.336361804321188007e-02
5.332460491825084803e-02
5.328667511955901409e-02
5.324996736691662430e-02
5.321469076513205693e-02
5.318058114349062671e-02
5.314711961759067960e-02
5.311514253099215016e-02
5.308453577760139513e-02
5.305496034333109789e-02
5.302663585759642695e-02
5.299931608570868785e-02
5.297130472364964399e-02
5.294527752338661769e-02
5.292048068949705558e-02
5.289679208741197847e-02
5.287396761342728208e-02
5.285038302795731779e-02
5.282911914833559458e-02
5.280878331622178984e-02
5.278898915724517665e-02
5.276990115344457749e-02
5.275155364041490824e-02
5.273390045746307458e-02
5.271716386522688758e-02
5.270126450146287583e-02
5.268608010753194487e-02
5.267143655422443921e-02
5.265741005654792084e-02
5.264391209573972968e-02
5.263090495625417226e-02
5.261838912150005459e-02
5.260649368354589073e-02
5.259516047548572215e-02
5.258433804954613239e-02
5.257379568008069964e-02
5.256368638571447954e-02
5.255362381434369040e-02
5.254427078768721115e-02
5.253507651683505392e-02
5.252635486484118904e-02
5.251813439718725635e-02
5.251021495260890792e-02
5.250261080457404445e-02
5.249510265985816992e-02
5.248792129360412007e-02
5.248104252447367141e-02
5.247398289316577980e-02
5.246736770098826830e-02
5.246109078665083664e-02
5.245481566672257484e-02
5.244890997740292438e-02
5.244320420453864318e-02
5.243737487841919342e-02
5.243193060600210426e-02
5.242656307484813011e-02
5.242126130638525422e-02
5.241616163162064745e-02
5.241122711018744718e-02
5.240638991352103426e-02
5.240168999386985577e-02
5.239709012904989610e-02
5.239262961824948245e-02
5.238828039232840822e-02
5.238278185300098561e-02
5.237851137423096132e-02
5.237431857997835311e-02
5.237019254386529599e-02
5.236624118423868768e-02
5.236223822842106523e-02
5.235832647781209909e-02
5.235454231161215666e-02
5.234967214721991668e-02
5.234601711735127616e-02
5.234246480606046664e-02
5.233889210196464997e-02
5.233545544144800610e-02
5.233211936549030108e-02
5.232867143836604507e-02
5.232532797088077642e-02
5.232209191917619462e-02
5.231894267005436638e-02
5.231481212955156612e-02
5.231170691264996203e-02
5.230875302765517626e-02
5.230586785271343353e-02
5.230305856579898355e-02
5.230011464015702632e-02
5.229734127537998684e-02
5.229465463661397973e-02
5.229208532725229674e-02
5.228120257574324359e-02
5.227854969068128355e-02
5.227606715236954305e-02
5.227362396210974427e-02
5.227128482878110050e-02
5.226896081908940367e-02
5.226677987444434265e-02
5.226456598383413810e-02
5.226224282025346279e-02
5.226017793288006280e-02
5.225818185494236767e-02
5.225622040845101512e-02
5.225431869184914146e-02
5.224944895804262829e-02
5.224766395241375178e-02
5.224598609071390287e-02
5.224444428804252832e-02
5.224285669301427515e-02
5.224137010554537330e-02
5.223989682447333083e-02
5.223868500107108070e-02
5.223675456732618932e-02
5.223569326164117371e-02
5.223537428702215712e-02
5.223568441184876787e-02
5.223585062082961722e-02
5.221280609876861184e-02
5.224764136483989185e-02
5.229605837784705863e-02
5.242286964416054823e-02
5.257365310675268105e-02
5.285435715101814702e-02
5.309094644771254756e-02
5.340969366922496131e-02
5.379324612431388847e-02
5.469065915393575561e-02
5.548113820749916297e-02
5.665299190275022850e-02
5.826392689752197401e-02
6.089109058110014905e-02
6.379834988373396520e-02
