5.718842904074128430e-01
5.721108518610937832e-01
5.725650624531674060e-01
5.732490421411081671e-01
5.741658351924806558e-01
5.753192552859396347e-01
5.767136918261047684e-01
5.783538878305621855e-01
5.802447015189335922e-01
5.823908649647336899e-01
5.847967537687576156e-01
5.874661816061037545e-01
5.904022326445496072e-01
5.936071432238863022e-01
5.970822418610846061e-01
6.008279536860213765e-01
6.048438719422966070e-01
6.091288953682295615e-01
6.136814262925425201e-01
6.184996203409829363e-01
6.235816749595154418e-01
6.289261407130958270e-01
6.345322366958279225e-01
6.404001495408037092e-01
6.465312945738049821e-01
6.529285177059438450e-01
6.595962177709150387e-01
6.665403712068150854e-01
6.737684442488418579e-01
6.812891820768065543e-01
6.891122695383086194e-01
6.972478639683516999e-01
7.057060070108802652e-01
7.144959289101915356e-01
7.236252651216714682e-01
7.330992108949159203e-01
7.429196443058955213e-01
7.530842516886639970e-01
7.635856912428371501e-01
7.744108305841286288e-01
7.855400921151735050e-01
7.969469364269921030e-01
8.085975087484295054e-01
8.204504671108030500e-01
8.324570038331134958e-01
8.445610646316843440e-01
8.566997625635960345e-01
8.688039775056513037e-01
8.807991262309332603e-01
8.926060835477913624e-01
9.041422314770006796e-01
9.153226110395643600e-01
9.260611498195706615e-01
9.362719379242335771e-01
9.458705251389082358e-01
9.547752128255021509e-01
9.629083153089210700e-01
9.701973670336163647e-01
9.765762535692221746e-01
9.819862465417614761e-01
9.863769247245517402e-01
9.897069658117182422e-01
9.919447957977287622e-01
9.930690853807413454e-01
