1.514704919121898536e-05
5.192965023229580059e-04
1.008010031435506697e-03
1.514732138570444153e-03
2.016308937698985376e-03
2.517885736827527900e-03
3.006599265940078976e-03
3.499600551724625034e-03
3.994316940177968824e-03
4.493321085303312798e-03
4.996612987100653054e-03
5.490471824219601664e-03
5.988618418010543086e-03
6.491052768473483392e-03
7.004635286283620449e-03
7.504496982743366108e-03
7.999213371196713801e-03
8.517941197013241886e-03
9.032381266157766750e-03
9.540818475961483289e-03
1.008098508513797890e-02
1.058084678159770115e-02
1.111586808276780920e-02
1.163888366525632316e-02
1.215846904240723038e-02
1.268319972756454077e-02
1.321650592606584892e-02
1.374552436789515733e-02
1.428054566906526192e-02
1.480527635422257751e-02
1.535058827140547630e-02
1.587274630255959551e-02
1.640519494972650719e-02
1.691877746753662690e-02
1.744608080669713887e-02
1.797081149185444926e-02
1.852555647371574576e-02
1.905285981287625427e-02
1.958530846004315554e-02
2.011261179920366404e-02
2.065449351104896997e-02
2.118351195287828531e-02
2.171939080538279332e-02
2.224755169587771392e-02
2.278343054838221846e-02
2.330730368220513757e-02
2.384404008604404726e-02
2.438077648988295348e-02
2.491236758571546694e-02
2.544567378421676990e-02
2.597812243138368157e-02
2.651743148922578591e-02
2.704730748238950641e-02
2.758318633489401095e-02
2.811906518739851896e-02
2.864808362922783430e-02
2.918138982772914766e-02
2.972670174491205339e-02
3.024800222473177091e-02
3.077187535855467615e-02
3.130775421105919804e-02
3.184106040956051487e-02
3.237093640272422496e-02
3.289052177987514952e-02
3.342297042704206467e-02
3.395970683088097436e-02
3.448701017004149327e-02
3.501259840653321576e-02
3.555276501570975994e-02
3.607578059819833288e-02
3.660479904002770374e-02
3.714325054653547925e-02
3.766969633436167281e-02
3.820471763553183464e-02
3.873202097469238825e-02
3.925074880050897358e-02
3.976175866431594375e-02
4.030021017082369844e-02
4.079835676461469191e-02
4.131451193642809300e-02
4.182294914623185811e-02
4.231595043201644840e-02
4.279437334511624474e-02
4.325650278286241601e-02
4.372034732327741147e-02
4.419705513370840444e-02
4.465918457145460346e-02
4.509558746916880745e-02
4.557572548493737941e-02
4.602756430667075821e-02
4.650941742510814741e-02
4.694239011748473772e-02
4.737622036119576441e-02
4.779890243755954143e-02
4.821215144924496238e-02
4.863226087160554129e-02
4.904122212661897462e-02
4.937557641553962789e-02
4.973737234716104488e-02
5.017806300154725035e-02
5.061103569392384760e-02
5.097797693355166082e-02
5.133891531383871776e-02
5.181733822693852798e-02
5.228118276735348874e-02
5.264640890431254022e-02
5.299534156591801520e-02
5.336571301088346292e-02
5.375237793120246632e-02
5.417591755890067279e-02
5.454371634986292239e-02
5.493381147551953253e-02
5.539937111860335217e-02
5.584777973499917975e-02
5.625502588734376808e-02
5.668971368238916175e-02
5.718185741683932954e-02
5.754965620780157221e-02
5.789515866406944045e-02
5.826981786570687577e-02
5.868135177472350722e-02
5.909031302973691974e-02
5.955501512148628218e-02
6.005573436928046682e-02
6.046812582963147220e-02
6.090538627868004318e-02
6.130920222568707334e-02
6.176275615008926939e-02
6.214942107040827279e-02
6.255923987675608700e-02
6.295105010508147969e-02
6.337201707877647416e-02
6.382042569517229480e-02
6.426111634955847252e-02
6.479442254805979629e-02
6.523168299710840889e-02
6.572897203956495904e-02
6.627685661075102819e-02
6.676042483185717913e-02
6.725342611764174861e-02
6.769583187469675745e-02
6.815453110710531504e-02
6.863809932821146598e-02
6.907450222592566302e-02
6.955549779302865054e-02
7.006565010550122596e-02
7.055607873728252100e-02
7.103192899637908453e-02
7.153522089817647422e-02
7.209939894471605049e-02
7.254180470177104545e-02
7.305367211691242424e-02
7.349865052797058262e-02
7.399422446775828777e-02
7.445721145683890929e-02
7.493391926726980512e-02
7.544235647707356329e-02
7.590877367149176380e-02
7.646952151269384435e-02
7.699425219785120678e-02
7.755757269305656176e-02
7.801970213080271221e-02
7.861217937137753020e-02
7.914119781320690106e-02
7.969765789773695930e-02
8.026012084160785709e-02
8.082172623414439483e-02
8.126413199119934816e-02
8.179743818970069968e-02
8.233846235021162474e-02
8.281259750663942654e-02
8.331160165176480781e-02
8.384233519626288489e-02
8.449998633825211991e-02
8.510189664350535643e-02
8.562062446932180992e-02
8.623797069859427677e-02
8.672411157370371604e-02
8.726599328554897339e-02
8.774184354464556468e-02
8.831716975853243223e-02
8.894909436048968610e-02
8.942923237625828581e-02
8.985534465795967651e-02
9.040665943448340791e-02
9.085678315354805967e-02
9.131205218061902440e-02
9.191567758854106429e-02
9.255789280651113837e-02
9.328329050391782895e-02
9.395637756992633594e-02
9.441936455900691583e-02
9.503070792893864027e-02
9.556830188411190308e-02
9.612561951997643239e-02
9.685702007672396252e-02
9.751038346204117524e-02
9.816631950136160689e-02
9.865760568447728973e-02
9.916089758627467943e-02
9.979196463689754548e-02
1.004967811022788454e-01
1.011304208069049304e-01
1.017237555988142056e-01
1.022090389225891321e-01
1.027689292124567971e-01
1.033905631984012585e-01
1.040164849410177422e-01
1.044631784547447734e-01
1.051079663267178721e-01
1.056755745785952355e-01
1.062869179485268628e-01
1.068982613184586428e-01
1.073561029995327432e-01
1.078705430686772160e-01
1.085024676706344698e-01
1.090289134584605663e-01
1.095587894516242417e-01
1.100063405166856606e-01
1.105079173158141637e-01
1.111012521077235360e-01
1.115822476748264402e-01
1.120872546792925917e-01
1.127337576539346742e-01
1.133013659058118711e-01
1.139238574430906925e-01
1.144828901816239836e-01
1.151053817189027773e-01
1.156181066853785439e-01
1.161557006405518344e-01
1.166341235536515891e-01
1.172437518209144824e-01
1.178996878602348447e-01
1.185564814508896087e-01
1.191446709347924598e-01
1.197971767687753264e-01
1.204273862680637630e-01
1.209341083751986762e-01
1.214682721250343878e-01
1.221679432824091666e-01
1.227689960363280847e-01
1.233108777481734253e-01
1.238784860000507054e-01
1.243826354531824968e-01
1.250197053631460775e-01
1.255967466797017484e-01
1.263092811070925248e-01
1.268743167049665721e-01
1.274856600748982827e-01
1.279975274900395643e-01
1.286131586166431862e-01
1.290632823357078518e-01
1.295777224048524356e-01
1.299978318272130284e-01
1.306812095092340920e-01
1.312685414418025553e-01
1.318310043856734393e-01
1.323188603634515847e-01
1.328744628966472552e-01
1.334720854452284833e-01
1.340739957504817892e-01
1.346390313483558643e-01
1.352520898209562394e-01
1.358188405214990901e-01
1.365236569868802929e-01
1.372284734522614402e-01
1.378518225408746634e-01
1.385017557208542693e-01
1.391696974788563801e-01
1.397150093960392581e-01
1.404086776940731973e-01
1.410448900527024874e-01
1.416896779246758498e-01
1.421646706324381226e-01
1.426533841615505449e-01
1.431549609606792561e-01
1.437440079959165784e-01
1.442713113350773124e-01
1.449435408497513345e-01
1.456286336344413124e-01
1.462099627076691444e-01
1.468058701535817911e-01
1.472542787699775979e-01
1.478741976532532143e-01
1.485438545139243505e-01
1.492435256712991709e-01
1.498428633225493412e-01
1.504567793464840209e-01
1.510406810737151273e-01
1.516588848543220513e-01
1.522084845281771459e-01
1.527392180726751814e-01
1.533042536705493120e-01
1.537766737243084492e-01
1.544266069042880274e-01
1.549702037188022685e-01
1.555360968680105371e-01
1.561723092266400492e-01
1.568839861026966875e-01
1.574541670085772838e-01
1.580466442491521017e-01
1.585910986150005642e-01
1.592178779089516716e-01
1.598798168076129012e-01
1.604731515995221902e-01
1.611067913041480393e-01
1.616186587192895152e-01
1.622874580286260415e-01
1.629065193605674644e-01
1.635581676432158738e-01
1.641532175377939107e-01
1.647131078276617977e-01
1.653004397602303166e-01
1.658063043160311056e-01
1.663353227578604765e-01
1.669818257325024202e-01
1.674808298776279125e-01
1.680124209734603358e-01
1.684728353085379604e-01
1.689709819023288706e-01
1.695806101695916668e-01
1.701593665888163631e-01
1.708384565141656819e-01
1.714798141808013543e-01
1.720817244860545769e-01
1.726681988672889023e-01
1.732460977351790998e-01
1.738608713104483894e-01
1.745176649011032366e-01
1.751358686817100774e-01
1.757266308196160365e-01
1.763251109195319577e-01
1.769115853007661721e-01
1.775649486860832460e-01
1.781865826720278323e-01
1.788056440039690054e-01
1.794272779899133974e-01
1.800497695271923715e-01
1.806868394371559661e-01
1.812861770884061641e-01
1.818580730969554526e-01
1.824797070828999557e-01
1.830378822700990948e-01
1.836269293053364449e-01
1.842262669565864763e-01
1.847852996951199478e-01
1.852843038402450793e-01
1.858613451568009167e-01
1.864846942454144729e-01
1.871046131286900338e-01
1.877605491680103544e-01
1.883959039753052289e-01
1.889154893524561118e-01
1.895542743650887318e-01
1.901304581303101260e-01
1.906294622754353130e-01
1.911902101166376156e-01
1.917192285584670142e-01
1.923159935557138545e-01
1.929221916176391549e-01
1.934580704701435727e-01
1.940454024027121471e-01
1.946756119020008891e-01
1.952698042452444271e-01
1.958948684365264814e-01
1.964984938444486184e-01
1.971449968190904234e-01
1.977709185617070875e-01
1.983196606842276832e-01
1.988992746547866008e-01
1.995106180247183114e-01
2.000730809685891953e-01
2.006801365818487726e-01
2.012786166817645273e-01
2.018933902570340388e-01
2.024644287142488563e-01
2.030328945174606492e-01
2.036433803360580552e-01
2.042204216526136151e-01
2.048420556385580349e-01
2.054336753277986316e-01
2.060124317470229949e-01
2.065628889722124495e-01
2.071545086614530462e-01
2.076886724112888272e-01
2.082742892411884317e-01
2.088624787250913661e-01
2.094369473876439847e-01
2.100337123848908250e-01
2.106150414581186847e-01
2.111612109266360060e-01
2.117219587678382531e-01
2.122758461983648981e-01
2.128057221915287400e-01
2.133913390214284833e-01
2.139426537979520204e-01
2.145231253198453814e-01
2.150890184690540385e-01
2.156326152835682242e-01
2.161667790334042549e-01
2.167138060532556865e-01
2.172565453164355953e-01
2.177812760015929994e-01
2.183154397514288081e-01
2.188213043072292641e-01
2.193760492890905744e-01
2.199230763089424501e-01
2.204709608801285192e-01
2.210377115806714809e-01
2.216113226918894341e-01
2.221600648144101964e-01
2.226968012182491408e-01
2.232403980327634929e-01
2.237805646419397942e-01
2.243052953270973093e-01
2.248488921416117170e-01
2.253813407887788334e-01
2.259163620899487523e-01
2.263450651719524920e-01
2.263450651719524920e-01
2.263450651719524920e-01
2.263450651719524920e-01
2.263450651719524920e-01
2.263450651719524920e-01
2.263450651719524920e-01
2.263450651719524920e-01
2.263450651719524920e-01
2.263450651719524920e-01
2.263450651719524920e-01
2.263450651719524920e-01
2.263450651719524920e-01
2.263450651719524920e-01
2.263450651719524920e-01
2.263450651719524920e-01
2.263450651719524920e-01
2.263450651719524920e-01
2.263450651719524920e-01
2.263450651719524920e-01
2.263450651719524920e-01
2.263450651719524920e-01
2.263450651719524920e-01
2.263450651719524920e-01
2.263450651719524920e-01
2.263450651719524920e-01
2.263450651719524920e-01
2.263450651719524920e-01
2.263450651719524920e-01
2.263450651719524920e-01
2.263450651719524920e-01
2.263450651719524920e-01
2.263450651719524920e-01
2.263450651719524920e-01
2.263450651719524920e-01
2.263450651719524920e-01
2.263450651719524920e-01
2.263450651719524920e-01
2.263450651719524920e-01
2.263450651719524920e-01
2.263450651719524920e-01
2.263450651719524920e-01
2.263450651719524920e-01
2.263450651719524920e-01
2.263450651719524920e-01
2.263450651719524920e-01
2.263450651719524920e-01
2.263450651719524920e-01
2.263450651719524920e-01
2.263450651719524920e-01
2.263450651719524920e-01
2.263450651719524920e-01
2.263450651719524920e-01
2.263450651719524920e-01
2.263450651719524920e-01
2.263450651719524920e-01
2.263450651719524920e-01
2.263450651719524920e-01
2.263450651719524920e-01
2.263450651719524920e-01
2.263450651719524920e-01
2.263450651719524920e-01
2.263450651719524920e-01
2.263450651719524920e-01
2.263450651719524920e-01
2.263450651719524920e-01
2.263450651719524920e-01
2.263450651719524920e-01
2.263450651719524920e-01
2.263450651719524920e-01
2.263450651719524920e-01
2.263450651719524920e-01
2.263450651719524920e-01
2.263450651719524920e-01
2.263450651719524920e-01
2.263450651719524920e-01
2.263450651719524920e-01
2.263450651719524920e-01
2.263450651719524920e-01
2.263450651719524920e-01
2.263450651719524920e-01
2.263450651719524920e-01
2.263450651719524920e-01
