8.608458704179953319e-03
7.183969449924331417e-03
6.158271436296021764e-03
5.321935592821799323e-03
4.615720366050244175e-03
4.007175559521462989e-03
3.481413277549396269e-03
3.026009218518894463e-03
2.635885589149284183e-03
2.297651946504499290e-03
2.013143545381654558e-03
1.773487839569857453e-03
1.572635749891260811e-03
1.399066939676799721e-03
1.254454387889052374e-03
1.133083344753452789e-03
1.032181886598394164e-03
9.469628296970810906e-04
8.736935061302464767e-04
8.129920948422414938e-04
7.623170712658507370e-04
7.141943253201239478e-04
6.748903296069913701e-04
6.423571289088345375e-04
6.132941269115479077e-04
5.842051480587964188e-04
5.592199808058193880e-04
5.355097817518008653e-04
5.147661578305968424e-04
4.955000093669716717e-04
4.773514107042994988e-04
4.600322222786061414e-04
4.422548945962718418e-04
4.249119475393249817e-04
4.090671302236569907e-04
3.944721340319116954e-04
3.805548122442115760e-04
3.673116233506376485e-04
3.547073927482624644e-04
3.418299497967309934e-04
3.304870558656209626e-04
3.194566607116175504e-04
3.089208902208074063e-04
2.988849909932362768e-04
2.890130272009558085e-04
2.798397485071292047e-04
2.711157456114213953e-04
2.625571256180957462e-04
2.545685896845408273e-04
2.468208987667539172e-04
2.395604390237269761e-04
2.327116873158263253e-04
2.260986061732130135e-04
2.195754708608683460e-04
2.134502952127150432e-04
2.078735804125721642e-04
2.026852836564134095e-04
1.975237744925448442e-04
1.927748518993492892e-04
1.884085373618653888e-04
1.843973533224176997e-04
1.806952538301012017e-04
1.772767028026894461e-04
1.741664166680660295e-04
1.713106512361660795e-04
1.686492338419865367e-04
1.661203428701709100e-04
1.638859393425689051e-04
1.618171149734535543e-04
1.599897756957645951e-04
1.583070997209288892e-04
1.565254040528433717e-04
1.551833212923966945e-04
1.538060924412255025e-04
1.528470885272819224e-04
1.517980131532013733e-04
1.509813214275815285e-04
1.502964090406980267e-04
1.497153230625867181e-04
1.491567925079609282e-04
1.486138422599280568e-04
1.482797277582163147e-04
1.479342322513806812e-04
1.477190829266844128e-04
1.475327349842103710e-04
1.474117473130549870e-04
1.473162157576936228e-04
1.471756355109754273e-04
1.470831051848561061e-04
1.470184140988739594e-04
1.469720059121261370e-04
1.469153417035042356e-04
1.468912315608248093e-04
1.468499563975571548e-04
1.468313272105013334e-04
1.468200472868924536e-04
1.467978868222153776e-04
1.467975332980190511e-04
1.467969682358598511e-04
1.467848224459166915e-04
1.467827917120160738e-04
1.467823093466325978e-04
1.467813553781737910e-04
1.467802116563092605e-04
1.467742469711912339e-04
1.467733035689563212e-04
1.467731223951845084e-04
1.467727446283933525e-04
1.467722404044576089e-04
1.467714576345518845e-04
1.467707358853328732e-04
1.467703462492086727e-04
1.467696869995830256e-04
1.467672792625593250e-04
1.467664155181779679e-04
1.467656692301711526e-04
1.467648562012762662e-04
1.467637424315209964e-04
1.467634276227479525e-04
1.467626826790434651e-04
1.467618589942789188e-04
1.467604984910234815e-04
1.467594958457587890e-04
1.467581328915802338e-04
1.467571790359152887e-04
1.467564607632493073e-04
1.467561123472455769e-04
1.467554808759760426e-04
1.467548403340157223e-04
1.467534573283678660e-04
1.467525474552114199e-04
1.467512442230381735e-04
1.467474793616584908e-04
1.467403607921104018e-04
1.467393583217601542e-04
1.467387248197411635e-04
1.467381196304895323e-04
1.467369817906804782e-04
1.467355837006511783e-04
1.467341498920526357e-04
1.467322854291810811e-04
1.467298188671696936e-04
1.467065699070836302e-04
1.466981348421983987e-04
1.466960654106388799e-04
1.466945382481307737e-04
1.466916602284116914e-04
1.466907030546996289e-04
1.466898088327213444e-04
1.466886593959305875e-04
1.466862565441323576e-04
1.466854595019182817e-04
1.466831056688261924e-04
1.466818390336428431e-04
1.466800044620646408e-04
1.466749184453605757e-04
1.466674049840508624e-04
1.466654516678798340e-04
1.466632967970485553e-04
1.466611450495941592e-04
1.466604467287730416e-04
1.466586925327131191e-04
1.466573874948814938e-04
1.466537663200164019e-04
1.466525031762132519e-04
1.466506968739501610e-04
1.466494881392040235e-04
1.466479605071749023e-04
1.466459242257503372e-04
1.466440810886098672e-04
1.466424913988418884e-04
1.466418429749896245e-04
1.466394073230119926e-04
1.466389871897811616e-04
1.466375432030796297e-04
1.466367898954593811e-04
1.466348829865257535e-04
1.466325447295557891e-04
1.466305497548594172e-04
1.466274791331106594e-04
1.466256455770150770e-04
1.466235206672315469e-04
1.466217122714545359e-04
1.466204149002588186e-04
1.466185647561602109e-04
1.466152466608414422e-04
1.466097509308380382e-04
1.466094078668741369e-04
1.466083780074351709e-04
1.466080975873650311e-04
1.466076658592672607e-04
1.466056488056582160e-04
1.466039928063222119e-04
1.466016173784560309e-04
1.466000389353337566e-04
1.465997353081413849e-04
1.465989849984506506e-04
1.465982357752053302e-04
1.465960332369694956e-04
1.465939224793042449e-04
1.465934994292438485e-04
1.465931555987580643e-04
1.465924673317333109e-04
1.465914411541526571e-04
1.465881300937068980e-04
1.465857095358489052e-04
1.465841915404736992e-04
1.465822210876200542e-04
1.465764262438840613e-04
1.465754733147888909e-04
1.465725090026484935e-04
1.465705219487876314e-04
1.465678028570062809e-04
1.465653425112716543e-04
1.465622763655391881e-04
1.465606910399190870e-04
1.465527287277643186e-04
1.465489354660644544e-04
1.465456475473594163e-04
1.465422969912533071e-04
1.465400906593113464e-04
1.465379843890617974e-04
1.465307855475103357e-04
1.465296527606991779e-04
1.465263047114790708e-04
1.465251937035651751e-04
1.465223447965453775e-04
1.465210668424760956e-04
1.465103276777906139e-04
1.465091655515075506e-04
1.465048436871078529e-04
1.465015687086792693e-04
1.464995001969339157e-04
1.464985825441024263e-04
1.464970859003298352e-04
1.464939918266610654e-04
1.464921481886979318e-04
1.464859435738229078e-04
1.464852788299520923e-04
1.464853073590382496e-04
1.464843763529424922e-04
1.464813747162564325e-04
1.464649597224698836e-04
1.464516791428613850e-04
1.464494535021711662e-04
1.464455310543320583e-04
1.464451240663292161e-04
1.464414779497008969e-04
1.464397554626085387e-04
1.464374959690725546e-04
1.464342806539400033e-04
1.464306583105835823e-04
1.464230794281372620e-04
1.464192849977448408e-04
1.464170847796357358e-04
1.464130251462815641e-04
1.464067208000311468e-04
1.464020717975457041e-04
1.463970934775260275e-04
1.463933552711826501e-04
1.463911846836672324e-04
1.463817129628707415e-04
1.463780159471803576e-04
1.463747971707282235e-04
1.463744833963896534e-04
1.463738917264821137e-04
1.463715960121587739e-04
1.463687151516285820e-04
1.463685372759111173e-04
1.463649995819537046e-04
1.463643977825964770e-04
1.463607822459048256e-04
1.463599106192891067e-04
1.463482028480642756e-04
1.463298077016034096e-04
1.463144446609467985e-04
1.463106268470893995e-04
1.462619327120714377e-04
1.462553373529227522e-04
1.462516518460546923e-04
1.462435086190921310e-04
1.462412422847196017e-04
1.462286821696378723e-04
1.462231795914159429e-04
1.462226015521709470e-04
1.462220327008026746e-04
1.462154839950932661e-04
1.462115058245704480e-04
1.462055619517251979e-04
1.461973735105707084e-04
1.461872306241928808e-04
1.461813845680387384e-04
1.461766389586448961e-04
1.461646449408480466e-04
1.461615658892339491e-04
1.461424378365533470e-04
1.461274726009944365e-04
1.461220467020064601e-04
1.461216886166342608e-04
1.461118673450437255e-04
1.461015688556966405e-04
1.460920285602644066e-04
1.460856291045862772e-04
1.460843228542654771e-04
1.460825152114448927e-04
1.460765863204144222e-04
1.460634429409303947e-04
1.460578028983329165e-04
1.460492887850182889e-04
1.460440409111484243e-04
1.460345203827375976e-04
1.460263044890337326e-04
1.460214628559503209e-04
1.460139249101146829e-04
1.459849625774674309e-04
1.459795058203476495e-04
1.459347068535428091e-04
1.459071805643479219e-04
1.458309334646276754e-04
1.458047323707803422e-04
1.457916883095440055e-04
1.457761898005696785e-04
1.457710522321592960e-04
1.457642754630667403e-04
1.457532115088900043e-04
1.457304308477827461e-04
1.457216190087532142e-04
1.457039082181959188e-04
1.457029986068191657e-04
1.456914147596613334e-04
1.456235235240534252e-04
1.456142817128309791e-04
1.455608828687790426e-04
1.455543157696878186e-04
1.455519376196702758e-04
1.455399000538368844e-04
1.455351419799640490e-04
1.455240490028384195e-04
1.455175430960862874e-04
1.454824140018052235e-04
1.454468681028001510e-04
1.454368497976531800e-04
1.454189020825875792e-04
1.453877177214499489e-04
1.453624770191064611e-04
1.453383525408944907e-04
1.452286176203920710e-04
1.451512934330180299e-04
1.451306282991925546e-04
1.451175192407942955e-04
1.451090282887304442e-04
1.450981482077465571e-04
1.450450948513629340e-04
1.450306169339573290e-04
1.450064433666380407e-04
1.448674541659264860e-04
1.446324964836987511e-04
1.415182864343972335e-04
1.413195494581740482e-04
1.412083968307295523e-04
1.408793697921954043e-04
1.407746646269268762e-04
1.407473789932145371e-04
1.407021334846680438e-04
1.406182252762607410e-04
1.405717484375793068e-04
1.405692444552901596e-04
1.403500782315810944e-04
1.399179385154550033e-04
1.390749665861408697e-04
1.391005273733259917e-04
1.391062881988577697e-04
1.386303494612163047e-04
1.379651540008179958e-04
1.379272333658354815e-04
1.378779131966504409e-04
1.374015348944371685e-04
1.374967015780533832e-04
1.377164391577335556e-04
1.379961533058436988e-04
1.386420279120321878e-04
1.393676132904387742e-04
1.405402252395159012e-04
1.413257359966913059e-04
1.432493738810543954e-04
1.438823687609574954e-04
1.424515280285308747e-04
1.457862659724533882e-04
1.497000167391693835e-04
1.552542518782721605e-04
1.596670343717870747e-04
1.640824337794196568e-04
1.683375908931857110e-04
1.823404547266921924e-04
2.004435829146923912e-04
2.287820237696623919e-04
2.477332599174862779e-04
3.069578329342554854e-04
3.666225968218701239e-04
4.699261335786762369e-04
6.498080805285767368e-04
8.110245491736421414e-04
1.005642589588486274e-03
1.437029623074732041e-03
1.797398219205730572e-03
2.670813466208478686e-03
4.087062205787765114e-03
5.013269530492147491e-03
6.598526296832874644e-03
8.862561521362208317e-03
1.268201150177299986e-02
1.842908468106506381e-02
2.701457308572435823e-02
3.506656374859352249e-02
5.034612665853833297e-02
7.437112551244833003e-02
1.473489532799289736e-01
8.765052688951427973e-01
8.971119215509283543e+08
8.971119214568083286e+08
8.971119213626886606e+08
8.971119212685703039e+08
8.971119211744518280e+08
8.971119210803339481e+08
8.971119209862173796e+08
8.971119208921006918e+08
8.971119207979848385e+08
8.971119207038700581e+08
8.971119206097553968e+08
8.971119205156418085e+08
8.971119204215285778e+08
8.971119203274160624e+08
8.971119202333037853e+08
8.971119201391922235e+08
8.971119200450817347e+08
8.971119199509720802e+08
8.971119198568620682e+08
8.971119197627531290e+08
8.971119196686450243e+08
8.971119195745376348e+08
8.971119194804300070e+08
8.971119193863236904e+08
8.971119192922183275e+08
8.971119191981129646e+08
8.971119191040093899e+08
8.971119190099052191e+08
8.971119189158018827e+08
8.971119188216992617e+08
8.971119187275971174e+08
8.971119186334955692e+08
8.971119185393944979e+08
8.971119184452941418e+08
8.971119183511945009e+08
8.971119182570955753e+08
8.971119181629974842e+08
8.971119180688997507e+08
8.971119179748026133e+08
8.971119178807061911e+08
8.971119177866104841e+08
8.971119176925148964e+08
8.971119175984206200e+08
8.971119175043264627e+08
8.971119174102326632e+08
8.971119173161405325e+08
8.971119172220478058e+08
8.971119171279565096e+08
8.971119170338653326e+08
8.971119169397751093e+08
8.971119168456856012e+08
8.971119167515960932e+08
8.971119166575076580e+08
8.971119165634196997e+08
8.971119164693326950e+08
8.971119163752456903e+08
8.971119162811599970e+08
8.971119161870751381e+08
8.971119160929908752e+08
8.971119159989064932e+08
8.971119159048229456e+08
8.971119158107399940e+08
8.971119157166582346e+08
8.971119156225761175e+08
8.971119155284954309e+08
8.971119154344148636e+08
8.971119153403347731e+08
8.971119152462559938e+08
8.971119151521775723e+08
8.971119150580993891e+08
8.971119149640227556e+08
8.971119148699460030e+08
8.971119147758694887e+08
8.971119146817945242e+08
8.971119145877188444e+08
8.971119144936453104e+08
8.971119143995717764e+08
8.971119143054983616e+08
8.971119142114262581e+08
8.971119141173541546e+08
8.971119140232832432e+08
8.971119139292126894e+08
8.971119138382785320e+08
