5.745502081548697904e-01
5.748019140716940090e-01
5.753041600502821762e-01
5.760550877432186745e-01
5.770529307276439646e-01
5.782968410274587079e-01
5.797874746218402153e-01
5.815271363860946563e-01
5.835194378388183223e-01
5.857685908337137981e-01
5.882785882761321083e-01
5.910525645656987681e-01
5.940925688104652380e-01
5.973998426459067312e-01
6.009755194363450848e-01
6.048215123704656637e-01
6.089412869472294876e-01
6.133402443002531346e-01
6.180255665115468311e-01
6.230055519435733213e-01
6.282886376026688424e-01
6.338824086759828891e-01
6.397928969220861850e-01
6.460243685121158652e-01
6.525796324136106108e-01
6.594607204388152066e-01
6.666696618234466687e-01
6.742090438874245306e-01
6.820821283361898635e-01
6.902924544978727983e-01
6.988430505621699984e-01
7.077355245891089330e-01
7.169693634547943395e-01
7.265417062641639223e-01
7.364476958434975629e-01
7.466813001554997165e-01
7.572363059681755937e-01
7.681070860312421145e-01
7.792887669486189273e-01
7.907765746545089014e-01
8.025643623636777857e-01
8.146425584472666293e-01
8.269959319377411244e-01
8.396016078767137847e-01
8.524276628688641777e-01
8.654324297803528410e-01
8.785644118871512864e-01
8.917625344949177135e-01
9.049564118400815760e-01
9.180664026478096984e-01
9.310034398000196498e-01
9.436688728816313709e-01
9.559547594813356808e-01
9.677450958780069445e-01
9.789183470494130512e-01
9.893513384809995426e-01
9.989241871950851337e-01
1.007525594687084913e+00
1.015057620612220823e+00
1.021439086432242682e+00
1.026607037769577291e+00
1.030516158444931385e+00
1.033136549069776366e+00
1.034450703277318917e+00
