1.315541923690725802e-05
5.911102927270046881e-04
1.187881997215166135e-03
1.805924901962008321e-03
2.420695314361359478e-03
3.074735634930580216e-03
3.757410263540336345e-03
4.448266123018818421e-03
5.148121336452894485e-03
5.844704057539480170e-03
6.534741793931086833e-03
7.228052022670184741e-03
7.949996559449827582e-03
8.680122327098194202e-03
9.414338710180925746e-03
1.014282823165554501e-02
1.088113523017263107e-02
1.161044287473412401e-02
1.234465925781685729e-02
1.308705687176830827e-02
1.381636451632980295e-02
1.455303526867313645e-02
1.528316103632148398e-02
1.599856058840612438e-02
1.671150577123015415e-02
1.740727036922985402e-02
1.808912687475272910e-02
1.874889405693004607e-02
1.938984440810929966e-02
2.002670414385419179e-02
2.067910821824965606e-02
2.132087669251578679e-02
2.199373384408305834e-02
2.264777416465227344e-02
2.333372128560950651e-02
2.402294089891423082e-02
2.469988866591587423e-02
2.539974387934994249e-02
2.609059973882841416e-02
2.680354492165243699e-02
2.749930951965213685e-02
2.821716344099739135e-02
2.893174486999514072e-02
2.962750946799482671e-02
3.034290902007943935e-02
3.105421795672970442e-02
3.180152430920234197e-02
3.251610573820007399e-02
3.322168781324223025e-02
3.394035985767432373e-02
3.466884937914887360e-02
3.539897514679718471e-02
3.612746466827175540e-02
3.684695483579072950e-02
3.758280746504716330e-02
3.831129698652174093e-02
3.904551336960440655e-02
3.978218412194770709e-02
4.051312801268288494e-02
4.124325378033120992e-02
4.198074265576135639e-02
4.271659528501776937e-02
4.344508480649233312e-02
4.417521057414064423e-02
4.491433569574453805e-02
4.565509706352220004e-02
4.639094969277863384e-02
4.711453047573198327e-02
4.785447372042277159e-02
4.858623573424481618e-02
4.933599645597808170e-02
5.008084843919008433e-02
5.081506482227276383e-02
5.156237117474541526e-02
5.226631700361379640e-02
5.301362335608644782e-02
5.374620349299537997e-02
5.449105547620742424e-02
5.524327056720129692e-02
5.596766947324152003e-02
5.671579394880110064e-02
5.745737343966571264e-02
5.819322606892225747e-02
5.893153306743938863e-02
5.967474880447775493e-02
6.041469204916862651e-02
6.115708966312013301e-02
6.188312481533417286e-02
6.261734119841702584e-02
6.338673687423529435e-02
6.411195390336245359e-02
6.485271527114024048e-02
6.558856790039678530e-02
6.632605677582703585e-02
6.706109128199670699e-02
6.780021640360074653e-02
6.853116029433604928e-02
6.926864916976632758e-02
7.001431927606534267e-02
7.074526316680061766e-02
7.148520641149150312e-02
7.221696842531370730e-02
7.296672914704704915e-02
7.368949180691364287e-02
7.442534443617015993e-02
7.515874269616609760e-02
7.589623157159636202e-02
7.663617481628726136e-02
7.738266304567312237e-02
7.811115256714774857e-02
7.884373270405682643e-02
7.958858468726896784e-02
8.032852793195982555e-02
8.103411000700209976e-02
8.176996263625863071e-02
8.249190717303832299e-02
8.324166789477167872e-02
8.396115806229074996e-02
8.469373819919978619e-02
8.542713645919566834e-02
8.615726222684412516e-02
8.689965984079554839e-02
8.763142185461772482e-02
8.834845765287618891e-02
8.907694717435087062e-02
8.982425352682357755e-02
9.053638058656082732e-02
9.128123256977296873e-02
9.201054021433453800e-02
9.273821161272226277e-02
9.347897298050007742e-02
9.421891622519090737e-02
9.490977208466946924e-02
9.563989785231789831e-02
9.636266051218445039e-02
9.710996686465718508e-02
9.783518389378439983e-02
9.856776403069347769e-02
9.929625355216809002e-02
1.000206524582083478e-01
1.007409607488143066e-01
1.014800858704183184e-01
1.022061210226323513e-01
1.029133393438483313e-01
1.036336476344542901e-01
1.043735908791452310e-01
1.050938991697511482e-01
1.058191161988783074e-01
1.065435151049185791e-01
1.072605509031770293e-01
1.079808591937830159e-01
1.087158936999526870e-01
1.094222938980817933e-01
1.101532377888170683e-01
1.108637286023805429e-01
1.115930362469421261e-01
1.123051633066793481e-01
1.130246534741984471e-01
1.137637785958024589e-01
1.144857231325823316e-01
1.152093039155358684e-01
1.159279759599681076e-01
1.166540111121822237e-01
1.173816825105701428e-01
1.181109901551316288e-01
1.188157541070870155e-01
1.195548792286911799e-01
1.202694606576889952e-01
1.209864964559474731e-01
1.216888060386423359e-01
1.223952062367715254e-01
1.231302407429411272e-01
1.238448221719390674e-01
1.245569492316763033e-01
1.252772575222823037e-01
1.260278363671025192e-01
1.267399634268397413e-01
1.274234561785364817e-01
1.281478550845767672e-01
1.288984339293971215e-01
1.296130153583950062e-01
1.303325055259141607e-01
1.310609950473888841e-01
1.317772127225605161e-01
1.325081566132958188e-01
1.332219199192068437e-01
1.339381375943784758e-01
1.346085403766852373e-01
1.353034868515983202e-01
1.359624359106889058e-01
1.366688361088180259e-01
1.373310576602559951e-01
1.379646449036536493e-01
1.386195033473097971e-01
1.393299941608733827e-01
1.400028513124408347e-01
1.406937071719192855e-01
1.413362937692724530e-01
1.420222408902298006e-01
1.427850915813531074e-01
1.434571306098335608e-01
1.441447139769647667e-01
1.447668474971459951e-01
1.454004347405435937e-01
1.460029333066399371e-01
1.466365205500375357e-01
1.472242929005702916e-01
1.478227008512323359e-01
1.484726505563673249e-01
1.491855957391915177e-01
1.497504606432917273e-01
1.503488685939536607e-01
1.510536325459091445e-01
1.516806748046115871e-01
1.523347151251809584e-01
1.528783088290226466e-01
1.534930792414220257e-01
1.540211286066129615e-01
1.546800776657034360e-01
1.553177555245353336e-01
1.558948922749386068e-01
1.565546594571159966e-01
1.570982531609574906e-01
1.576590274496232624e-01
1.581878949379010579e-01
1.588689333203371912e-01
1.593928920700936058e-01
1.599021246042866273e-01
1.604718982469079125e-01
1.609909482581433071e-01
1.615746299932415142e-01
1.621403130204287224e-01
1.627117229092237827e-01
1.633256751985363853e-01
1.638488158252062732e-01
1.643441402669222062e-01
1.649040964325011738e-01
1.653748771816110075e-01
1.659348333471900860e-01
1.664195221887767306e-01
1.669295728460564454e-01
1.674739846729847992e-01
1.679873078226121197e-01
1.684940859875443397e-01
1.692438467092776955e-01
1.697457161356888122e-01
1.703989383331712681e-01
1.709687119757927753e-01
1.715163962950684851e-01
1.720771705837342846e-01
1.725774037639716540e-01
1.730907269135988913e-01
1.736735905256102941e-01
1.742155479832781240e-01
1.747828672566389963e-01
1.753616402532161556e-01
1.758945983569281946e-01
1.763989221525998630e-01
1.770464174884741337e-01
1.775507412841459687e-01
1.780812450185975671e-01
1.786984698002576644e-01
1.793066952279619153e-01
1.799599174254444822e-01
1.805763240840175810e-01
1.812483631124981176e-01
1.819653989107563874e-01
1.825368087995515864e-01
1.832113021972927025e-01
1.838661606409487670e-01
1.846421013014622192e-01
1.854041338694984720e-01
1.860041780663342637e-01
1.866443102944266019e-01
1.874562483707621907e-01
1.881552854611094339e-01
1.887962358122887430e-01
1.895329065646321753e-01
1.901427682385103957e-01
1.908778027446799697e-01
1.916390171896296679e-01
1.923454173877587325e-01
1.933496143895093444e-01
1.940691045570284989e-01
1.949309481416631462e-01
1.956152590164467187e-01
1.962390287828017221e-01
1.970583299669193822e-01
1.979872596446777266e-01
1.987918346132314662e-01
1.996823125059069559e-01
2.004762518743312960e-01
2.013086430278388239e-01
2.022302095978152636e-01
2.029423366575526522e-01
2.039048093818728036e-01
2.046872950270809399e-01
2.054215114101637096e-01
2.061328203468140996e-01
2.070388425781403141e-01
2.079170486245124072e-01
2.088950656874830336e-01
2.098689921350195275e-01
2.107218363656986615e-01
2.115754987194647108e-01
2.123898911650610732e-01
2.132869140424314414e-01
2.143058372597456962e-01
2.153108523845831956e-01
2.161563335074804804e-01
2.171384411858854890e-01
2.181074588949007409e-01
2.189570306332324079e-01
2.197411525246143194e-01
2.205874517705985749e-01
2.212521276912971790e-01
2.219552553970789988e-01
2.226084775945613992e-01
2.233541477008602893e-01
2.242348081164932394e-01
2.250475643159157435e-01
2.259904020861504270e-01
2.269070599176055691e-01
2.277558135328500155e-01
2.283992182532897930e-01
2.292635162071844923e-01
2.301875371464214004e-01
2.311786441787815893e-01
2.321427531492750440e-01
2.327894303620620109e-01
2.336201852693952918e-01
2.344566670383366469e-01
2.351287060668169060e-01
2.358931930041135716e-01
2.367239479114469081e-01
2.377494161134556527e-01
2.386947082529508879e-01
2.393176598962188373e-01
2.401827759732008960e-01
2.410945250661343520e-01
2.419416424352051898e-01
2.426774950644612627e-01
2.434117114475435883e-01
2.443349142636934701e-01
2.452401183719321864e-01
2.461854105114275049e-01
2.471495194819210428e-01
2.479950006048177447e-01
2.487030370491204456e-01
2.496188767574887279e-01
2.506328912362814076e-01
2.516239982686414578e-01
2.524498444374533301e-01
2.533370498377810476e-01
2.543289749932282628e-01
2.552824483635924291e-01
2.561794712409622421e-01
2.570028630405136738e-01
2.580438755811733653e-01
2.590022576900589124e-01
2.597749258582243148e-01
2.606359513197717415e-01
2.616385120753478288e-01
2.625608967684111561e-01
2.635200970003835907e-01
2.644792972323557478e-01
2.654532236798917699e-01
2.662897054488328474e-01
2.673037199276256382e-01
2.681500191736094774e-01
2.690372245739372503e-01
2.699866073288668677e-01
2.708230890978082228e-01
2.715753041888018804e-01
2.725525031286853972e-01
2.735828800692154950e-01
2.746116207635723727e-01
2.755348235797221434e-01
2.764768432268701059e-01
2.774352253357553755e-01
2.784467854452875590e-01
2.791008257658565417e-01
2.800305735667016904e-01
2.809619576137201147e-01
2.815922723647700798e-01
2.825547450890892320e-01
2.833077783031699992e-01
2.843946057366943947e-01
2.853030823372806335e-01
2.863817285399363199e-01
2.873032951099123156e-01
2.880088771849542151e-01
2.890114379405305800e-01
2.896262083529297371e-01
2.904266927060490944e-01
2.914227084769306364e-01
2.923500019085148449e-01
2.931971192775856827e-01
2.942258599719419498e-01
2.951727883576110156e-01
2.958562811093075617e-01
2.966829454012065437e-01
2.977010504954337167e-01
2.985866196495875480e-01
2.996587208675482450e-01
3.004911120210551068e-01
3.014805828072414928e-01
3.022622503293622698e-01
3.032181780689870987e-01
3.040751129151005316e-01
3.048698704066116205e-01
3.059280635320952291e-01
3.070197997041408944e-01
3.079912717824158652e-01
3.089930144149054536e-01
3.098008618758065769e-01
3.108778718322884327e-01
3.119311562192509379e-01
3.129868949754738283e-01
3.139387320996643860e-01
3.148357549770344210e-01
3.157704115164007841e-01
3.168433308574479801e-01
3.178377103821559135e-01
3.187560044597845255e-01
3.196800253990211838e-01
3.206899492623795367e-01
3.216908737717821265e-01
3.225977141261947012e-01
3.234783745418270962e-01
3.243933961271081579e-01
3.253959568826844673e-01
3.263960632690006136e-01
3.274288945787915961e-01
3.283496430256808707e-01
3.290969493781533695e-01
3.299596110858745157e-01
3.309065394715435815e-01
3.316898432398383001e-01
3.326973127339357683e-01
3.336589673351684215e-01
3.345715345511892647e-01
3.355487334910726149e-01
3.363950327370566207e-01
3.373525967228548916e-01
3.384467872641609421e-01
3.392644522021044939e-01
3.401091152019146691e-01
3.410094105716321433e-01
3.420700580663763590e-01
3.431061618685146697e-01
3.440907239161800635e-01
3.451497351647508371e-01
3.460672111192926170e-01
3.468758767032802393e-01
3.476182743172314127e-01
3.486020182418098634e-01
3.495334022888281211e-01
3.503723384270303609e-01
3.513339930282632362e-01
3.522441058750235277e-01
3.532515753691212179e-01
3.541633244620545629e-01
3.552035188796269782e-01
3.561798996964231634e-01
3.569394778951986424e-01
3.576916929861925221e-01
3.585420828476107435e-01
3.595552792033166467e-01
3.605496587280246912e-01
3.614262285282228149e-01
3.624263349145381841e-01
3.633479014845142907e-01
3.642964661163574647e-01
3.651664909318605434e-01
3.660757856555338363e-01
3.670218959181162921e-01
3.677896553477607022e-01
3.686948594559992243e-01
3.696188803952359381e-01
3.704136378867466939e-01
3.714063811652809077e-01
3.724089419208577167e-01
3.733869589838281766e-01
3.743535223235820997e-01
3.753102681862935386e-01
3.761549311861037137e-01
3.770961327101647886e-01
3.779244332482374902e-01
3.788574535414299671e-01
3.796636647561573152e-01
3.804968740327511201e-01
3.813178114630419446e-01
3.822401961561048278e-01
3.831216746948241103e-01
3.840735118190145569e-01
3.848952673723922691e-01
3.857849271419805937e-01
3.866942218656536090e-01
3.875683372965911255e-01
3.883892092770348525e-01
