1.227184630308512936e-02
3.681553890925538808e-02
6.135923151542564680e-02
8.590292412159590552e-02
1.104466167277661642e-01
1.349903093339364091e-01
1.595340019401066955e-01
1.840776945462769265e-01
2.086213871524472130e-01
2.331650797586174440e-01
2.577087723647877304e-01
2.822524649709579614e-01
3.067961575771282479e-01
3.313398501832984788e-01
3.558835427894687653e-01
3.804272353956389963e-01
4.049709280018092827e-01
4.295146206079795137e-01
4.540583132141498002e-01
4.786020058203200311e-01
5.031456984264902621e-01
5.276893910326605486e-01
5.522330836388308350e-01
5.767767762450011215e-01
6.013204688511712970e-01
6.258641614573415834e-01
6.504078540635118699e-01
6.749515466696821564e-01
6.994952392758523319e-01
7.240389318820226183e-01
7.485826244881929048e-01
7.731263170943631913e-01
7.976700097005333667e-01
8.222137023067036532e-01
8.467573949128739397e-01
8.713010875190442261e-01
8.958447801252144016e-01
9.203884727313846881e-01
9.449321653375549745e-01
9.694758579437252610e-01
9.940195505498954365e-01
1.018563243156065834e+00
1.043106935762236009e+00
1.067650628368406185e+00
1.092194320974576582e+00
1.116738013580746758e+00
1.141281706186916933e+00
1.165825398793087331e+00
1.190369091399257506e+00
1.214912784005427904e+00
1.239456476611598079e+00
1.264000169217768255e+00
1.288543861823938652e+00
1.313087554430108828e+00
1.337631247036279003e+00
1.362174939642449401e+00
1.386718632248619576e+00
1.411262324854789973e+00
1.435806017460960149e+00
1.460349710067130324e+00
1.484893402673300722e+00
1.509437095279470897e+00
1.533980787885641073e+00
1.558524480491811470e+00
