4.738835775074932456e-03
3.552828516501150939e-03
2.944367583954217698e-03
2.512524357541182779e-03
2.187294397455594262e-03
1.924319440500558845e-03
1.700429690101787393e-03
1.508364391537983127e-03
1.342918833632601771e-03
1.199009981991000246e-03
1.073531616268955319e-03
9.650703120797263744e-04
8.710742967285014723e-04
7.884167557388185388e-04
7.154174938078266448e-04
6.511263412599933810e-04
5.943697831609401523e-04
5.441726439188964955e-04
4.997702675188562095e-04
4.605402546408896513e-04
4.260919699320227976e-04
3.960934816414540729e-04
3.697920474190363889e-04
3.461476567183316704e-04
3.256089314941608480e-04
3.077903518937667900e-04
2.922152880341579600e-04
2.784626430655039956e-04
2.663532682784836188e-04
2.556942087583081611e-04
2.461480280289726590e-04
2.377129835460368545e-04
2.299620421657188110e-04
2.229465817184591995e-04
2.164529356555208695e-04
2.103204660203907938e-04
2.046768078519937864e-04
1.993946733041808102e-04
1.945224325860871011e-04
1.898755889648494593e-04
1.855200170250844121e-04
1.813098699272892161e-04
1.772993828835431058e-04
1.735091649046890472e-04
1.698129310582963852e-04
1.663316697880660511e-04
1.629049628023734831e-04
1.595803652231809219e-04
1.564696997680340817e-04
1.534146241691675149e-04
1.504882538316761910e-04
1.475910003738476850e-04
1.448024485490776825e-04
1.421103460572826897e-04
1.394655963266179890e-04
1.368441041626647738e-04
1.343183515010526539e-04
1.318307403556677124e-04
1.294063926272851633e-04
1.270496106669799920e-04
1.247396171365834400e-04
1.224469406857675211e-04
1.202250206903949083e-04
1.180478608662473907e-04
1.159015447717676411e-04
1.137928308673354067e-04
1.117344222370209527e-04
1.096984839456475184e-04
1.077004173659101182e-04
1.056992997825623051e-04
1.037360006584056056e-04
1.018552616821716251e-04
9.999885703422237203e-05
9.816054346819851268e-05
9.632861734655482060e-05
9.454760764863300449e-05
9.280420276628884078e-05
9.107324271294910448e-05
8.938008428434231071e-05
8.771601691825894713e-05
8.609799727506522158e-05
8.448228880737572834e-05
8.289514404804119367e-05
8.132915671890339157e-05
7.980442457799499182e-05
7.825769309650098854e-05
7.677918824812518192e-05
7.532875733297876705e-05
7.389513250278651705e-05
7.244650166803306025e-05
7.103982018130216951e-05
6.967992526359623152e-05
6.833324073982680708e-05
6.700759222973568787e-05
6.569665606099380948e-05
6.439435929395101650e-05
6.313975226856347500e-05
6.187531934066202715e-05
6.064571858568274437e-05
5.943066383981629312e-05
5.823395246684269727e-05
5.706473316098780661e-05
5.591100572439106124e-05
5.476534906459222838e-05
5.364788628775770573e-05
5.255724888935579906e-05
5.147557315267358070e-05
5.041666514460445395e-05
4.936461688286261922e-05
4.833682342552116752e-05
4.733059609221865844e-05
4.632048505540405618e-05
4.535350544979575794e-05
4.437402288395316105e-05
4.337538692921563438e-05
4.244982895718471462e-05
4.153595060446856936e-05
4.064992963010221011e-05
3.978377837826029944e-05
3.893229066018838132e-05
3.809241776579565161e-05
3.726209872341378570e-05
3.645252886421283573e-05
3.566129661337161678e-05
3.487994387199417018e-05
3.411760527540341878e-05
3.337464025558124141e-05
3.262734332712359850e-05
3.191001849711384538e-05
3.119794645221140954e-05
3.050972385083753114e-05
2.983303581268393798e-05
2.915249571102986658e-05
2.850268553448057781e-05
2.786808160742347066e-05
2.725112677536473927e-05
2.664616738412660792e-05
2.605034222015313139e-05
2.543936142640412996e-05
2.484919757394904157e-05
2.429363008774866890e-05
2.375162704088003800e-05
2.322410476470097995e-05
2.270427832593987927e-05
2.220369327466104788e-05
2.171354746623254840e-05
2.123770948472024827e-05
2.076993816432581115e-05
2.027152442873044215e-05
1.974758287082954293e-05
1.925042090242377838e-05
1.882141428927845909e-05
1.841043350458021962e-05
1.801424112710492371e-05
1.761587971596616684e-05
1.722927357842297439e-05
1.685044122575294495e-05
1.648869505446358478e-05
1.610292636666831042e-05
1.576661435810823106e-05
1.544043784862883184e-05
1.512759238959788333e-05
1.482577674464519931e-05
1.453044722254545303e-05
1.424462465741914995e-05
1.397164585478896872e-05
1.370585681193698919e-05
1.345014563336623166e-05
1.319842230923471797e-05
1.296045171951238434e-05
1.272063143957288907e-05
1.249682215754944671e-05
1.228968763325381488e-05
1.209068176071755468e-05
1.189171255684819531e-05
1.170777488700272492e-05
1.153370724383303183e-05
1.134617771442922478e-05
1.118325448248959350e-05
1.098998032401486120e-05
1.084379516448840182e-05
1.071087406269515946e-05
1.058225282725250600e-05
1.046419165013564185e-05
1.035416264359690837e-05
1.024648060692637730e-05
1.014942469791151152e-05
1.005380263879020109e-05
9.819607817482038672e-06
9.727292623884975839e-06
9.653708208563549359e-06
9.579075476921154985e-06
9.439695213662239914e-06
9.379049498186773403e-06
9.297529017275915942e-06
9.243991022496870130e-06
9.198904908122278252e-06
9.153979631491856211e-06
9.116142073849694641e-06
9.066301570501143124e-06
9.038420371287345797e-06
9.009509941431887963e-06
8.957443386563808461e-06
8.899843591084845756e-06
8.877700423024833404e-06
8.860366126655123292e-06
8.838518959541405683e-06
8.818716414249280511e-06
8.804974914355115844e-06
8.791241653492178664e-06
8.781328831164671013e-06
8.764679763886597523e-06
8.750868339596506825e-06
8.743083879565080089e-06
8.727488012592777382e-06
8.721301126900810960e-06
8.714123898207501266e-06
8.706834384281167942e-06
8.699528306839870724e-06
8.690873714639984452e-06
8.684453378130506282e-06
8.678995714625245580e-06
8.675605939327077584e-06
8.672715166873259788e-06
8.669289643049488711e-06
8.663022144723046562e-06
8.661044456546388841e-06
8.658419214733791000e-06
8.653649115274091399e-06
8.652255689402023681e-06
8.650994943112190176e-06
8.647272225049885719e-06
8.645705260287889660e-06
8.643368531000334998e-06
8.642004837958495796e-06
8.640821099659671710e-06
8.635478433989224962e-06
8.633537633856923796e-06
8.632524548909987445e-06
8.631135646275039396e-06
8.630211773012302529e-06
8.629406008946047396e-06
8.629101260719466412e-06
8.628813875410035005e-06
8.621277429720182261e-06
8.620446221388458136e-06
8.619810940968918785e-06
8.618869898431387572e-06
8.618303022889351015e-06
8.617035445425144869e-06
8.615959384535186983e-06
8.615410313616440253e-06
8.614795111821483715e-06
8.613919034653443600e-06
8.612844892331615669e-06
8.611839712565997078e-06
8.610966734325763833e-06
8.609950366112527790e-06
8.608986008350418519e-06
8.608383252990617154e-06
8.608083027448609143e-06
8.607284723351943365e-06
8.606777273643670872e-06
8.606137737080083212e-06
8.605779703881250966e-06
8.605350737151226019e-06
8.604814727077758396e-06
8.602445907978100055e-06
8.600619264771842547e-06
8.597157960581805334e-06
8.596434025569870690e-06
8.595754995551689758e-06
8.594220497214250150e-06
8.593500195998680580e-06
8.592357335489042116e-06
8.590278791969535490e-06
8.587766273376241146e-06
8.586450928986325557e-06
8.585665689572482640e-06
8.584497019194660050e-06
8.583417409019575566e-06
8.582682479520376890e-06
8.582591110400524548e-06
8.581741614785723756e-06
8.581470267427514207e-06
8.580635356849255973e-06
8.575309957342541281e-06
8.572568438789691310e-06
8.570183663793518513e-06
8.569780336920782750e-06
8.569500568847137359e-06
8.567187200408048859e-06
8.566614688055852701e-06
8.566187633983126328e-06
8.565069395302687648e-06
8.564853661603982223e-06
8.563050464751432680e-06
8.561705481267266416e-06
8.560130046058922514e-06
8.559367319656706639e-06
8.558392323318426238e-06
8.558148422075767051e-06
8.556693373607845407e-06
8.555234817196178166e-06
8.554689052596625560e-06
8.554322927086475541e-06
8.553566766525293918e-06
8.553490993388889951e-06
8.553417154884760109e-06
8.552688697688269593e-06
8.552272085227328088e-06
8.551946992869992217e-06
8.551470206766599455e-06
8.550850739799233053e-06
8.549670874874891517e-06
8.546973883960603012e-06
8.546461701019366690e-06
8.542748594986726736e-06
8.542246813153686098e-06
8.541746031609012137e-06
8.540818495564261477e-06
8.540149058571146331e-06
8.537354174778949908e-06
8.535198060134116855e-06
8.534270781501897900e-06
8.533469219422808307e-06
8.533009545969354331e-06
8.532867595193576197e-06
8.532728122862527514e-06
8.531652729991850946e-06
8.529926851022572953e-06
8.529362194158192611e-06
8.528314564235389654e-06
8.527221232498715433e-06
8.524878587024217351e-06
8.524007899792384078e-06
8.523679518677574525e-06
8.520899731814018989e-06
8.519012969102416466e-06
8.516475552134156410e-06
8.515560332318679987e-06
8.514219642435183970e-06
8.513220700505024117e-06
8.512294645994424052e-06
8.512147856909960881e-06
8.511951045222672431e-06
8.511698007480904903e-06
8.510093859436876633e-06
8.508644458086651749e-06
8.508250318736476419e-06
8.508105556265104527e-06
8.507601097156414517e-06
8.506615072438096921e-06
8.505861452193054571e-06
8.505533126740786448e-06
8.504941855948173321e-06
8.504530013750070526e-06
8.500026178201584338e-06
8.499750409623841799e-06
8.499117082214379377e-06
8.497652734473085516e-06
8.495465194018940472e-06
8.495447186904022036e-06
8.495301230991106705e-06
8.495041617689575944e-06
8.493473670775526920e-06
8.490770802172528594e-06
8.489633338266411785e-06
8.488007666611625921e-06
8.486829158357951780e-06
8.485470519180679543e-06
8.484736030500847080e-06
8.483044754536090817e-06
8.482388580374377511e-06
8.482302116721049216e-06
8.481946340263079134e-06
8.481435840780128575e-06
8.481254962074426568e-06
8.480991236166435793e-06
8.480205581279085024e-06
8.479958531703226808e-06
8.477327163554274314e-06
8.476530301309341284e-06
8.475066712480952002e-06
8.471873012723302694e-06
8.471649432086040843e-06
8.470770936519021862e-06
8.470271571011591148e-06
8.469715232923249578e-06
8.469743857228171770e-06
8.468049461230786645e-06
8.465342816532463085e-06
8.464601869624918174e-06
8.463155808172235172e-06
8.462238638040002646e-06
8.461994895188938587e-06
8.461194062035235977e-06
8.461021296220574294e-06
8.460677171639858466e-06
8.459700971581308446e-06
8.455527980139219225e-06
8.454244943648996183e-06
8.453195765369940376e-06
8.451474739581008115e-06
8.450318430095073892e-06
8.448923064449236978e-06
8.448004225605096432e-06
8.447221383700346693e-06
8.446273990488448129e-06
8.445779764789042066e-06
8.439925344352791660e-06
8.439604206588576790e-06
8.439517746353410990e-06
8.438604950226278435e-06
8.437625995340605363e-06
8.436169462087861229e-06
8.435809918565817544e-06
8.434910871612520507e-06
8.434330290305743584e-06
8.432774416916157946e-06
8.425950526201832477e-06
8.425049595727408423e-06
8.424698912473052936e-06
8.424177283093606911e-06
8.422661706182289594e-06
8.420834095696586797e-06
8.420471045449699949e-06
8.420003564530022895e-06
8.419282273531509338e-06
8.419401659958907790e-06
8.418001483856352109e-06
8.417640358881747491e-06
8.417368303106265344e-06
8.416946063436707906e-06
8.414036339882654107e-06
8.409299979147845502e-06
8.407136510367674165e-06
8.405686531598516233e-06
8.403800547581622251e-06
8.402958678048274188e-06
8.402732130634043455e-06
8.402096976479213580e-06
8.401923313860317968e-06
8.402291651238179206e-06
8.400481411412393120e-06
8.400089143938442574e-06
8.394271758012909288e-06
8.370101525950448941e-06
8.368815467557615890e-06
8.368047106815879667e-06
8.367448089366228230e-06
8.365317303430368928e-06
8.364335819347366651e-06
8.363916783113808278e-06
8.358406888463464123e-06
8.344598105023571993e-06
8.343645964683928616e-06
8.341436312438959462e-06
8.336203737750138537e-06
8.335964958432525985e-06
8.331096140399402004e-06
8.331087023170367752e-06
8.327592051696886796e-06
8.327575791662567448e-06
8.316293750976788113e-06
8.274966005338433499e-06
8.247896792258587785e-06
8.229603933001385454e-06
8.229376338938384464e-06
8.224917127280941977e-06
8.220087926737650405e-06
8.222384714674429304e-06
8.202673180656328513e-06
8.188954252772845919e-06
8.155439267119373324e-06
8.143377671773215543e-06
8.143177372322421285e-06
7.978780462632103647e-06
7.918401802191530922e-06
7.917831134744988657e-06
7.828605731241534442e-06
7.822498112798967210e-06
7.808375461017489844e-06
7.799647860446536510e-06
7.807619202478345333e-06
7.816431235239047249e-06
7.793711264887238013e-06
7.786657826668933716e-06
7.754472693185108021e-06
7.763896619747887764e-06
7.756663551997766925e-06
7.771450739636786000e-06
7.709812220824814567e-06
7.774391669549580183e-06
7.799979936637068648e-06
7.980389826867578590e-06
7.994218980233992294e-06
8.217674076236500586e-06
8.412058258094651155e-06
9.008692398732679675e-06
1.003077210705670324e-05
